date,runoff
1980-01-01,0.09000305352150023
1980-01-02,0.08182095774681838
1980-01-03,0.07363886197213657
1980-01-04,0.07363886197213657
1980-01-05,0.07772990985947746
1980-01-06,0.07363886197213657
1980-01-07,0.06136571831011379
1980-01-08,0.06136571831011379
1980-01-09,0.06545676619745472
1980-01-10,0.06954781408479563
1980-01-11,0.06954781408479563
1980-01-12,0.06954781408479563
1980-01-13,0.07363886197213657
1980-01-14,0.07772990985947746
1980-01-15,0.07772990985947746
1980-01-16,0.07772990985947746
1980-01-17,0.06954781408479563
1980-01-18,0.06954781408479563
1980-01-19,0.05727467042277287
1980-01-20,0.06136571831011379
1980-01-21,0.06136571831011379
1980-01-22,0.05727467042277287
1980-01-23,0.06136571831011379
1980-01-24,0.06545676619745472
1980-01-25,0.06136571831011379
1980-01-26,0.049092574648091025
1980-01-27,0.03681943098606828
1980-01-28,0.03354659267619554
1980-01-29,0.034773907042397814
1980-01-30,0.03681943098606828
1980-01-31,0.03681943098606828
1980-02-01,0.038455850141004645
1980-02-02,0.039683164507206915
1980-02-03,0.04091047887340919
1980-02-04,0.04091047887340919
1980-02-05,0.03927405971847282
1980-02-06,0.04091047887340919
1980-02-07,0.04091047887340919
1980-02-08,0.038455850141004645
1980-02-09,0.04091047887340919
1980-02-10,0.045001526760750116
1980-02-11,0.04091047887340919
1980-02-12,0.04091047887340919
1980-02-13,0.04091047887340919
1980-02-14,0.038455850141004645
1980-02-15,0.04091047887340919
1980-02-16,0.04091047887340919
1980-02-17,0.045001526760750116
1980-02-18,0.045001526760750116
1980-02-19,0.049092574648091025
1980-02-20,0.053183622535431956
1980-02-21,0.053183622535431956
1980-02-22,0.049092574648091025
1980-02-23,0.049092574648091025
1980-02-24,0.045001526760750116
1980-02-25,0.045001526760750116
1980-02-26,0.049092574648091025
1980-02-27,0.053183622535431956
1980-02-28,0.053183622535431956
1980-02-29,0.05727467042277287
1980-03-01,0.049092574648091025
1980-03-02,0.053183622535431956
1980-03-03,0.05727467042277287
1980-03-04,0.053183622535431956
1980-03-05,0.049092574648091025
1980-03-06,0.053183622535431956
1980-03-07,0.05727467042277287
1980-03-08,0.05727467042277287
1980-03-09,0.053183622535431956
1980-03-10,0.053183622535431956
1980-03-11,0.05727467042277287
1980-03-12,0.06545676619745472
1980-03-13,0.05727467042277287
1980-03-14,0.06136571831011379
1980-03-15,0.06954781408479563
1980-03-16,0.06545676619745472
1980-03-17,0.06545676619745472
1980-03-18,0.07363886197213657
1980-03-19,0.07363886197213657
1980-03-20,0.06545676619745472
1980-03-21,0.06954781408479563
1980-03-22,0.07772990985947746
1980-03-23,0.07363886197213657
1980-03-24,0.07363886197213657
1980-03-25,0.06136571831011379
1980-03-26,0.06136571831011379
1980-03-27,0.06545676619745472
1980-03-28,0.06954781408479563
1980-03-29,0.06954781408479563
1980-03-30,0.07772990985947746
1980-03-31,0.07363886197213657
1980-04-01,0.06545676619745472
1980-04-02,0.06545676619745472
1980-04-03,0.06545676619745472
1980-04-04,0.06954781408479563
1980-04-05,0.07363886197213657
1980-04-06,0.08591200563415932
1980-04-07,0.08182095774681838
1980-04-08,0.07363886197213657
1980-04-09,0.07772990985947746
1980-04-10,0.08591200563415932
1980-04-11,0.08182095774681838
1980-04-12,0.07363886197213657
1980-04-13,0.07363886197213657
1980-04-14,0.08591200563415932
1980-04-15,0.10227619718352299
1980-04-16,0.09409410140884114
1980-04-17,0.09000305352150023
1980-04-18,0.09409410140884114
1980-04-19,0.09409410140884114
1980-04-20,0.09818514929618205
1980-04-21,0.12273143662022758
1980-04-22,0.20455239436704598
1980-04-23,0.22091658591640964
1980-04-24,0.2863733521138644
1980-04-25,0.2700091605645007
1980-04-26,0.2618270647898189
1980-04-27,0.2618270647898189
1980-04-28,0.5318362253543195
1980-04-29,0.9818514929618206
1980-04-30,1.8818820281768232
1980-05-01,2.7819125633918254
1980-05-02,2.4546287324045517
1980-05-03,2.0455239436704593
1980-05-04,1.8000610704300046
1980-05-05,2.2091658591640964
1980-05-06,2.7819125633918254
1980-05-07,3.2728383098727356
1980-05-08,4.459242197201602
1980-05-09,4.500152676075012
1980-05-10,4.172868845087738
1980-05-11,2.4955392112779613
1980-05-12,1.840971549303414
1980-05-13,1.7182401126831863
1980-05-14,1.3091353239490942
1980-05-15,1.1454934084554576
1980-05-16,1.2273143662022759
1980-05-17,1.3909562816959127
1980-05-18,1.840971549303414
1980-05-19,2.0455239436704593
1980-05-20,3.7637640563536463
1980-05-21,12.436785577516396
1980-05-22,20.4552394367046
1980-05-23,19.88249273247687
1980-05-24,12.068591267655712
1980-05-25,6.218392788758198
1980-05-26,4.58197363382183
1980-05-27,4.377421239454784
1980-05-28,4.909257464809103
1980-05-29,4.622884112695239
1980-05-30,3.886495492973874
1980-05-31,3.4364802253663727
1980-06-01,3.6001221408600093
1980-06-02,4.091047887340919
1980-06-03,5.482004169036832
1980-06-04,8.836663436656385
1980-06-05,9.327589183137297
1980-06-06,6.09566135213797
1980-06-07,5.154720338049559
1980-06-08,5.563825126783651
1980-06-09,8.550290084542521
1980-06-10,11.823128394415258
1980-06-11,14.645951436680493
1980-06-12,12.927711323997308
1980-06-13,9.082126309896841
1980-06-14,8.10027481693502
1980-06-15,7.404796676087065
1980-06-16,4.745615549315467
1980-06-17,4.909257464809103
1980-06-18,5.768377521150697
1980-06-19,5.482004169036832
1980-06-20,4.909257464809103
1980-06-21,5.11380985917615
1980-06-22,4.091047887340919
1980-06-23,2.8637335211386437
1980-06-24,2.9864649577588716
1980-06-25,3.06828591550569
1980-06-26,2.9046440000120533
1980-06-27,2.659181126771598
1980-06-28,2.168255380290687
1980-06-29,1.840971549303414
1980-06-30,1.9227925070502323
1980-07-01,2.53644969015137
1980-07-02,2.3318972957843243
1980-07-03,2.00461346479705
1980-07-04,1.8000610704300046
1980-07-05,1.5545981971895495
1980-07-06,1.3909562816959127
1980-07-07,1.1864038873288667
1980-07-08,1.1454934084554576
1980-07-09,1.1864038873288667
1980-07-10,1.063672450708639
1980-07-11,0.9818514929618206
1980-07-12,0.9000305352150023
1980-07-13,0.8591200563415932
1980-07-14,0.8182095774681839
1980-07-15,0.9000305352150023
1980-07-16,0.7772990985947748
1980-07-17,0.7363886197213655
1980-07-18,0.7363886197213655
1980-07-19,0.6954781408479563
1980-07-20,0.6545676619745471
1980-07-21,0.6545676619745471
1980-07-22,0.6136571831011379
1980-07-23,0.5727467042277288
1980-07-24,0.5727467042277288
1980-07-25,0.6136571831011379
1980-07-26,0.5727467042277288
1980-07-27,0.5318362253543195
1980-07-28,0.4909257464809103
1980-07-29,0.45001526760750116
1980-07-30,0.45001526760750116
1980-07-31,0.45001526760750116
1980-08-01,0.40092269295941024
1980-08-02,0.40092269295941024
1980-08-03,0.3804674535227055
1980-08-04,0.3927405971847282
1980-08-05,0.3600122140860009
1980-08-06,0.33546592676195536
1980-08-07,0.3150106873252508
1980-08-08,0.3150106873252508
1980-08-09,0.3150106873252508
1980-08-10,0.30682859155056896
1980-08-11,0.2986464957758871
1980-08-12,0.29046440000120527
1980-08-13,0.28228230422652345
1980-08-14,0.27410020845184163
1980-08-15,0.33546592676195536
1980-08-16,0.7363886197213655
1980-08-17,0.5727467042277288
1980-08-18,0.45001526760750116
1980-08-19,0.3927405971847282
1980-08-20,0.40910478873409195
1980-08-21,0.40910478873409195
1980-08-22,0.3722853577480236
1980-08-23,0.35183011831131905
1980-08-24,0.3436480225366373
1980-08-25,0.3231927830999327
1980-08-26,0.3231927830999327
1980-08-27,0.3231927830999327
1980-08-28,0.3436480225366373
1980-08-29,0.3150106873252508
1980-08-30,0.30682859155056896
1980-08-31,0.3436480225366373
1980-09-01,0.35183011831131905
1980-09-02,0.3436480225366373
1980-09-03,0.35183011831131905
1980-09-04,0.35183011831131905
1980-09-05,0.3231927830999327
1980-09-06,0.3150106873252508
1980-09-07,0.30682859155056896
1980-09-08,0.30682859155056896
1980-09-09,0.30682859155056896
1980-09-10,0.2986464957758871
1980-09-11,0.2986464957758871
1980-09-12,0.3722853577480236
1980-09-13,0.35183011831131905
1980-09-14,0.3231927830999327
1980-09-15,0.3150106873252508
1980-09-16,0.4909257464809103
1980-09-17,0.5727467042277288
1980-09-18,0.7363886197213655
1980-09-19,1.5955086760629587
1980-09-20,1.3500458028225035
1980-09-21,1.1454934084554576
1980-09-22,1.1045829295820482
1980-09-23,1.063672450708639
1980-09-24,1.0227619718352297
1980-09-25,1.063672450708639
1980-09-26,1.063672450708639
1980-09-27,1.063672450708639
1980-09-28,1.0227619718352297
1980-09-29,1.0227619718352297
1980-09-30,0.9818514929618206
1980-10-01,0.9000305352150023
1980-10-02,0.8591200563415932
1980-10-03,0.8591200563415932
1980-10-04,0.8182095774681839
1980-10-05,0.7772990985947748
1980-10-06,0.7363886197213655
1980-10-07,0.7363886197213655
1980-10-08,0.6954781408479563
1980-10-09,0.6954781408479563
1980-10-10,0.6136571831011379
1980-10-11,0.6136571831011379
1980-10-12,0.6136571831011379
1980-10-13,0.6136571831011379
1980-10-14,0.5727467042277288
1980-10-15,0.5727467042277288
1980-10-16,0.5318362253543195
1980-10-17,0.6136571831011379
1980-10-18,0.5727467042277288
1980-10-19,0.5727467042277288
1980-10-20,0.5727467042277288
1980-10-21,0.6136571831011379
1980-10-22,0.5318362253543195
1980-10-23,0.45001526760750116
1980-10-24,0.4909257464809103
1980-10-25,0.4909257464809103
1980-10-26,0.4909257464809103
1980-10-27,0.45001526760750116
1980-10-28,0.45001526760750116
1980-10-29,0.45001526760750116
1980-10-30,0.40910478873409195
1980-10-31,0.40910478873409195
1980-11-01,0.40092269295941024
1980-11-02,0.3886495492973874
1980-11-03,0.37637640563536456
1980-11-04,0.3722853577480236
1980-11-05,0.3722853577480236
1980-11-06,0.3722853577480236
1980-11-07,0.36410326197334186
1980-11-08,0.34773907042397817
1980-11-09,0.3600122140860009
1980-11-10,0.3436480225366373
1980-11-11,0.3395569746492963
1980-11-12,0.3313748788746144
1980-11-13,0.3191017352125917
1980-11-14,0.2863733521138644
1980-11-15,0.2863733521138644
1980-11-16,0.2863733521138644
1980-11-17,0.2863733521138644
1980-11-18,0.2863733521138644
1980-11-19,0.2863733521138644
1980-11-20,0.2863733521138644
1980-11-21,0.2863733521138644
1980-11-22,0.2863733521138644
1980-11-23,0.26591811267715976
1980-11-24,0.24546287324045515
1980-11-25,0.23318972957843243
1980-11-26,0.2290986816910915
1980-11-27,0.2290986816910915
1980-11-28,0.22500763380375058
1980-11-29,0.22500763380375058
1980-11-30,0.22091658591640964
1980-12-01,0.20864344225438688
1980-12-02,0.19227925070502322
1980-12-03,0.18409715493034137
1980-12-04,0.18409715493034137
1980-12-05,0.18409715493034137
1980-12-06,0.17591505915565953
1980-12-07,0.16364191549363677
1980-12-08,0.15545981971895492
1980-12-09,0.14727772394427313
1980-12-10,0.1431866760569322
1980-12-11,0.1431866760569322
1980-12-12,0.1431866760569322
1980-12-13,0.13909562816959126
1980-12-14,0.13500458028225035
1980-12-15,0.13091353239490944
1980-12-16,0.13091353239490944
1980-12-17,0.1268224845075685
1980-12-18,0.1268224845075685
1980-12-19,0.12273143662022758
1980-12-20,0.11454934084554574
1980-12-21,0.11454934084554574
1980-12-22,0.11454934084554574
1980-12-23,0.11454934084554574
1980-12-24,0.11454934084554574
1980-12-25,0.11045829295820482
1980-12-26,0.10636724507086391
1980-12-27,0.10636724507086391
1980-12-28,0.10636724507086391
1980-12-29,0.10636724507086391
1980-12-30,0.10636724507086391
1980-12-31,0.10227619718352299
1981-01-01,0.10227619718352299
1981-01-02,0.09818514929618205
1981-01-03,0.09818514929618205
1981-01-04,0.09818514929618205
1981-01-05,0.09409410140884114
1981-01-06,0.09409410140884114
1981-01-07,0.09409410140884114
1981-01-08,0.09409410140884114
1981-01-09,0.09409410140884114
1981-01-10,0.09000305352150023
1981-01-11,0.09000305352150023
1981-01-12,0.09000305352150023
1981-01-13,0.09000305352150023
1981-01-14,0.09000305352150023
1981-01-15,0.09000305352150023
1981-01-16,0.09000305352150023
1981-01-17,0.08591200563415932
1981-01-18,0.07772990985947746
1981-01-19,0.07772990985947746
1981-01-20,0.08182095774681838
1981-01-21,0.08182095774681838
1981-01-22,0.08182095774681838
1981-01-23,0.08182095774681838
1981-01-24,0.08182095774681838
1981-01-25,0.08182095774681838
1981-01-26,0.08182095774681838
1981-01-27,0.08182095774681838
1981-01-28,0.08182095774681838
1981-01-29,0.08182095774681838
1981-01-30,0.08182095774681838
1981-01-31,0.08182095774681838
1981-02-01,0.08182095774681838
1981-02-02,0.07772990985947746
1981-02-03,0.07772990985947746
1981-02-04,0.07363886197213657
1981-02-05,0.07363886197213657
1981-02-06,0.06954781408479563
1981-02-07,0.06954781408479563
1981-02-08,0.06545676619745472
1981-02-09,0.06136571831011379
1981-02-10,0.05727467042277287
1981-02-11,0.053183622535431956
1981-02-12,0.053183622535431956
1981-02-13,0.053183622535431956
1981-02-14,0.05727467042277287
1981-02-15,0.06136571831011379
1981-02-16,0.06136571831011379
1981-02-17,0.06136571831011379
1981-02-18,0.06136571831011379
1981-02-19,0.06545676619745472
1981-02-20,0.06545676619745472
1981-02-21,0.06545676619745472
1981-02-22,0.06545676619745472
1981-02-23,0.06545676619745472
1981-02-24,0.06954781408479563
1981-02-25,0.06954781408479563
1981-02-26,0.06954781408479563
1981-02-27,0.06954781408479563
1981-02-28,0.06954781408479563
1981-03-01,0.06545676619745472
1981-03-02,0.06545676619745472
1981-03-03,0.06545676619745472
1981-03-04,0.06545676619745472
1981-03-05,0.06545676619745472
1981-03-06,0.06545676619745472
1981-03-07,0.06545676619745472
1981-03-08,0.06545676619745472
1981-03-09,0.06136571831011379
1981-03-10,0.06136571831011379
1981-03-11,0.06136571831011379
1981-03-12,0.06136571831011379
1981-03-13,0.06136571831011379
1981-03-14,0.06545676619745472
1981-03-15,0.06545676619745472
1981-03-16,0.06545676619745472
1981-03-17,0.06545676619745472
1981-03-18,0.06136571831011379
1981-03-19,0.05727467042277287
1981-03-20,0.053183622535431956
1981-03-21,0.053183622535431956
1981-03-22,0.053183622535431956
1981-03-23,0.053183622535431956
1981-03-24,0.053183622535431956
1981-03-25,0.053183622535431956
1981-03-26,0.05727467042277287
1981-03-27,0.05727467042277287
1981-03-28,0.05727467042277287
1981-03-29,0.05727467042277287
1981-03-30,0.053183622535431956
1981-03-31,0.053183622535431956
1981-04-01,0.053183622535431956
1981-04-02,0.053183622535431956
1981-04-03,0.053183622535431956
1981-04-04,0.049092574648091025
1981-04-05,0.045001526760750116
1981-04-06,0.045001526760750116
1981-04-07,0.045001526760750116
1981-04-08,0.04091047887340919
1981-04-09,0.045001526760750116
1981-04-10,0.045001526760750116
1981-04-11,0.049092574648091025
1981-04-12,0.049092574648091025
1981-04-13,0.049092574648091025
1981-04-14,0.049092574648091025
1981-04-15,0.053183622535431956
1981-04-16,0.06545676619745472
1981-04-17,0.07363886197213657
1981-04-18,0.10227619718352299
1981-04-19,0.16364191549363677
1981-04-20,0.20455239436704598
1981-04-21,0.18409715493034137
1981-04-22,0.16364191549363677
1981-04-23,0.15545981971895492
1981-04-24,0.20455239436704598
1981-04-25,0.40910478873409195
1981-04-26,0.8182095774681839
1981-04-27,2.0455239436704593
1981-04-28,1.8000610704300046
1981-04-29,1.4318667605693218
1981-04-30,1.840971549303414
1981-05-01,2.4546287324045517
1981-05-02,3.06828591550569
1981-05-03,2.168255380290687
1981-05-04,1.6364191549363678
1981-05-05,1.3091353239490942
1981-05-06,1.472777239442731
1981-05-07,1.1454934084554576
1981-05-08,0.9000305352150023
1981-05-09,0.7363886197213655
1981-05-10,0.7772990985947748
1981-05-11,0.6545676619745471
1981-05-12,0.5727467042277288
1981-05-13,0.5318362253543195
1981-05-14,0.5318362253543195
1981-05-15,0.8591200563415932
1981-05-16,1.7182401126831863
1981-05-17,2.086434422543869
1981-05-18,2.5773601690247796
1981-05-19,3.518301183113191
1981-05-20,6.013840394391152
1981-05-21,4.091047887340919
1981-05-22,2.4955392112779613
1981-05-23,2.822823042265235
1981-05-24,3.886495492973874
1981-05-25,6.872960450732745
1981-05-26,11.454934084554575
1981-05-27,22.541673859248466
1981-05-28,14.891414309920949
1981-05-29,12.927711323997308
1981-05-30,13.25499515498458
1981-05-31,13.336816112731398
1981-06-01,9.286678704263887
1981-06-02,8.345737690175476
1981-06-03,10.432172112719345
1981-06-04,10.391261633845936
1981-06-05,12.76406940850367
1981-06-06,16.24146011274345
1981-06-07,14.31866760569322
1981-06-08,17.67332687331277
1981-06-09,15.955086760629584
1981-06-10,6.09566135213797
1981-06-11,5.318362253543196
1981-06-12,8.386648169048884
1981-06-13,9.532141577504342
1981-06-14,5.03198890142933
1981-06-15,3.4364802253663727
1981-06-16,3.231927830999327
1981-06-17,3.5592116619866006
1981-06-18,2.53644969015137
1981-06-19,2.741002084518416
1981-06-20,5.563825126783651
1981-06-21,4.500152676075012
1981-06-22,4.500152676075012
1981-06-23,5.154720338049559
1981-06-24,4.622884112695239
1981-06-25,3.5592116619866006
1981-06-26,3.518301183113191
1981-06-27,3.6001221408600093
1981-06-28,2.9046440000120533
1981-06-29,2.290986816910915
1981-06-30,1.9227925070502323
1981-07-01,1.7182401126831863
1981-07-02,1.6773296338097772
1981-07-03,1.5955086760629587
1981-07-04,1.472777239442731
1981-07-05,1.3909562816959127
1981-07-06,1.1864038873288667
1981-07-07,1.1454934084554576
1981-07-08,1.1045829295820482
1981-07-09,0.9818514929618206
1981-07-10,0.9000305352150023
1981-07-11,0.8182095774681839
1981-07-12,0.8591200563415932
1981-07-13,1.472777239442731
1981-07-14,1.063672450708639
1981-07-15,0.9409410140884116
1981-07-16,0.8182095774681839
1981-07-17,0.7363886197213655
1981-07-18,0.7772990985947748
1981-07-19,0.7363886197213655
1981-07-20,0.6954781408479563
1981-07-21,0.6136571831011379
1981-07-22,0.5727467042277288
1981-07-23,0.5318362253543195
1981-07-24,0.5318362253543195
1981-07-25,0.6954781408479563
1981-07-26,0.8182095774681839
1981-07-27,0.8182095774681839
1981-07-28,0.6954781408479563
1981-07-29,0.6136571831011379
1981-07-30,0.5727467042277288
1981-07-31,0.4909257464809103
1981-08-01,0.4909257464809103
1981-08-02,0.45001526760750116
1981-08-03,0.40910478873409195
1981-08-04,0.3968316450720692
1981-08-05,0.3804674535227055
1981-08-06,0.38455850141004644
1981-08-07,0.3886495492973874
1981-08-08,0.3804674535227055
1981-08-09,0.3804674535227055
1981-08-10,0.37637640563536456
1981-08-11,0.35592116619866
1981-08-12,0.33546592676195536
1981-08-13,0.3231927830999327
1981-08-14,0.31091963943790984
1981-08-15,0.30682859155056896
1981-08-16,0.3150106873252508
1981-08-17,0.3231927830999327
1981-08-18,0.3150106873252508
1981-08-19,0.3027375436632281
1981-08-20,0.2863733521138644
1981-08-21,0.3191017352125917
1981-08-22,0.30682859155056896
1981-08-23,0.28228230422652345
1981-08-24,0.27410020845184163
1981-08-25,0.2700091605645007
1981-08-26,0.25773601690247794
1981-08-27,0.2495539211277961
1981-08-28,0.24546287324045515
1981-08-29,0.2372807774657733
1981-08-30,0.23318972957843243
1981-08-31,0.22091658591640964
1981-09-01,0.22091658591640964
1981-09-02,0.20864344225438688
1981-09-03,0.20455239436704598
1981-09-04,0.20046134647970512
1981-09-05,0.20046134647970512
1981-09-06,0.3313748788746144
1981-09-07,0.28228230422652345
1981-09-08,0.25773601690247794
1981-09-09,0.24137182535311424
1981-09-10,0.22091658591640964
1981-09-11,0.22091658591640964
1981-09-12,0.21273449014172782
1981-09-13,0.20864344225438688
1981-09-14,0.20455239436704598
1981-09-15,0.20455239436704598
1981-09-16,0.20455239436704598
1981-09-17,0.20046134647970512
1981-09-18,0.1963702985923641
1981-09-19,0.19227925070502322
1981-09-20,0.18818820281768228
1981-09-21,0.18409715493034137
1981-09-22,0.18409715493034137
1981-09-23,0.18000610704300046
1981-09-24,0.18000610704300046
1981-09-25,0.19227925070502322
1981-09-26,0.23318972957843243
1981-09-27,0.22091658591640964
1981-09-28,0.21273449014172782
1981-09-29,0.20046134647970512
1981-09-30,0.22500763380375058
1981-10-01,0.2290986816910915
1981-10-02,0.24546287324045515
1981-10-03,0.24546287324045515
1981-10-04,0.2495539211277961
1981-10-05,0.26591811267715976
1981-10-06,0.25773601690247794
1981-10-07,0.2781912563391825
1981-10-08,0.2986464957758871
1981-10-09,0.31091963943790984
1981-10-10,0.29455544788854626
1981-10-11,0.45001526760750116
1981-10-12,0.45001526760750116
1981-10-13,0.38455850141004644
1981-10-14,0.3436480225366373
1981-10-15,0.3600122140860009
1981-10-16,0.35592116619866
1981-10-17,0.2986464957758871
1981-10-18,0.2781912563391825
1981-10-19,0.24546287324045515
1981-10-20,0.2290986816910915
1981-10-21,0.21273449014172782
1981-10-22,0.20455239436704598
1981-10-23,0.20455239436704598
1981-10-24,0.20455239436704598
1981-10-25,0.21273449014172782
1981-10-26,0.21273449014172782
1981-10-27,0.20455239436704598
1981-10-28,0.1963702985923641
1981-10-29,0.1963702985923641
1981-10-30,0.20046134647970512
1981-10-31,0.19227925070502322
1981-11-01,0.1963702985923641
1981-11-02,0.1963702985923641
1981-11-03,0.19227925070502322
1981-11-04,0.18818820281768228
1981-11-05,0.18409715493034137
1981-11-06,0.18818820281768228
1981-11-07,0.18818820281768228
1981-11-08,0.18000610704300046
1981-11-09,0.18409715493034137
1981-11-10,0.17591505915565953
1981-11-11,0.17182401126831864
1981-11-12,0.16364191549363677
1981-11-13,0.16773296338097768
1981-11-14,0.16773296338097768
1981-11-15,0.16773296338097768
1981-11-16,0.16773296338097768
1981-11-17,0.16773296338097768
1981-11-18,0.16773296338097768
1981-11-19,0.17182401126831864
1981-11-20,0.17591505915565953
1981-11-21,0.18409715493034137
1981-11-22,0.18818820281768228
1981-11-23,0.18818820281768228
1981-11-24,0.18409715493034137
1981-11-25,0.16773296338097768
1981-11-26,0.15955086760629586
1981-11-27,0.15136877183161404
1981-11-28,0.13909562816959126
1981-11-29,0.13500458028225035
1981-11-30,0.13500458028225035
1981-12-01,0.13500458028225035
1981-12-02,0.13500458028225035
1981-12-03,0.13091353239490944
1981-12-04,0.13091353239490944
1981-12-05,0.1268224845075685
1981-12-06,0.1268224845075685
1981-12-07,0.12273143662022758
1981-12-08,0.12273143662022758
1981-12-09,0.12273143662022758
1981-12-10,0.11454934084554574
1981-12-11,0.11454934084554574
1981-12-12,0.11454934084554574
1981-12-13,0.11454934084554574
1981-12-14,0.11454934084554574
1981-12-15,0.11045829295820482
1981-12-16,0.11045829295820482
1981-12-17,0.11045829295820482
1981-12-18,0.11045829295820482
1981-12-19,0.11045829295820482
1981-12-20,0.11045829295820482
1981-12-21,0.11045829295820482
1981-12-22,0.10636724507086391
1981-12-23,0.10227619718352299
1981-12-24,0.10227619718352299
1981-12-25,0.10227619718352299
1981-12-26,0.10227619718352299
1981-12-27,0.10227619718352299
1981-12-28,0.09818514929618205
1981-12-29,0.09818514929618205
1981-12-30,0.09818514929618205
1981-12-31,0.09409410140884114
1982-01-01,0.09409410140884114
1982-01-02,0.09409410140884114
1982-01-03,0.09409410140884114
1982-01-04,0.09000305352150023
1982-01-05,0.09000305352150023
1982-01-06,0.09000305352150023
1982-01-07,0.09000305352150023
1982-01-08,0.09000305352150023
1982-01-09,0.09000305352150023
1982-01-10,0.09000305352150023
1982-01-11,0.09000305352150023
1982-01-12,0.09000305352150023
1982-01-13,0.09000305352150023
1982-01-14,0.09000305352150023
1982-01-15,0.08591200563415932
1982-01-16,0.08591200563415932
1982-01-17,0.08591200563415932
1982-01-18,0.08591200563415932
1982-01-19,0.08591200563415932
1982-01-20,0.08591200563415932
1982-01-21,0.08591200563415932
1982-01-22,0.08591200563415932
1982-01-23,0.09000305352150023
1982-01-24,0.09000305352150023
1982-01-25,0.09000305352150023
1982-01-26,0.09000305352150023
1982-01-27,0.08591200563415932
1982-01-28,0.08591200563415932
1982-01-29,0.08591200563415932
1982-01-30,0.08591200563415932
1982-01-31,0.08591200563415932
1982-02-01,0.08182095774681838
1982-02-02,0.07363886197213657
1982-02-03,0.06954781408479563
1982-02-04,0.06136571831011379
1982-02-05,0.06136571831011379
1982-02-06,0.05727467042277287
1982-02-07,0.053183622535431956
1982-02-08,0.05727467042277287
1982-02-09,0.05727467042277287
1982-02-10,0.05727467042277287
1982-02-11,0.05727467042277287
1982-02-12,0.05727467042277287
1982-02-13,0.05727467042277287
1982-02-14,0.05727467042277287
1982-02-15,0.06136571831011379
1982-02-16,0.06136571831011379
1982-02-17,0.06136571831011379
1982-02-18,0.06136571831011379
1982-02-19,0.06136571831011379
1982-02-20,0.06136571831011379
1982-02-21,0.06136571831011379
1982-02-22,0.06136571831011379
1982-02-23,0.06136571831011379
1982-02-24,0.06136571831011379
1982-02-25,0.06136571831011379
1982-02-26,0.06136571831011379
1982-02-27,0.06136571831011379
1982-02-28,0.06136571831011379
1982-03-01,0.06136571831011379
1982-03-02,0.06136571831011379
1982-03-03,0.06136571831011379
1982-03-04,0.05727467042277287
1982-03-05,0.05727467042277287
1982-03-06,0.05727467042277287
1982-03-07,0.05727467042277287
1982-03-08,0.05727467042277287
1982-03-09,0.05727467042277287
1982-03-10,0.05727467042277287
1982-03-11,0.05727467042277287
1982-03-12,0.05727467042277287
1982-03-13,0.06136571831011379
1982-03-14,0.06136571831011379
1982-03-15,0.06136571831011379
1982-03-16,0.06136571831011379
1982-03-17,0.06136571831011379
1982-03-18,0.06136571831011379
1982-03-19,0.06136571831011379
1982-03-20,0.06136571831011379
1982-03-21,0.06136571831011379
1982-03-22,0.06136571831011379
1982-03-23,0.06136571831011379
1982-03-24,0.06136571831011379
1982-03-25,0.06136571831011379
1982-03-26,0.06136571831011379
1982-03-27,0.06136571831011379
1982-03-28,0.06545676619745472
1982-03-29,0.06545676619745472
1982-03-30,0.06545676619745472
1982-03-31,0.06545676619745472
1982-04-01,0.06954781408479563
1982-04-02,0.07363886197213657
1982-04-03,0.07363886197213657
1982-04-04,0.07363886197213657
1982-04-05,0.07363886197213657
1982-04-06,0.07363886197213657
1982-04-07,0.07363886197213657
1982-04-08,0.07772990985947746
1982-04-09,0.07772990985947746
1982-04-10,0.07772990985947746
1982-04-11,0.07772990985947746
1982-04-12,0.08182095774681838
1982-04-13,0.08591200563415932
1982-04-14,0.09409410140884114
1982-04-15,0.09818514929618205
1982-04-16,0.09818514929618205
1982-04-17,0.10227619718352299
1982-04-18,0.10227619718352299
1982-04-19,0.10227619718352299
1982-04-20,0.10227619718352299
1982-04-21,0.10227619718352299
1982-04-22,0.10636724507086391
1982-04-23,0.10636724507086391
1982-04-24,0.11045829295820482
1982-04-25,0.11454934084554574
1982-04-26,0.11864038873288665
1982-04-27,0.1268224845075685
1982-04-28,0.13500458028225035
1982-04-29,0.13909562816959126
1982-04-30,0.15545981971895492
1982-05-01,0.18409715493034137
1982-05-02,0.32728383098727354
1982-05-03,0.6136571831011379
1982-05-04,1.6364191549363678
1982-05-05,1.840971549303414
1982-05-06,1.2273143662022759
1982-05-07,1.0227619718352297
1982-05-08,0.9409410140884116
1982-05-09,0.8182095774681839
1982-05-10,0.8182095774681839
1982-05-11,0.7772990985947748
1982-05-12,0.6545676619745471
1982-05-13,0.6545676619745471
1982-05-14,0.6545676619745471
1982-05-15,0.5727467042277288
1982-05-16,0.4909257464809103
1982-05-17,0.6545676619745471
1982-05-18,1.1045829295820482
1982-05-19,1.5545981971895495
1982-05-20,1.6364191549363678
1982-05-21,1.6773296338097772
1982-05-22,2.6182706478981883
1982-05-23,3.641032619733419
1982-05-24,3.3955697464929635
1982-05-25,3.8455850141004646
1982-05-26,4.950167943682513
1982-05-27,9.04121583102343
1982-05-28,13.336816112731398
1982-05-29,7.691170028200929
1982-05-30,4.786526028188876
1982-05-31,3.8455850141004646
1982-06-01,4.091047887340919
1982-06-02,4.58197363382183
1982-06-03,5.03198890142933
1982-06-04,6.177482309884788
1982-06-05,4.58197363382183
1982-06-06,3.06828591550569
1982-06-07,2.53644969015137
1982-06-08,2.168255380290687
1982-06-09,2.086434422543869
1982-06-10,2.00461346479705
1982-06-11,2.4955392112779613
1982-06-12,4.05013740846751
1982-06-13,8.754842478909568
1982-06-14,14.80959335217413
1982-06-15,13.664099943718671
1982-06-16,12.723158929630259
1982-06-17,12.150412225402532
1982-06-18,6.62749757749229
1982-06-19,8.836663436656385
1982-06-20,12.927711323997308
1982-06-21,14.523220000060265
1982-06-22,18.28698405641391
1982-06-23,20.005224169097097
1982-06-24,18.36880501416073
1982-06-25,15.423250535275267
1982-06-26,17.591505915565953
1982-06-27,14.523220000060265
1982-06-28,13.418637070478217
1982-06-29,12.64133797188344
1982-06-30,8.918484394403205
1982-07-01,9.532141577504342
1982-07-02,7.0775128450997915
1982-07-03,5.11380985917615
1982-07-04,4.868346985935694
1982-07-05,4.418331718328193
1982-07-06,2.9864649577588716
1982-07-07,2.4955392112779613
1982-07-08,2.413718253531142
1982-07-09,2.8637335211386437
1982-07-10,2.7819125633918254
1982-07-11,2.413718253531142
1982-07-12,2.290986816910915
1982-07-13,2.2091658591640964
1982-07-14,2.8637335211386437
1982-07-15,3.313748788746145
1982-07-16,3.2728383098727356
1982-07-17,2.7819125633918254
1982-07-18,2.3728077746577334
1982-07-19,2.127344901417278
1982-07-20,2.00461346479705
1982-07-21,1.8818820281768232
1982-07-22,1.8000610704300046
1982-07-23,1.7182401126831863
1982-07-24,2.0455239436704593
1982-07-25,2.086434422543869
1982-07-26,1.8818820281768232
1982-07-27,1.6773296338097772
1982-07-28,1.7182401126831863
1982-07-29,1.7591505915565955
1982-07-30,1.6773296338097772
1982-07-31,1.4318667605693218
1982-08-01,1.268224845075685
1982-08-02,0.9818514929618206
1982-08-03,0.9409410140884116
1982-08-04,0.8591200563415932
1982-08-05,0.8182095774681839
1982-08-06,0.7772990985947748
1982-08-07,0.7363886197213655
1982-08-08,0.7363886197213655
1982-08-09,0.7772990985947748
1982-08-10,0.8182095774681839
1982-08-11,0.7772990985947748
1982-08-12,0.7363886197213655
1982-08-13,0.7363886197213655
1982-08-14,0.6136571831011379
1982-08-15,0.4909257464809103
1982-08-16,0.4909257464809103
1982-08-17,0.45001526760750116
1982-08-18,0.45001526760750116
1982-08-19,0.45001526760750116
1982-08-20,0.40910478873409195
1982-08-21,0.40501374084675107
1982-08-22,0.3968316450720692
1982-08-23,0.45001526760750116
1982-08-24,0.40910478873409195
1982-08-25,0.3886495492973874
1982-08-26,0.36819430986068274
1982-08-27,0.35183011831131905
1982-08-28,0.34773907042397817
1982-08-29,0.3436480225366373
1982-08-30,0.3395569746492963
1982-08-31,0.3313748788746144
1982-09-01,0.31091963943790984
1982-09-02,0.2986464957758871
1982-09-03,0.29046440000120527
1982-09-04,0.2781912563391825
1982-09-05,0.2700091605645007
1982-09-06,0.2618270647898189
1982-09-07,0.253644969015137
1982-09-08,0.2495539211277961
1982-09-09,0.24137182535311424
1982-09-10,0.253644969015137
1982-09-11,0.45001526760750116
1982-09-12,0.36819430986068274
1982-09-13,0.35592116619866
1982-09-14,0.31091963943790984
1982-09-15,0.3968316450720692
1982-09-16,0.45001526760750116
1982-09-17,0.4909257464809103
1982-09-18,0.45001526760750116
1982-09-19,0.40910478873409195
1982-09-20,0.40910478873409195
1982-09-21,0.3968316450720692
1982-09-22,0.3927405971847282
1982-09-23,0.3968316450720692
1982-09-24,0.40092269295941024
1982-09-25,0.3968316450720692
1982-09-26,0.45001526760750116
1982-09-27,0.9409410140884116
1982-09-28,0.9409410140884116
1982-09-29,0.9409410140884116
1982-09-30,0.9000305352150023
1982-10-01,0.8591200563415932
1982-10-02,0.7772990985947748
1982-10-03,0.6954781408479563
1982-10-04,0.6545676619745471
1982-10-05,0.6545676619745471
1982-10-06,0.6136571831011379
1982-10-07,0.6136571831011379
1982-10-08,0.6136571831011379
1982-10-09,0.45001526760750116
1982-10-10,0.40910478873409195
1982-10-11,0.45001526760750116
1982-10-12,0.5318362253543195
1982-10-13,0.5318362253543195
1982-10-14,0.5727467042277288
1982-10-15,0.6136571831011379
1982-10-16,0.6954781408479563
1982-10-17,0.6545676619745471
1982-10-18,0.5727467042277288
1982-10-19,0.5727467042277288
1982-10-20,0.5318362253543195
1982-10-21,0.4909257464809103
1982-10-22,0.4909257464809103
1982-10-23,0.4909257464809103
1982-10-24,0.4909257464809103
1982-10-25,0.4909257464809103
1982-10-26,0.4909257464809103
1982-10-27,0.45001526760750116
1982-10-28,0.45001526760750116
1982-10-29,0.40910478873409195
1982-10-30,0.40910478873409195
1982-10-31,0.40910478873409195
1982-11-01,0.3927405971847282
1982-11-02,0.36819430986068274
1982-11-03,0.36819430986068274
1982-11-04,0.3804674535227055
1982-11-05,0.36819430986068274
1982-11-06,0.34773907042397817
1982-11-07,0.34773907042397817
1982-11-08,0.3395569746492963
1982-11-09,0.33546592676195536
1982-11-10,0.3191017352125917
1982-11-11,0.30682859155056896
1982-11-12,0.3027375436632281
1982-11-13,0.29455544788854626
1982-11-14,0.2863733521138644
1982-11-15,0.2863733521138644
1982-11-16,0.29455544788854626
1982-11-17,0.3027375436632281
1982-11-18,0.3027375436632281
1982-11-19,0.3027375436632281
1982-11-20,0.2863733521138644
1982-11-21,0.2781912563391825
1982-11-22,0.2700091605645007
1982-11-23,0.2618270647898189
1982-11-24,0.253644969015137
1982-11-25,0.24546287324045515
1982-11-26,0.2372807774657733
1982-11-27,0.2372807774657733
1982-11-28,0.2290986816910915
1982-11-29,0.22500763380375058
1982-11-30,0.2168255380290687
1982-12-01,0.2168255380290687
1982-12-02,0.20864344225438688
1982-12-03,0.20455239436704598
1982-12-04,0.20455239436704598
1982-12-05,0.20455239436704598
1982-12-06,0.19227925070502322
1982-12-07,0.18409715493034137
1982-12-08,0.17182401126831864
1982-12-09,0.17182401126831864
1982-12-10,0.17182401126831864
1982-12-11,0.17182401126831864
1982-12-12,0.17182401126831864
1982-12-13,0.17182401126831864
1982-12-14,0.17182401126831864
1982-12-15,0.17182401126831864
1982-12-16,0.17182401126831864
1982-12-17,0.17182401126831864
1982-12-18,0.16773296338097768
1982-12-19,0.16364191549363677
1982-12-20,0.16364191549363677
1982-12-21,0.16364191549363677
1982-12-22,0.16364191549363677
1982-12-23,0.16364191549363677
1982-12-24,0.16364191549363677
1982-12-25,0.16364191549363677
1982-12-26,0.16364191549363677
1982-12-27,0.15955086760629586
1982-12-28,0.15955086760629586
1982-12-29,0.15545981971895492
1982-12-30,0.15136877183161404
1982-12-31,0.14727772394427313
1983-01-01,0.14727772394427313
1983-01-02,0.1431866760569322
1983-01-03,0.1431866760569322
1983-01-04,0.13909562816959126
1983-01-05,0.13909562816959126
1983-01-06,0.13500458028225035
1983-01-07,0.13909562816959126
1983-01-08,0.13909562816959126
1983-01-09,0.13909562816959126
1983-01-10,0.13909562816959126
1983-01-11,0.1431866760569322
1983-01-12,0.1431866760569322
1983-01-13,0.1431866760569322
1983-01-14,0.13909562816959126
1983-01-15,0.13500458028225035
1983-01-16,0.13091353239490944
1983-01-17,0.13091353239490944
1983-01-18,0.1268224845075685
1983-01-19,0.12273143662022758
1983-01-20,0.12273143662022758
1983-01-21,0.11864038873288665
1983-01-22,0.11864038873288665
1983-01-23,0.11864038873288665
1983-01-24,0.11864038873288665
1983-01-25,0.11864038873288665
1983-01-26,0.11864038873288665
1983-01-27,0.11864038873288665
1983-01-28,0.11864038873288665
1983-01-29,0.11454934084554574
1983-01-30,0.11454934084554574
1983-01-31,0.11864038873288665
1983-02-01,0.12273143662022758
1983-02-02,0.12273143662022758
1983-02-03,0.12273143662022758
1983-02-04,0.12273143662022758
1983-02-05,0.11864038873288665
1983-02-06,0.11454934084554574
1983-02-07,0.11454934084554574
1983-02-08,0.11454934084554574
1983-02-09,0.11454934084554574
1983-02-10,0.11454934084554574
1983-02-11,0.11454934084554574
1983-02-12,0.11454934084554574
1983-02-13,0.11454934084554574
1983-02-14,0.11454934084554574
1983-02-15,0.11454934084554574
1983-02-16,0.11454934084554574
1983-02-17,0.11454934084554574
1983-02-18,0.11454934084554574
1983-02-19,0.11454934084554574
1983-02-20,0.11454934084554574
1983-02-21,0.11454934084554574
1983-02-22,0.11454934084554574
1983-02-23,0.12273143662022758
1983-02-24,0.12273143662022758
1983-02-25,0.12273143662022758
1983-02-26,0.12273143662022758
1983-02-27,0.12273143662022758
1983-02-28,0.1268224845075685
1983-03-01,0.13091353239490944
1983-03-02,0.13091353239490944
1983-03-03,0.1268224845075685
1983-03-04,0.1268224845075685
1983-03-05,0.1268224845075685
1983-03-06,0.1268224845075685
1983-03-07,0.1268224845075685
1983-03-08,0.1268224845075685
1983-03-09,0.1268224845075685
1983-03-10,0.1268224845075685
1983-03-11,0.1268224845075685
1983-03-12,0.1268224845075685
1983-03-13,0.1268224845075685
1983-03-14,0.1268224845075685
1983-03-15,0.1268224845075685
1983-03-16,0.1268224845075685
1983-03-17,0.1268224845075685
1983-03-18,0.1268224845075685
1983-03-19,0.1268224845075685
1983-03-20,0.1268224845075685
1983-03-21,0.1268224845075685
1983-03-22,0.1268224845075685
1983-03-23,0.12273143662022758
1983-03-24,0.12273143662022758
1983-03-25,0.12273143662022758
1983-03-26,0.12273143662022758
1983-03-27,0.12273143662022758
1983-03-28,0.12273143662022758
1983-03-29,0.1268224845075685
1983-03-30,0.1268224845075685
1983-03-31,0.1268224845075685
1983-04-01,0.1268224845075685
1983-04-02,0.1268224845075685
1983-04-03,0.1268224845075685
1983-04-04,0.12273143662022758
1983-04-05,0.11864038873288665
1983-04-06,0.11045829295820482
1983-04-07,0.09818514929618205
1983-04-08,0.09818514929618205
1983-04-09,0.10636724507086391
1983-04-10,0.10636724507086391
1983-04-11,0.10636724507086391
1983-04-12,0.10636724507086391
1983-04-13,0.10636724507086391
1983-04-14,0.10636724507086391
1983-04-15,0.10636724507086391
1983-04-16,0.10636724507086391
1983-04-17,0.10636724507086391
1983-04-18,0.10636724507086391
1983-04-19,0.11045829295820482
1983-04-20,0.11045829295820482
1983-04-21,0.11864038873288665
1983-04-22,0.11454934084554574
1983-04-23,0.12273143662022758
1983-04-24,0.17182401126831864
1983-04-25,0.29046440000120527
1983-04-26,0.45001526760750116
1983-04-27,0.40910478873409195
1983-04-28,0.34773907042397817
1983-04-29,0.2986464957758871
1983-04-30,0.32728383098727354
1983-05-01,0.3150106873252508
1983-05-02,0.3804674535227055
1983-05-03,0.37637640563536456
1983-05-04,0.45001526760750116
1983-05-05,0.5318362253543195
1983-05-06,0.5318362253543195
1983-05-07,0.6136571831011379
1983-05-08,0.7363886197213655
1983-05-09,0.8182095774681839
1983-05-10,0.6136571831011379
1983-05-11,0.40910478873409195
1983-05-12,0.2863733521138644
1983-05-13,0.24546287324045515
1983-05-14,0.2372807774657733
1983-05-15,0.2290986816910915
1983-05-16,0.2290986816910915
1983-05-17,0.2290986816910915
1983-05-18,0.2372807774657733
1983-05-19,0.24546287324045515
1983-05-20,0.2618270647898189
1983-05-21,0.2781912563391825
1983-05-22,0.30682859155056896
1983-05-23,0.32728383098727354
1983-05-24,0.36819430986068274
1983-05-25,0.40910478873409195
1983-05-26,0.8182095774681839
1983-05-27,1.840971549303414
1983-05-28,4.909257464809103
1983-05-29,8.182095774681837
1983-05-30,9.12303678877025
1983-05-31,5.154720338049559
1983-06-01,3.886495492973874
1983-06-02,4.500152676075012
1983-06-03,6.422945183125244
1983-06-04,8.14118529580843
1983-06-05,4.622884112695239
1983-06-06,3.6001221408600093
1983-06-07,3.4364802253663727
1983-06-08,7.527528112707293
1983-06-09,13.091353239490942
1983-06-10,15.382340056401858
1983-06-11,21.15071757755255
1983-06-12,23.114420563476195
1983-06-13,7.691170028200929
1983-06-14,4.950167943682513
1983-06-15,6.382034704251835
1983-06-16,11.495844563427985
1983-06-17,13.868652338085717
1983-06-18,17.427864000072315
1983-06-19,13.173174197237762
1983-06-20,10.14579876060548
1983-06-21,14.932324788794356
1983-06-22,17.591505915565953
1983-06-23,18.40971549303414
1983-06-24,19.96431369022369
1983-06-25,15.055056225414585
1983-06-26,11.536755042301394
1983-06-27,8.591200563415931
1983-06-28,7.404796676087065
1983-06-29,6.872960450732745
1983-06-30,8.345737690175476
1983-07-01,6.913870929606155
1983-07-02,7.322975718340246
1983-07-03,4.909257464809103
1983-07-04,3.3546592676195544
1983-07-05,3.109196394379099
1983-07-06,3.518301183113191
1983-07-07,4.131958366214328
1983-07-08,3.6001221408600093
1983-07-09,3.4364802253663727
1983-07-10,3.722853577480237
1983-07-11,2.822823042265235
1983-07-12,2.086434422543869
1983-07-13,1.7591505915565955
1983-07-14,1.5136877183161404
1983-07-15,1.5545981971895495
1983-07-16,1.8818820281768232
1983-07-17,1.6364191549363678
1983-07-18,1.268224845075685
1983-07-19,1.1045829295820482
1983-07-20,1.063672450708639
1983-07-21,1.0227619718352297
1983-07-22,0.9409410140884116
1983-07-23,0.9409410140884116
1983-07-24,0.9409410140884116
1983-07-25,0.8182095774681839
1983-07-26,0.8182095774681839
1983-07-27,0.7363886197213655
1983-07-28,0.6545676619745471
1983-07-29,0.6136571831011379
1983-07-30,0.5727467042277288
1983-07-31,0.5318362253543195
1983-08-01,0.5318362253543195
1983-08-02,0.4909257464809103
1983-08-03,0.4909257464809103
1983-08-04,0.4909257464809103
1983-08-05,0.4909257464809103
1983-08-06,0.45001526760750116
1983-08-07,0.40092269295941024
1983-08-08,0.3722853577480236
1983-08-09,0.35183011831131905
1983-08-10,0.35183011831131905
1983-08-11,0.5318362253543195
1983-08-12,0.40910478873409195
1983-08-13,0.36819430986068274
1983-08-14,0.33546592676195536
1983-08-15,0.3191017352125917
1983-08-16,0.3191017352125917
1983-08-17,0.3191017352125917
1983-08-18,0.3313748788746144
1983-08-19,0.3231927830999327
1983-08-20,0.3191017352125917
1983-08-21,0.3191017352125917
1983-08-22,0.3436480225366373
1983-08-23,0.3150106873252508
1983-08-24,0.2986464957758871
1983-08-25,0.26591811267715976
1983-08-26,0.253644969015137
1983-08-27,0.2372807774657733
1983-08-28,0.23318972957843243
1983-08-29,0.22091658591640964
1983-08-30,0.22091658591640964
1983-08-31,0.22091658591640964
1983-09-01,0.24546287324045515
1983-09-02,0.253644969015137
1983-09-03,0.2618270647898189
1983-09-04,0.26591811267715976
1983-09-05,0.26591811267715976
1983-09-06,0.25773601690247794
1983-09-07,0.25773601690247794
1983-09-08,0.25773601690247794
1983-09-09,0.27410020845184163
1983-09-10,0.27410020845184163
1983-09-11,0.27410020845184163
1983-09-12,0.28228230422652345
1983-09-13,0.28228230422652345
1983-09-14,0.27410020845184163
1983-09-15,0.27410020845184163
1983-09-16,0.27410020845184163
1983-09-17,0.27410020845184163
1983-09-18,0.26591811267715976
1983-09-19,0.2618270647898189
1983-09-20,0.2618270647898189
1983-09-21,0.26591811267715976
1983-09-22,0.25773601690247794
1983-09-23,0.25773601690247794
1983-09-24,0.25773601690247794
1983-09-25,0.25773601690247794
1983-09-26,0.2495539211277961
1983-09-27,0.2495539211277961
1983-09-28,0.25773601690247794
1983-09-29,0.28228230422652345
1983-09-30,0.29046440000120527
1983-10-01,0.3150106873252508
1983-10-02,0.3231927830999327
1983-10-03,0.33546592676195536
1983-10-04,0.3395569746492963
1983-10-05,0.3436480225366373
1983-10-06,0.3436480225366373
1983-10-07,0.35183011831131905
1983-10-08,0.3722853577480236
1983-10-09,0.3886495492973874
1983-10-10,0.40092269295941024
1983-10-11,0.40910478873409195
1983-10-12,0.40910478873409195
1983-10-13,0.40910478873409195
1983-10-14,0.40910478873409195
1983-10-15,0.40910478873409195
1983-10-16,0.40910478873409195
1983-10-17,0.40092269295941024
1983-10-18,0.3968316450720692
1983-10-19,0.3968316450720692
1983-10-20,0.40092269295941024
1983-10-21,0.37637640563536456
1983-10-22,0.35183011831131905
1983-10-23,0.34773907042397817
1983-10-24,0.36819430986068274
1983-10-25,0.40501374084675107
1983-10-26,0.40910478873409195
1983-10-27,0.40910478873409195
1983-10-28,0.45001526760750116
1983-10-29,0.45001526760750116
1983-10-30,0.40910478873409195
1983-10-31,0.40910478873409195
1983-11-01,0.38455850141004644
1983-11-02,0.36819430986068274
1983-11-03,0.36410326197334186
1983-11-04,0.34773907042397817
1983-11-05,0.34773907042397817
1983-11-06,0.32728383098727354
1983-11-07,0.3191017352125917
1983-11-08,0.3027375436632281
1983-11-09,0.2863733521138644
1983-11-10,0.3027375436632281
1983-11-11,0.32728383098727354
1983-11-12,0.33546592676195536
1983-11-13,0.33546592676195536
1983-11-14,0.3191017352125917
1983-11-15,0.35183011831131905
1983-11-16,0.3600122140860009
1983-11-17,0.35183011831131905
1983-11-18,0.3600122140860009
1983-11-19,0.35183011831131905
1983-11-20,0.36819430986068274
1983-11-21,0.37637640563536456
1983-11-22,0.3600122140860009
1983-11-23,0.32728383098727354
1983-11-24,0.37637640563536456
1983-11-25,0.37637640563536456
1983-11-26,0.36819430986068274
1983-11-27,0.3191017352125917
1983-11-28,0.3600122140860009
1983-11-29,0.32728383098727354
1983-11-30,0.24546287324045515
1983-12-01,0.2863733521138644
1983-12-02,0.32728383098727354
1983-12-03,0.35183011831131905
1983-12-04,0.35183011831131905
1983-12-05,0.33546592676195536
1983-12-06,0.33546592676195536
1983-12-07,0.3027375436632281
1983-12-08,0.31091963943790984
1983-12-09,0.33546592676195536
1983-12-10,0.32728383098727354
1983-12-11,0.30682859155056896
1983-12-12,0.3027375436632281
1983-12-13,0.29455544788854626
1983-12-14,0.2863733521138644
1983-12-15,0.2781912563391825
1983-12-16,0.253644969015137
1983-12-17,0.2290986816910915
1983-12-18,0.20455239436704598
1983-12-19,0.18409715493034137
1983-12-20,0.16364191549363677
1983-12-21,0.13500458028225035
1983-12-22,0.11045829295820482
1983-12-23,0.09818514929618205
1983-12-24,0.09000305352150023
1983-12-25,0.11454934084554574
1983-12-26,0.1431866760569322
1983-12-27,0.1431866760569322
1983-12-28,0.13500458028225035
1983-12-29,0.11864038873288665
1983-12-30,0.1268224845075685
1983-12-31,0.15136877183161404
1984-01-01,0.17591505915565953
1984-01-02,0.18818820281768228
1984-01-03,0.19227925070502322
1984-01-04,0.20455239436704598
1984-01-05,0.20864344225438688
1984-01-06,0.20864344225438688
1984-01-07,0.21273449014172782
1984-01-08,0.21273449014172782
1984-01-09,0.20455239436704598
1984-01-10,0.19227925070502322
1984-01-11,0.17591505915565953
1984-01-12,0.17182401126831864
1984-01-13,0.15545981971895492
1984-01-14,0.13909562816959126
1984-01-15,0.13091353239490944
1984-01-16,0.11454934084554574
1984-01-17,0.10227619718352299
1984-01-18,0.11045829295820482
1984-01-19,0.12273143662022758
1984-01-20,0.1431866760569322
1984-01-21,0.16364191549363677
1984-01-22,0.16364191549363677
1984-01-23,0.15955086760629586
1984-01-24,0.15545981971895492
1984-01-25,0.15136877183161404
1984-01-26,0.13091353239490944
1984-01-27,0.13909562816959126
1984-01-28,0.1431866760569322
1984-01-29,0.13091353239490944
1984-01-30,0.11454934084554574
1984-01-31,0.12273143662022758
1984-02-01,0.1268224845075685
1984-02-02,0.12273143662022758
1984-02-03,0.11864038873288665
1984-02-04,0.11045829295820482
1984-02-05,0.10227619718352299
1984-02-06,0.11045829295820482
1984-02-07,0.11454934084554574
1984-02-08,0.11454934084554574
1984-02-09,0.11045829295820482
1984-02-10,0.11454934084554574
1984-02-11,0.10227619718352299
1984-02-12,0.11454934084554574
1984-02-13,0.12273143662022758
1984-02-14,0.11454934084554574
1984-02-15,0.09818514929618205
1984-02-16,0.09000305352150023
1984-02-17,0.09818514929618205
1984-02-18,0.07363886197213657
1984-02-19,0.09000305352150023
1984-02-20,0.09818514929618205
1984-02-21,0.09818514929618205
1984-02-22,0.09000305352150023
1984-02-23,0.08591200563415932
1984-02-24,0.08182095774681838
1984-02-25,0.07772990985947746
1984-02-26,0.07363886197213657
1984-02-27,0.06954781408479563
1984-02-28,0.06136571831011379
1984-02-29,0.08591200563415932
1984-03-01,0.09409410140884114
1984-03-02,0.09000305352150023
1984-03-03,0.08591200563415932
1984-03-04,0.07772990985947746
1984-03-05,0.053183622535431956
1984-03-06,0.07363886197213657
1984-03-07,0.08182095774681838
1984-03-08,0.06136571831011379
1984-03-09,0.06545676619745472
1984-03-10,0.06954781408479563
1984-03-11,0.07772990985947746
1984-03-12,0.09409410140884114
1984-03-13,0.09818514929618205
1984-03-14,0.09000305352150023
1984-03-15,0.07363886197213657
1984-03-16,0.08182095774681838
1984-03-17,0.09000305352150023
1984-03-18,0.08591200563415932
1984-03-19,0.09818514929618205
1984-03-20,0.10636724507086391
1984-03-21,0.10636724507086391
1984-03-22,0.09818514929618205
1984-03-23,0.07772990985947746
1984-03-24,0.09818514929618205
1984-03-25,0.11454934084554574
1984-03-26,0.11864038873288665
1984-03-27,0.11454934084554574
1984-03-28,0.07363886197213657
1984-03-29,0.09000305352150023
1984-03-30,0.09409410140884114
1984-03-31,0.09818514929618205
1984-04-01,0.11045829295820482
1984-04-02,0.11454934084554574
1984-04-03,0.11045829295820482
1984-04-04,0.10227619718352299
1984-04-05,0.11864038873288665
1984-04-06,0.1268224845075685
1984-04-07,0.11864038873288665
1984-04-08,0.1268224845075685
1984-04-09,0.1268224845075685
1984-04-10,0.12273143662022758
1984-04-11,0.11864038873288665
1984-04-12,0.11864038873288665
1984-04-13,0.11454934084554574
1984-04-14,0.11864038873288665
1984-04-15,0.12273143662022758
1984-04-16,0.14727772394427313
1984-04-17,0.18409715493034137
1984-04-18,0.2372807774657733
1984-04-19,0.2290986816910915
1984-04-20,0.20455239436704598
1984-04-21,0.18409715493034137
1984-04-22,0.1963702985923641
1984-04-23,0.20046134647970512
1984-04-24,0.18818820281768228
1984-04-25,0.15955086760629586
1984-04-26,0.13909562816959126
1984-04-27,0.12273143662022758
1984-04-28,0.09409410140884114
1984-04-29,0.10636724507086391
1984-04-30,0.11454934084554574
1984-05-01,0.12273143662022758
1984-05-02,0.13091353239490944
1984-05-03,0.13091353239490944
1984-05-04,0.11864038873288665
1984-05-05,0.12273143662022758
1984-05-06,0.11864038873288665
1984-05-07,0.10227619718352299
1984-05-08,0.10636724507086391
1984-05-09,0.11045829295820482
1984-05-10,0.13091353239490944
1984-05-11,1.5136877183161404
1984-05-12,2.168255380290687
1984-05-13,4.0092269295941
1984-05-14,8.345737690175476
1984-05-15,11.782217915541848
1984-05-16,12.927711323997308
1984-05-17,9.573052056377753
1984-05-18,6.259303267631608
1984-05-19,5.3592727324166045
1984-05-20,6.709318535239109
1984-05-21,9.941246366238435
1984-05-22,5.64564608453047
1984-05-23,4.418331718328193
1984-05-24,7.0775128450997915
1984-05-25,4.418331718328193
1984-05-26,2.5773601690247796
1984-05-27,1.8818820281768232
1984-05-28,1.5136877183161404
1984-05-29,2.086434422543869
1984-05-30,6.463855661998654
1984-05-31,15.382340056401858
1984-06-01,15.30051909865504
1984-06-02,7.445707154960474
1984-06-03,6.586587098618881
1984-06-04,5.8092880000241065
1984-06-05,7.15933380284661
1984-06-06,4.58197363382183
1984-06-07,3.8455850141004646
1984-06-08,2.9046440000120533
1984-06-09,2.3728077746577334
1984-06-10,2.0455239436704593
1984-06-11,2.290986816910915
1984-06-12,2.2091658591640964
1984-06-13,6.013840394391152
1984-06-14,22.828047211362332
1984-06-15,27.77821515504484
1984-06-16,22.173479549387785
1984-06-17,16.650564901477544
1984-06-18,14.032294253579353
1984-06-19,16.20054963387004
1984-06-20,17.059669690211635
1984-06-21,16.77329633809777
1984-06-22,16.486922985983906
1984-06-23,11.373113126807755
1984-06-24,10.636724507086392
1984-06-25,12.518606535263215
1984-06-26,12.518606535263215
1984-06-27,11.618576000048213
1984-06-28,10.718545464833209
1984-06-29,10.268530197225708
1984-06-30,10.677634985959799
1984-07-01,6.913870929606155
1984-07-02,5.60473560565706
1984-07-03,5.563825126783651
1984-07-04,5.03198890142933
1984-07-05,4.622884112695239
1984-07-06,4.254689802834556
1984-07-07,3.9274059718472825
1984-07-08,3.8046745352270555
1984-07-09,3.313748788746145
1984-07-10,2.8637335211386437
1984-07-11,2.413718253531142
1984-07-12,2.127344901417278
1984-07-13,1.9227925070502323
1984-07-14,1.8000610704300046
1984-07-15,1.6364191549363678
1984-07-16,1.5136877183161404
1984-07-17,1.3909562816959127
1984-07-18,1.268224845075685
1984-07-19,1.3091353239490942
1984-07-20,1.268224845075685
1984-07-21,1.1864038873288667
1984-07-22,1.3909562816959127
1984-07-23,1.2273143662022759
1984-07-24,1.268224845075685
1984-07-25,1.1045829295820482
1984-07-26,1.0227619718352297
1984-07-27,0.9409410140884116
1984-07-28,0.9000305352150023
1984-07-29,0.8182095774681839
1984-07-30,0.8182095774681839
1984-07-31,0.7772990985947748
1984-08-01,0.9409410140884116
1984-08-02,0.9818514929618206
1984-08-03,0.8591200563415932
1984-08-04,0.9000305352150023
1984-08-05,0.8182095774681839
1984-08-06,0.7772990985947748
1984-08-07,0.7363886197213655
1984-08-08,0.6954781408479563
1984-08-09,0.6545676619745471
1984-08-10,0.6136571831011379
1984-08-11,0.5727467042277288
1984-08-12,0.5727467042277288
1984-08-13,0.5318362253543195
1984-08-14,0.5318362253543195
1984-08-15,0.5318362253543195
1984-08-16,0.5318362253543195
1984-08-17,0.5318362253543195
1984-08-18,0.5318362253543195
1984-08-19,0.4909257464809103
1984-08-20,0.5318362253543195
1984-08-21,0.4909257464809103
1984-08-22,0.45001526760750116
1984-08-23,0.45001526760750116
1984-08-24,0.40910478873409195
1984-08-25,0.40910478873409195
1984-08-26,0.45001526760750116
1984-08-27,0.40092269295941024
1984-08-28,0.3722853577480236
1984-08-29,0.35183011831131905
1984-08-30,0.3395569746492963
1984-08-31,0.33546592676195536
1984-09-01,0.3313748788746144
1984-09-02,0.33546592676195536
1984-09-03,0.3191017352125917
1984-09-04,0.3150106873252508
1984-09-05,0.2986464957758871
1984-09-06,0.3027375436632281
1984-09-07,0.3191017352125917
1984-09-08,0.31091963943790984
1984-09-09,0.32728383098727354
1984-09-10,0.3150106873252508
1984-09-11,0.2986464957758871
1984-09-12,0.2986464957758871
1984-09-13,0.2863733521138644
1984-09-14,0.28228230422652345
1984-09-15,0.28228230422652345
1984-09-16,0.2781912563391825
1984-09-17,0.27410020845184163
1984-09-18,0.26591811267715976
1984-09-19,0.25773601690247794
1984-09-20,0.2495539211277961
1984-09-21,0.27410020845184163
1984-09-22,0.3191017352125917
1984-09-23,0.36819430986068274
1984-09-24,0.3968316450720692
1984-09-25,0.3722853577480236
1984-09-26,0.3600122140860009
1984-09-27,0.36410326197334186
1984-09-28,0.40910478873409195
1984-09-29,0.3804674535227055
1984-09-30,0.40910478873409195
1984-10-01,0.40910478873409195
1984-10-02,0.38455850141004644
1984-10-03,0.40910478873409195
1984-10-04,0.45001526760750116
1984-10-05,0.45001526760750116
1984-10-06,0.4909257464809103
1984-10-07,0.4909257464809103
1984-10-08,0.4909257464809103
1984-10-09,0.4909257464809103
1984-10-10,0.4909257464809103
1984-10-11,0.5318362253543195
1984-10-12,0.5318362253543195
1984-10-13,0.4909257464809103
1984-10-14,0.4909257464809103
1984-10-15,0.4909257464809103
1984-10-16,0.45001526760750116
1984-10-17,0.45001526760750116
1984-10-18,0.45001526760750116
1984-10-19,0.40910478873409195
1984-10-20,0.45001526760750116
1984-10-21,0.40910478873409195
1984-10-22,0.45001526760750116
1984-10-23,0.40910478873409195
1984-10-24,0.40910478873409195
1984-10-25,0.40910478873409195
1984-10-26,0.40910478873409195
1984-10-27,0.40910478873409195
1984-10-28,0.40501374084675107
1984-10-29,0.3886495492973874
1984-10-30,0.3927405971847282
1984-10-31,0.38455850141004644
1984-11-01,0.37637640563536456
1984-11-02,0.37637640563536456
1984-11-03,0.37637640563536456
1984-11-04,0.3722853577480236
1984-11-05,0.35183011831131905
1984-11-06,0.34773907042397817
1984-11-07,0.34773907042397817
1984-11-08,0.3395569746492963
1984-11-09,0.33546592676195536
1984-11-10,0.33546592676195536
1984-11-11,0.33546592676195536
1984-11-12,0.3231927830999327
1984-11-13,0.3150106873252508
1984-11-14,0.30682859155056896
1984-11-15,0.30682859155056896
1984-11-16,0.2986464957758871
1984-11-17,0.2986464957758871
1984-11-18,0.29046440000120527
1984-11-19,0.28228230422652345
1984-11-20,0.28228230422652345
1984-11-21,0.28228230422652345
1984-11-22,0.28228230422652345
1984-11-23,0.28228230422652345
1984-11-24,0.28228230422652345
1984-11-25,0.29046440000120527
1984-11-26,0.29046440000120527
1984-11-27,0.28228230422652345
1984-11-28,0.28228230422652345
1984-11-29,0.28228230422652345
1984-11-30,0.2781912563391825
1984-12-01,0.2781912563391825
1984-12-02,0.28228230422652345
1984-12-03,0.2781912563391825
1984-12-04,0.2618270647898189
1984-12-05,0.25773601690247794
1984-12-06,0.24546287324045515
1984-12-07,0.24137182535311424
1984-12-08,0.2372807774657733
1984-12-09,0.23318972957843243
1984-12-10,0.2290986816910915
1984-12-11,0.22091658591640964
1984-12-12,0.22091658591640964
1984-12-13,0.2168255380290687
1984-12-14,0.21273449014172782
1984-12-15,0.20455239436704598
1984-12-16,0.18409715493034137
1984-12-17,0.16773296338097768
1984-12-18,0.15955086760629586
1984-12-19,0.16773296338097768
1984-12-20,0.17182401126831864
1984-12-21,0.18000610704300046
1984-12-22,0.18409715493034137
1984-12-23,0.18818820281768228
1984-12-24,0.16773296338097768
1984-12-25,0.15545981971895492
1984-12-26,0.15545981971895492
1984-12-27,0.15136877183161404
1984-12-28,0.14727772394427313
1984-12-29,0.1431866760569322
1984-12-30,0.13909562816959126
1984-12-31,0.13909562816959126
1985-01-01,0.13500458028225035
1985-01-02,0.13091353239490944
1985-01-03,0.13091353239490944
1985-01-04,0.13500458028225035
1985-01-05,0.13909562816959126
1985-01-06,0.13091353239490944
1985-01-07,0.1268224845075685
1985-01-08,0.11864038873288665
1985-01-09,0.11454934084554574
1985-01-10,0.10227619718352299
1985-01-11,0.09409410140884114
1985-01-12,0.09409410140884114
1985-01-13,0.09000305352150023
1985-01-14,0.09000305352150023
1985-01-15,0.09409410140884114
1985-01-16,0.09409410140884114
1985-01-17,0.09409410140884114
1985-01-18,0.09000305352150023
1985-01-19,0.09000305352150023
1985-01-20,0.08591200563415932
1985-01-21,0.08591200563415932
1985-01-22,0.08591200563415932
1985-01-23,0.08182095774681838
1985-01-24,0.07772990985947746
1985-01-25,0.07363886197213657
1985-01-26,0.06954781408479563
1985-01-27,0.06545676619745472
1985-01-28,0.06136571831011379
1985-01-29,0.06136571831011379
1985-01-30,0.05727467042277287
1985-01-31,0.053183622535431956
1985-02-01,0.049092574648091025
1985-02-02,0.053183622535431956
1985-02-03,0.053183622535431956
1985-02-04,0.053183622535431956
1985-02-05,0.053183622535431956
1985-02-06,0.05727467042277287
1985-02-07,0.05727467042277287
1985-02-08,0.05727467042277287
1985-02-09,0.05727467042277287
1985-02-10,0.05727467042277287
1985-02-11,0.06136571831011379
1985-02-12,0.06136571831011379
1985-02-13,0.06136571831011379
1985-02-14,0.06136571831011379
1985-02-15,0.06136571831011379
1985-02-16,0.06136571831011379
1985-02-17,0.06136571831011379
1985-02-18,0.06136571831011379
1985-02-19,0.06136571831011379
1985-02-20,0.06136571831011379
1985-02-21,0.06545676619745472
1985-02-22,0.06954781408479563
1985-02-23,0.06954781408479563
1985-02-24,0.06954781408479563
1985-02-25,0.06954781408479563
1985-02-26,0.06954781408479563
1985-02-27,0.06954781408479563
1985-02-28,0.06954781408479563
1985-03-01,0.06954781408479563
1985-03-02,0.06954781408479563
1985-03-03,0.06545676619745472
1985-03-04,0.06545676619745472
1985-03-05,0.06136571831011379
1985-03-06,0.06136571831011379
1985-03-07,0.06545676619745472
1985-03-08,0.06545676619745472
1985-03-09,0.06545676619745472
1985-03-10,0.06545676619745472
1985-03-11,0.06954781408479563
1985-03-12,0.07363886197213657
1985-03-13,0.07363886197213657
1985-03-14,0.07363886197213657
1985-03-15,0.07772990985947746
1985-03-16,0.07772990985947746
1985-03-17,0.07772990985947746
1985-03-18,0.07772990985947746
1985-03-19,0.07772990985947746
1985-03-20,0.08182095774681838
1985-03-21,0.08182095774681838
1985-03-22,0.08182095774681838
1985-03-23,0.08591200563415932
1985-03-24,0.08591200563415932
1985-03-25,0.08591200563415932
1985-03-26,0.09000305352150023
1985-03-27,0.09000305352150023
1985-03-28,0.09000305352150023
1985-03-29,0.09000305352150023
1985-03-30,0.09000305352150023
1985-03-31,0.08591200563415932
1985-04-01,0.08182095774681838
1985-04-02,0.09000305352150023
1985-04-03,0.09409410140884114
1985-04-04,0.09818514929618205
1985-04-05,0.10227619718352299
1985-04-06,0.12273143662022758
1985-04-07,0.1431866760569322
1985-04-08,0.16364191549363677
1985-04-09,0.17182401126831864
1985-04-10,0.18409715493034137
1985-04-11,0.19227925070502322
1985-04-12,0.20455239436704598
1985-04-13,0.24546287324045515
1985-04-14,0.2863733521138644
1985-04-15,0.45001526760750116
1985-04-16,1.0227619718352297
1985-04-17,2.9046440000120533
1985-04-18,3.109196394379099
1985-04-19,2.290986816910915
1985-04-20,2.0455239436704593
1985-04-21,1.3909562816959127
1985-04-22,0.9409410140884116
1985-04-23,1.6364191549363678
1985-04-24,1.3909562816959127
1985-04-25,1.0227619718352297
1985-04-26,0.8591200563415932
1985-04-27,0.7772990985947748
1985-04-28,0.7363886197213655
1985-04-29,0.9000305352150023
1985-04-30,1.5955086760629587
1985-05-01,2.945554478885462
1985-05-02,5.03198890142933
1985-05-03,6.13657183101138
1985-05-04,9.327589183137297
1985-05-05,5.482004169036832
1985-05-06,3.2728383098727356
1985-05-07,4.622884112695239
1985-05-08,8.263916732428656
1985-05-09,8.63211104228934
1985-05-10,6.709318535239109
1985-05-11,4.254689802834556
1985-05-12,2.413718253531142
1985-05-13,1.840971549303414
1985-05-14,1.6364191549363678
1985-05-15,1.6364191549363678
1985-05-16,2.250076338037506
1985-05-17,1.8000610704300046
1985-05-18,1.5955086760629587
1985-05-19,2.0455239436704593
1985-05-20,3.4364802253663727
1985-05-21,4.500152676075012
1985-05-22,5.154720338049559
1985-05-23,4.745615549315467
1985-05-24,9.409410140884114
1985-05-25,10.800366422580028
1985-05-26,9.491231098630934
1985-05-27,8.10027481693502
1985-05-28,6.995691887352972
1985-05-29,5.686556563403878
1985-05-30,4.377421239454784
1985-05-31,2.8637335211386437
1985-06-01,3.2728383098727356
1985-06-02,4.0092269295941
1985-06-03,3.231927830999327
1985-06-04,3.4364802253663727
1985-06-05,5.236541295796377
1985-06-06,7.2002442817200185
1985-06-07,9.000305352150024
1985-06-08,10.800366422580028
1985-06-09,5.9320194366443335
1985-06-10,4.336510760581374
1985-06-11,3.1501068732525086
1985-06-12,2.413718253531142
1985-06-13,2.53644969015137
1985-06-14,3.1910173521259173
1985-06-15,3.1910173521259173
1985-06-16,3.313748788746145
1985-06-17,3.0273754366322807
1985-06-18,2.413718253531142
1985-06-19,2.168255380290687
1985-06-20,2.168255380290687
1985-06-21,2.700091605645007
1985-06-22,2.290986816910915
1985-06-23,1.9637029859236412
1985-06-24,1.9227925070502323
1985-06-25,2.2091658591640964
1985-06-26,2.086434422543869
1985-06-27,1.840971549303414
1985-06-28,1.7182401126831863
1985-06-29,1.5955086760629587
1985-06-30,1.5136877183161404
1985-07-01,1.5545981971895495
1985-07-02,1.6364191549363678
1985-07-03,1.472777239442731
1985-07-04,1.3500458028225035
1985-07-05,1.2273143662022759
1985-07-06,1.1454934084554576
1985-07-07,1.063672450708639
1985-07-08,1.0227619718352297
1985-07-09,1.063672450708639
1985-07-10,0.9818514929618206
1985-07-11,0.9000305352150023
1985-07-12,0.8591200563415932
1985-07-13,0.8182095774681839
1985-07-14,0.7363886197213655
1985-07-15,0.6954781408479563
1985-07-16,0.6545676619745471
1985-07-17,0.6136571831011379
1985-07-18,0.6136571831011379
1985-07-19,0.7363886197213655
1985-07-20,0.6136571831011379
1985-07-21,0.5727467042277288
1985-07-22,0.5318362253543195
1985-07-23,0.4909257464809103
1985-07-24,0.5318362253543195
1985-07-25,0.4909257464809103
1985-07-26,0.45001526760750116
1985-07-27,0.40910478873409195
1985-07-28,0.3927405971847282
1985-07-29,0.3886495492973874
1985-07-30,0.3927405971847282
1985-07-31,0.6954781408479563
1985-08-01,0.6136571831011379
1985-08-02,0.5318362253543195
1985-08-03,0.5318362253543195
1985-08-04,0.5318362253543195
1985-08-05,0.45001526760750116
1985-08-06,0.45001526760750116
1985-08-07,0.40501374084675107
1985-08-08,0.36819430986068274
1985-08-09,0.34773907042397817
1985-08-10,0.3436480225366373
1985-08-11,0.32728383098727354
1985-08-12,0.32728383098727354
1985-08-13,0.3927405971847282
1985-08-14,0.40910478873409195
1985-08-15,0.3968316450720692
1985-08-16,0.36410326197334186
1985-08-17,0.35183011831131905
1985-08-18,0.3313748788746144
1985-08-19,0.30682859155056896
1985-08-20,0.2986464957758871
1985-08-21,0.28228230422652345
1985-08-22,0.2781912563391825
1985-08-23,0.28228230422652345
1985-08-24,0.2781912563391825
1985-08-25,0.2863733521138644
1985-08-26,0.27410020845184163
1985-08-27,0.26591811267715976
1985-08-28,0.2618270647898189
1985-08-29,0.25773601690247794
1985-08-30,0.24546287324045515
1985-08-31,0.2372807774657733
1985-09-01,0.24137182535311424
1985-09-02,0.24137182535311424
1985-09-03,0.24137182535311424
1985-09-04,0.2372807774657733
1985-09-05,0.23318972957843243
1985-09-06,0.2290986816910915
1985-09-07,0.22091658591640964
1985-09-08,0.21273449014172782
1985-09-09,0.21273449014172782
1985-09-10,0.21273449014172782
1985-09-11,0.21273449014172782
1985-09-12,0.253644969015137
1985-09-13,0.2781912563391825
1985-09-14,0.253644969015137
1985-09-15,0.2372807774657733
1985-09-16,0.2290986816910915
1985-09-17,0.22091658591640964
1985-09-18,0.22500763380375058
1985-09-19,0.3600122140860009
1985-09-20,0.34773907042397817
1985-09-21,0.3395569746492963
1985-09-22,0.34773907042397817
1985-09-23,0.3191017352125917
1985-09-24,0.3150106873252508
1985-09-25,0.3027375436632281
1985-09-26,0.37637640563536456
1985-09-27,0.30682859155056896
1985-09-28,0.3395569746492963
1985-09-29,0.31091963943790984
1985-09-30,0.29455544788854626
1985-10-01,0.29455544788854626
1985-10-02,0.3027375436632281
1985-10-03,0.31091963943790984
1985-10-04,0.31091963943790984
1985-10-05,0.3191017352125917
1985-10-06,0.3231927830999327
1985-10-07,0.3150106873252508
1985-10-08,0.31091963943790984
1985-10-09,0.29046440000120527
1985-10-10,0.2863733521138644
1985-10-11,0.3027375436632281
1985-10-12,0.31091963943790984
1985-10-13,0.3231927830999327
1985-10-14,0.3231927830999327
1985-10-15,0.3231927830999327
1985-10-16,0.3150106873252508
1985-10-17,0.31091963943790984
1985-10-18,0.3191017352125917
1985-10-19,0.3436480225366373
1985-10-20,0.3600122140860009
1985-10-21,0.3436480225366373
1985-10-22,0.3191017352125917
1985-10-23,0.31091963943790984
1985-10-24,0.3027375436632281
1985-10-25,0.30682859155056896
1985-10-26,0.3027375436632281
1985-10-27,0.3027375436632281
1985-10-28,0.29455544788854626
1985-10-29,0.29455544788854626
1985-10-30,0.29455544788854626
1985-10-31,0.29455544788854626
1985-11-01,0.29046440000120527
1985-11-02,0.2863733521138644
1985-11-03,0.2863733521138644
1985-11-04,0.2781912563391825
1985-11-05,0.28228230422652345
1985-11-06,0.28228230422652345
1985-11-07,0.2863733521138644
1985-11-08,0.2781912563391825
1985-11-09,0.2700091605645007
1985-11-10,0.2700091605645007
1985-11-11,0.2618270647898189
1985-11-12,0.2618270647898189
1985-11-13,0.2618270647898189
1985-11-14,0.253644969015137
1985-11-15,0.2495539211277961
1985-11-16,0.24137182535311424
1985-11-17,0.2290986816910915
1985-11-18,0.22091658591640964
1985-11-19,0.21273449014172782
1985-11-20,0.20455239436704598
1985-11-21,0.1963702985923641
1985-11-22,0.19227925070502322
1985-11-23,0.18818820281768228
1985-11-24,0.18409715493034137
1985-11-25,0.18000610704300046
1985-11-26,0.17591505915565953
1985-11-27,0.17182401126831864
1985-11-28,0.16773296338097768
1985-11-29,0.16364191549363677
1985-11-30,0.16364191549363677
1985-12-01,0.16364191549363677
1985-12-02,0.17182401126831864
1985-12-03,0.18409715493034137
1985-12-04,0.18409715493034137
1985-12-05,0.18409715493034137
1985-12-06,0.18409715493034137
1985-12-07,0.18000610704300046
1985-12-08,0.17182401126831864
1985-12-09,0.16364191549363677
1985-12-10,0.15545981971895492
1985-12-11,0.15136877183161404
1985-12-12,0.14727772394427313
1985-12-13,0.14727772394427313
1985-12-14,0.15136877183161404
1985-12-15,0.15545981971895492
1985-12-16,0.15955086760629586
1985-12-17,0.15545981971895492
1985-12-18,0.15136877183161404
1985-12-19,0.14727772394427313
1985-12-20,0.1431866760569322
1985-12-21,0.13909562816959126
1985-12-22,0.13500458028225035
1985-12-23,0.13091353239490944
1985-12-24,0.13091353239490944
1985-12-25,0.1268224845075685
1985-12-26,0.12273143662022758
1985-12-27,0.11864038873288665
1985-12-28,0.11454934084554574
1985-12-29,0.11454934084554574
1985-12-30,0.11454934084554574
1985-12-31,0.11864038873288665
1986-01-01,0.12273143662022758
1986-01-02,0.12273143662022758
1986-01-03,0.12273143662022758
1986-01-04,0.11864038873288665
1986-01-05,0.11454934084554574
1986-01-06,0.11454934084554574
1986-01-07,0.11454934084554574
1986-01-08,0.11454934084554574
1986-01-09,0.11454934084554574
1986-01-10,0.11864038873288665
1986-01-11,0.11864038873288665
1986-01-12,0.12273143662022758
1986-01-13,0.12273143662022758
1986-01-14,0.12273143662022758
1986-01-15,0.12273143662022758
1986-01-16,0.1268224845075685
1986-01-17,0.13091353239490944
1986-01-18,0.13091353239490944
1986-01-19,0.13500458028225035
1986-01-20,0.13500458028225035
1986-01-21,0.13500458028225035
1986-01-22,0.1268224845075685
1986-01-23,0.11864038873288665
1986-01-24,0.11454934084554574
1986-01-25,0.11454934084554574
1986-01-26,0.11864038873288665
1986-01-27,0.11454934084554574
1986-01-28,0.11045829295820482
1986-01-29,0.10636724507086391
1986-01-30,0.10227619718352299
1986-01-31,0.09818514929618205
1986-02-01,0.09818514929618205
1986-02-02,0.10227619718352299
1986-02-03,0.10636724507086391
1986-02-04,0.10227619718352299
1986-02-05,0.09818514929618205
1986-02-06,0.09000305352150023
1986-02-07,0.08591200563415932
1986-02-08,0.08182095774681838
1986-02-09,0.08182095774681838
1986-02-10,0.07772990985947746
1986-02-11,0.07772990985947746
1986-02-12,0.07363886197213657
1986-02-13,0.07772990985947746
1986-02-14,0.08182095774681838
1986-02-15,0.08182095774681838
1986-02-16,0.08591200563415932
1986-02-17,0.08591200563415932
1986-02-18,0.09000305352150023
1986-02-19,0.09000305352150023
1986-02-20,0.09000305352150023
1986-02-21,0.09409410140884114
1986-02-22,0.09818514929618205
1986-02-23,0.09409410140884114
1986-02-24,0.09409410140884114
1986-02-25,0.09818514929618205
1986-02-26,0.10227619718352299
1986-02-27,0.10227619718352299
1986-02-28,0.10227619718352299
1986-03-01,0.10227619718352299
1986-03-02,0.10227619718352299
1986-03-03,0.09818514929618205
1986-03-04,0.09818514929618205
1986-03-05,0.09818514929618205
1986-03-06,0.09409410140884114
1986-03-07,0.09000305352150023
1986-03-08,0.09000305352150023
1986-03-09,0.09000305352150023
1986-03-10,0.08591200563415932
1986-03-11,0.08591200563415932
1986-03-12,0.08591200563415932
1986-03-13,0.08591200563415932
1986-03-14,0.08182095774681838
1986-03-15,0.08591200563415932
1986-03-16,0.08182095774681838
1986-03-17,0.07772990985947746
1986-03-18,0.07772990985947746
1986-03-19,0.08182095774681838
1986-03-20,0.08182095774681838
1986-03-21,0.08591200563415932
1986-03-22,0.08591200563415932
1986-03-23,0.08591200563415932
1986-03-24,0.09000305352150023
1986-03-25,0.09000305352150023
1986-03-26,0.09409410140884114
1986-03-27,0.10227619718352299
1986-03-28,0.11045829295820482
1986-03-29,0.12273143662022758
1986-03-30,0.13091353239490944
1986-03-31,0.1431866760569322
1986-04-01,0.15545981971895492
1986-04-02,0.16364191549363677
1986-04-03,0.15545981971895492
1986-04-04,0.15545981971895492
1986-04-05,0.15545981971895492
1986-04-06,0.15955086760629586
1986-04-07,0.15955086760629586
1986-04-08,0.15955086760629586
1986-04-09,0.16364191549363677
1986-04-10,0.16364191549363677
1986-04-11,0.16773296338097768
1986-04-12,0.16773296338097768
1986-04-13,0.16364191549363677
1986-04-14,0.16364191549363677
1986-04-15,0.15955086760629586
1986-04-16,0.15955086760629586
1986-04-17,0.16364191549363677
1986-04-18,0.16773296338097768
1986-04-19,0.17182401126831864
1986-04-20,0.17591505915565953
1986-04-21,0.18000610704300046
1986-04-22,0.18818820281768228
1986-04-23,0.20455239436704598
1986-04-24,0.2372807774657733
1986-04-25,0.2700091605645007
1986-04-26,0.2700091605645007
1986-04-27,0.2618270647898189
1986-04-28,0.253644969015137
1986-04-29,0.2372807774657733
1986-04-30,0.22500763380375058
1986-05-01,0.24546287324045515
1986-05-02,0.32728383098727354
1986-05-03,0.7772990985947748
1986-05-04,1.9637029859236412
1986-05-05,1.6364191549363678
1986-05-06,1.3500458028225035
1986-05-07,1.7591505915565955
1986-05-08,1.3909562816959127
1986-05-09,1.2273143662022759
1986-05-10,1.063672450708639
1986-05-11,0.9409410140884116
1986-05-12,0.8591200563415932
1986-05-13,0.8182095774681839
1986-05-14,0.7363886197213655
1986-05-15,0.7363886197213655
1986-05-16,0.8182095774681839
1986-05-17,0.8182095774681839
1986-05-18,0.6136571831011379
1986-05-19,0.7363886197213655
1986-05-20,1.2273143662022759
1986-05-21,2.290986816910915
1986-05-22,4.295600281707966
1986-05-23,4.500152676075012
1986-05-24,3.518301183113191
1986-05-25,3.06828591550569
1986-05-26,4.58197363382183
1986-05-27,8.386648169048884
1986-05-28,11.618576000048213
1986-05-29,14.073204732452764
1986-05-30,15.505071493022086
1986-05-31,16.32328107049027
1986-06-01,18.73699932402141
1986-06-02,18.2460735775405
1986-06-03,17.632416394439364
1986-06-04,18.041521183173458
1986-06-05,17.550595436692547
1986-06-06,16.77329633809777
1986-06-07,14.605040957807082
1986-06-08,19.637029859236414
1986-06-09,13.091353239490942
1986-06-10,8.386648169048884
1986-06-11,8.550290084542521
1986-06-12,9.327589183137297
1986-06-13,9.654873014124568
1986-06-14,9.409410140884114
1986-06-15,9.000305352150024
1986-06-16,7.977543380314792
1986-06-17,7.241154760593428
1986-06-18,6.300213746505017
1986-06-19,5.8092880000241065
1986-06-20,6.177482309884788
1986-06-21,4.909257464809103
1986-06-22,3.9274059718472825
1986-06-23,3.3955697464929635
1986-06-24,3.231927830999327
1986-06-25,3.1501068732525086
1986-06-26,2.9864649577588716
1986-06-27,2.822823042265235
1986-06-28,2.741002084518416
1986-06-29,2.659181126771598
1986-06-30,2.700091605645007
1986-07-01,2.3318972957843243
1986-07-02,2.0455239436704593
1986-07-03,1.8818820281768232
1986-07-04,1.7591505915565955
1986-07-05,1.7591505915565955
1986-07-06,1.5545981971895495
1986-07-07,1.3909562816959127
1986-07-08,1.3091353239490942
1986-07-09,1.472777239442731
1986-07-10,1.5955086760629587
1986-07-11,2.0455239436704593
1986-07-12,2.3728077746577334
1986-07-13,1.7182401126831863
1986-07-14,1.4318667605693218
1986-07-15,1.3909562816959127
1986-07-16,1.3909562816959127
1986-07-17,1.3500458028225035
1986-07-18,1.268224845075685
1986-07-19,1.1045829295820482
1986-07-20,1.063672450708639
1986-07-21,0.9818514929618206
1986-07-22,0.9000305352150023
1986-07-23,0.8591200563415932
1986-07-24,0.8182095774681839
1986-07-25,0.8182095774681839
1986-07-26,0.8591200563415932
1986-07-27,0.8182095774681839
1986-07-28,0.7363886197213655
1986-07-29,0.6954781408479563
1986-07-30,0.6545676619745471
1986-07-31,0.6954781408479563
1986-08-01,0.6954781408479563
1986-08-02,0.6545676619745471
1986-08-03,0.4909257464809103
1986-08-04,0.40092269295941024
1986-08-05,0.40910478873409195
1986-08-06,0.40501374084675107
1986-08-07,0.40501374084675107
1986-08-08,0.3968316450720692
1986-08-09,0.40910478873409195
1986-08-10,0.40910478873409195
1986-08-11,0.3968316450720692
1986-08-12,0.3927405971847282
1986-08-13,0.38455850141004644
1986-08-14,0.38455850141004644
1986-08-15,0.3722853577480236
1986-08-16,0.34773907042397817
1986-08-17,0.3313748788746144
1986-08-18,0.3231927830999327
1986-08-19,0.30682859155056896
1986-08-20,0.30682859155056896
1986-08-21,0.31091963943790984
1986-08-22,0.3395569746492963
1986-08-23,0.3191017352125917
1986-08-24,0.3150106873252508
1986-08-25,0.2986464957758871
1986-08-26,0.3027375436632281
1986-08-27,0.29046440000120527
1986-08-28,0.28228230422652345
1986-08-29,0.27410020845184163
1986-08-30,0.27410020845184163
1986-08-31,0.3191017352125917
1986-09-01,0.32728383098727354
1986-09-02,0.38455850141004644
1986-09-03,0.3600122140860009
1986-09-04,0.3313748788746144
1986-09-05,0.3722853577480236
1986-09-06,0.40910478873409195
1986-09-07,0.45001526760750116
1986-09-08,0.40910478873409195
1986-09-09,0.4909257464809103
1986-09-10,0.4909257464809103
1986-09-11,0.5727467042277288
1986-09-12,0.5727467042277288
1986-09-13,0.5318362253543195
1986-09-14,0.5318362253543195
1986-09-15,0.4909257464809103
1986-09-16,0.45001526760750116
1986-09-17,0.45001526760750116
1986-09-18,0.45001526760750116
1986-09-19,0.45001526760750116
1986-09-20,0.45001526760750116
1986-09-21,0.45001526760750116
1986-09-22,0.40910478873409195
1986-09-23,0.40910478873409195
1986-09-24,0.40910478873409195
1986-09-25,0.45001526760750116
1986-09-26,0.4909257464809103
1986-09-27,0.4909257464809103
1986-09-28,0.45001526760750116
1986-09-29,0.45001526760750116
1986-09-30,0.4909257464809103
1986-10-01,0.45001526760750116
1986-10-02,0.45001526760750116
1986-10-03,0.45001526760750116
1986-10-04,0.45001526760750116
1986-10-05,0.45001526760750116
1986-10-06,0.45001526760750116
1986-10-07,0.5318362253543195
1986-10-08,0.5318362253543195
1986-10-09,0.5318362253543195
1986-10-10,0.5318362253543195
1986-10-11,0.5318362253543195
1986-10-12,0.4909257464809103
1986-10-13,0.4909257464809103
1986-10-14,0.4909257464809103
1986-10-15,0.4909257464809103
1986-10-16,0.4909257464809103
1986-10-17,0.4909257464809103
1986-10-18,0.45001526760750116
1986-10-19,0.38455850141004644
1986-10-20,0.40910478873409195
1986-10-21,0.40910478873409195
1986-10-22,0.45001526760750116
1986-10-23,0.45001526760750116
1986-10-24,0.45001526760750116
1986-10-25,0.45001526760750116
1986-10-26,0.45001526760750116
1986-10-27,0.45001526760750116
1986-10-28,0.40910478873409195
1986-10-29,0.40910478873409195
1986-10-30,0.40910478873409195
1986-10-31,0.3927405971847282
1986-11-01,0.35183011831131905
1986-11-02,0.3436480225366373
1986-11-03,0.3436480225366373
1986-11-04,0.35183011831131905
1986-11-05,0.3600122140860009
1986-11-06,0.3436480225366373
1986-11-07,0.32728383098727354
1986-11-08,0.3027375436632281
1986-11-09,0.2781912563391825
1986-11-10,0.253644969015137
1986-11-11,0.2618270647898189
1986-11-12,0.2700091605645007
1986-11-13,0.2781912563391825
1986-11-14,0.2863733521138644
1986-11-15,0.29455544788854626
1986-11-16,0.29455544788854626
1986-11-17,0.3027375436632281
1986-11-18,0.3027375436632281
1986-11-19,0.3027375436632281
1986-11-20,0.3027375436632281
1986-11-21,0.3027375436632281
1986-11-22,0.29455544788854626
1986-11-23,0.29455544788854626
1986-11-24,0.29455544788854626
1986-11-25,0.2863733521138644
1986-11-26,0.2863733521138644
1986-11-27,0.2781912563391825
1986-11-28,0.2781912563391825
1986-11-29,0.2700091605645007
1986-11-30,0.2618270647898189
1986-12-01,0.2618270647898189
1986-12-02,0.253644969015137
1986-12-03,0.24546287324045515
1986-12-04,0.2372807774657733
1986-12-05,0.2290986816910915
1986-12-06,0.22091658591640964
1986-12-07,0.20455239436704598
1986-12-08,0.20046134647970512
1986-12-09,0.18818820281768228
1986-12-10,0.18000610704300046
1986-12-11,0.18409715493034137
1986-12-12,0.18818820281768228
1986-12-13,0.18818820281768228
1986-12-14,0.19227925070502322
1986-12-15,0.19227925070502322
1986-12-16,0.19227925070502322
1986-12-17,0.19227925070502322
1986-12-18,0.18818820281768228
1986-12-19,0.18818820281768228
1986-12-20,0.18409715493034137
1986-12-21,0.18000610704300046
1986-12-22,0.17591505915565953
1986-12-23,0.17591505915565953
1986-12-24,0.16773296338097768
1986-12-25,0.16364191549363677
1986-12-26,0.15955086760629586
1986-12-27,0.15545981971895492
1986-12-28,0.15136877183161404
1986-12-29,0.14727772394427313
1986-12-30,0.1431866760569322
1986-12-31,0.13909562816959126
1987-01-01,0.13500458028225035
1987-01-02,0.13500458028225035
1987-01-03,0.13091353239490944
1987-01-04,0.13091353239490944
1987-01-05,0.1268224845075685
1987-01-06,0.1268224845075685
1987-01-07,0.12273143662022758
1987-01-08,0.11864038873288665
1987-01-09,0.11454934084554574
1987-01-10,0.11045829295820482
1987-01-11,0.11045829295820482
1987-01-12,0.10636724507086391
1987-01-13,0.10636724507086391
1987-01-14,0.10227619718352299
1987-01-15,0.10227619718352299
1987-01-16,0.09818514929618205
1987-01-17,0.09818514929618205
1987-01-18,0.09818514929618205
1987-01-19,0.09818514929618205
1987-01-20,0.10227619718352299
1987-01-21,0.10227619718352299
1987-01-22,0.10227619718352299
1987-01-23,0.10227619718352299
1987-01-24,0.10636724507086391
1987-01-25,0.10636724507086391
1987-01-26,0.10636724507086391
1987-01-27,0.11045829295820482
1987-01-28,0.11045829295820482
1987-01-29,0.11454934084554574
1987-01-30,0.11454934084554574
1987-01-31,0.11454934084554574
1987-02-01,0.11864038873288665
1987-02-02,0.11864038873288665
1987-02-03,0.11864038873288665
1987-02-04,0.11864038873288665
1987-02-05,0.11864038873288665
1987-02-06,0.11864038873288665
1987-02-07,0.11864038873288665
1987-02-08,0.12273143662022758
1987-02-09,0.12273143662022758
1987-02-10,0.12273143662022758
1987-02-11,0.12273143662022758
1987-02-12,0.12273143662022758
1987-02-13,0.12273143662022758
1987-02-14,0.11864038873288665
1987-02-15,0.11864038873288665
1987-02-16,0.11454934084554574
1987-02-17,0.11454934084554574
1987-02-18,0.11454934084554574
1987-02-19,0.11045829295820482
1987-02-20,0.11045829295820482
1987-02-21,0.11045829295820482
1987-02-22,0.10636724507086391
1987-02-23,0.10636724507086391
1987-02-24,0.10227619718352299
1987-02-25,0.10227619718352299
1987-02-26,0.09818514929618205
1987-02-27,0.09818514929618205
1987-02-28,0.10227619718352299
1987-03-01,0.10636724507086391
1987-03-02,0.11045829295820482
1987-03-03,0.11454934084554574
1987-03-04,0.11864038873288665
1987-03-05,0.12273143662022758
1987-03-06,0.1268224845075685
1987-03-07,0.13091353239490944
1987-03-08,0.13091353239490944
1987-03-09,0.1268224845075685
1987-03-10,0.12273143662022758
1987-03-11,0.11864038873288665
1987-03-12,0.11864038873288665
1987-03-13,0.11454934084554574
1987-03-14,0.11454934084554574
1987-03-15,0.11045829295820482
1987-03-16,0.11045829295820482
1987-03-17,0.10636724507086391
1987-03-18,0.10636724507086391
1987-03-19,0.10227619718352299
1987-03-20,0.10227619718352299
1987-03-21,0.09818514929618205
1987-03-22,0.09818514929618205
1987-03-23,0.09409410140884114
1987-03-24,0.09409410140884114
1987-03-25,0.09000305352150023
1987-03-26,0.08591200563415932
1987-03-27,0.08591200563415932
1987-03-28,0.08591200563415932
1987-03-29,0.08591200563415932
1987-03-30,0.08591200563415932
1987-03-31,0.09000305352150023
1987-04-01,0.09409410140884114
1987-04-02,0.09818514929618205
1987-04-03,0.10227619718352299
1987-04-04,0.11045829295820482
1987-04-05,0.12273143662022758
1987-04-06,0.1431866760569322
1987-04-07,0.15545981971895492
1987-04-08,0.16364191549363677
1987-04-09,0.16773296338097768
1987-04-10,0.17182401126831864
1987-04-11,0.17182401126831864
1987-04-12,0.17182401126831864
1987-04-13,0.18000610704300046
1987-04-14,0.19227925070502322
1987-04-15,0.20455239436704598
1987-04-16,0.22091658591640964
1987-04-17,0.25773601690247794
1987-04-18,0.6136571831011379
1987-04-19,1.0227619718352297
1987-04-20,0.5318362253543195
1987-04-21,0.22500763380375058
1987-04-22,0.29455544788854626
1987-04-23,0.6136571831011379
1987-04-24,0.7772990985947748
1987-04-25,1.2273143662022759
1987-04-26,2.741002084518416
1987-04-27,5.400183211290014
1987-04-28,6.5047661408720625
1987-04-29,5.8092880000241065
1987-04-30,6.422945183125244
1987-05-01,8.10027481693502
1987-05-02,6.668408056365699
1987-05-03,2.9864649577588716
1987-05-04,2.3318972957843243
1987-05-05,3.641032619733419
1987-05-06,5.482004169036832
1987-05-07,6.62749757749229
1987-05-08,7.568438591580702
1987-05-09,8.591200563415931
1987-05-10,7.8957224225679745
1987-05-11,6.832049971859336
1987-05-12,7.404796676087065
1987-05-13,7.404796676087065
1987-05-14,6.954781408479564
1987-05-15,7.691170028200929
1987-05-16,8.591200563415931
1987-05-17,13.25499515498458
1987-05-18,7.036602366226382
1987-05-19,5.441093690163423
1987-05-20,4.745615549315467
1987-05-21,4.05013740846751
1987-05-22,3.06828591550569
1987-05-23,2.53644969015137
1987-05-24,2.3318972957843243
1987-05-25,2.4955392112779613
1987-05-26,2.5773601690247796
1987-05-27,2.822823042265235
1987-05-28,3.231927830999327
1987-05-29,4.091047887340919
1987-05-30,4.254689802834556
1987-05-31,5.727467042277287
1987-06-01,5.400183211290014
1987-06-02,3.6001221408600093
1987-06-03,2.9046440000120533
1987-06-04,2.659181126771598
1987-06-05,2.8637335211386437
1987-06-06,3.109196394379099
1987-06-07,4.500152676075012
1987-06-08,12.76406940850367
1987-06-09,8.754842478909568
1987-06-10,6.750229014112517
1987-06-11,4.909257464809103
1987-06-12,4.05013740846751
1987-06-13,3.477390704239782
1987-06-14,3.06828591550569
1987-06-15,2.700091605645007
1987-06-16,2.413718253531142
1987-06-17,2.127344901417278
1987-06-18,1.9637029859236412
1987-06-19,2.250076338037506
1987-06-20,2.0455239436704593
1987-06-21,1.7182401126831863
1987-06-22,1.5955086760629587
1987-06-23,1.5955086760629587
1987-06-24,1.3909562816959127
1987-06-25,1.268224845075685
1987-06-26,1.1454934084554576
1987-06-27,1.0227619718352297
1987-06-28,0.9409410140884116
1987-06-29,0.9000305352150023
1987-06-30,0.8591200563415932
1987-07-01,0.8182095774681839
1987-07-02,0.7772990985947748
1987-07-03,0.6954781408479563
1987-07-04,0.6954781408479563
1987-07-05,0.6954781408479563
1987-07-06,0.6545676619745471
1987-07-07,0.6545676619745471
1987-07-08,0.6136571831011379
1987-07-09,0.6545676619745471
1987-07-10,1.3091353239490942
1987-07-11,2.250076338037506
1987-07-12,2.168255380290687
1987-07-13,1.5545981971895495
1987-07-14,1.268224845075685
1987-07-15,1.063672450708639
1987-07-16,0.9818514929618206
1987-07-17,1.1454934084554576
1987-07-18,1.268224845075685
1987-07-19,1.063672450708639
1987-07-20,0.9000305352150023
1987-07-21,0.9409410140884116
1987-07-22,1.5955086760629587
1987-07-23,1.2273143662022759
1987-07-24,1.063672450708639
1987-07-25,0.9409410140884116
1987-07-26,0.9000305352150023
1987-07-27,1.268224845075685
1987-07-28,1.1045829295820482
1987-07-29,1.3500458028225035
1987-07-30,1.2273143662022759
1987-07-31,1.063672450708639
1987-08-01,0.9409410140884116
1987-08-02,0.8591200563415932
1987-08-03,0.8182095774681839
1987-08-04,0.7772990985947748
1987-08-05,0.7363886197213655
1987-08-06,0.6954781408479563
1987-08-07,0.7772990985947748
1987-08-08,0.8182095774681839
1987-08-09,0.7363886197213655
1987-08-10,0.6954781408479563
1987-08-11,0.6545676619745471
1987-08-12,0.6545676619745471
1987-08-13,0.6136571831011379
1987-08-14,0.6136571831011379
1987-08-15,0.6136571831011379
1987-08-16,0.6136571831011379
1987-08-17,0.5727467042277288
1987-08-18,0.5727467042277288
1987-08-19,0.5318362253543195
1987-08-20,0.5318362253543195
1987-08-21,0.5318362253543195
1987-08-22,0.5727467042277288
1987-08-23,0.5727467042277288
1987-08-24,0.6545676619745471
1987-08-25,0.9000305352150023
1987-08-26,0.8591200563415932
1987-08-27,0.7772990985947748
1987-08-28,0.7363886197213655
1987-08-29,0.6954781408479563
1987-08-30,0.6545676619745471
1987-08-31,0.6136571831011379
1987-09-01,0.6136571831011379
1987-09-02,0.6136571831011379
1987-09-03,0.6136571831011379
1987-09-04,0.6954781408479563
1987-09-05,0.6545676619745471
1987-09-06,0.6545676619745471
1987-09-07,0.6545676619745471
1987-09-08,0.6136571831011379
1987-09-09,0.6136571831011379
1987-09-10,0.6136571831011379
1987-09-11,0.6136571831011379
1987-09-12,0.6136571831011379
1987-09-13,0.6136571831011379
1987-09-14,0.6136571831011379
1987-09-15,0.6136571831011379
1987-09-16,0.6136571831011379
1987-09-17,0.6545676619745471
1987-09-18,0.6545676619745471
1987-09-19,0.6545676619745471
1987-09-20,0.6954781408479563
1987-09-21,0.6954781408479563
1987-09-22,0.6545676619745471
1987-09-23,0.6545676619745471
1987-09-24,0.5727467042277288
1987-09-25,0.5727467042277288
1987-09-26,0.5727467042277288
1987-09-27,0.5318362253543195
1987-09-28,0.5318362253543195
1987-09-29,0.4909257464809103
1987-09-30,0.4909257464809103
1987-10-01,0.45001526760750116
1987-10-02,0.45001526760750116
1987-10-03,0.45001526760750116
1987-10-04,0.40910478873409195
1987-10-05,0.40910478873409195
1987-10-06,0.40910478873409195
1987-10-07,0.40501374084675107
1987-10-08,0.40092269295941024
1987-10-09,0.40092269295941024
1987-10-10,0.40092269295941024
1987-10-11,0.3968316450720692
1987-10-12,0.3968316450720692
1987-10-13,0.3927405971847282
1987-10-14,0.36819430986068274
1987-10-15,0.36819430986068274
1987-10-16,0.3600122140860009
1987-10-17,0.35183011831131905
1987-10-18,0.3436480225366373
1987-10-19,0.33546592676195536
1987-10-20,0.32728383098727354
1987-10-21,0.3191017352125917
1987-10-22,0.3191017352125917
1987-10-23,0.32728383098727354
1987-10-24,0.32728383098727354
1987-10-25,0.33546592676195536
1987-10-26,0.33546592676195536
1987-10-27,0.33546592676195536
1987-10-28,0.3436480225366373
1987-10-29,0.3436480225366373
1987-10-30,0.3436480225366373
1987-10-31,0.3436480225366373
1987-11-01,0.3436480225366373
1987-11-02,0.3436480225366373
1987-11-03,0.3395569746492963
1987-11-04,0.45001526760750116
1987-11-05,0.4909257464809103
1987-11-06,0.3600122140860009
1987-11-07,0.3191017352125917
1987-11-08,0.36819430986068274
1987-11-09,0.3313748788746144
1987-11-10,0.31091963943790984
1987-11-11,0.28228230422652345
1987-11-12,0.26591811267715976
1987-11-13,0.2781912563391825
1987-11-14,0.26591811267715976
1987-11-15,0.253644969015137
1987-11-16,0.253644969015137
1987-11-17,0.24546287324045515
1987-11-18,0.2372807774657733
1987-11-19,0.2372807774657733
1987-11-20,0.2372807774657733
1987-11-21,0.2372807774657733
1987-11-22,0.2290986816910915
1987-11-23,0.2290986816910915
1987-11-24,0.22091658591640964
1987-11-25,0.22091658591640964
1987-11-26,0.22091658591640964
1987-11-27,0.22091658591640964
1987-11-28,0.21273449014172782
1987-11-29,0.21273449014172782
1987-11-30,0.20455239436704598
1987-12-01,0.1963702985923641
1987-12-02,0.1963702985923641
1987-12-03,0.21273449014172782
1987-12-04,0.22091658591640964
1987-12-05,0.2290986816910915
1987-12-06,0.2372807774657733
1987-12-07,0.2290986816910915
1987-12-08,0.22091658591640964
1987-12-09,0.21273449014172782
1987-12-10,0.20455239436704598
1987-12-11,0.19227925070502322
1987-12-12,0.18409715493034137
1987-12-13,0.18000610704300046
1987-12-14,0.17591505915565953
1987-12-15,0.17182401126831864
1987-12-16,0.16773296338097768
1987-12-17,0.15955086760629586
1987-12-18,0.15955086760629586
1987-12-19,0.15955086760629586
1987-12-20,0.15545981971895492
1987-12-21,0.15136877183161404
1987-12-22,0.14727772394427313
1987-12-23,0.1431866760569322
1987-12-24,0.1431866760569322
1987-12-25,0.13500458028225035
1987-12-26,0.13500458028225035
1987-12-27,0.13091353239490944
1987-12-28,0.12273143662022758
1987-12-29,0.11864038873288665
1987-12-30,0.11454934084554574
1987-12-31,0.11045829295820482
1988-01-01,0.10227619718352299
1988-01-02,0.09818514929618205
1988-01-03,0.09409410140884114
1988-01-04,0.09000305352150023
1988-01-05,0.09000305352150023
1988-01-06,0.09000305352150023
1988-01-07,0.09000305352150023
1988-01-08,0.09000305352150023
1988-01-09,0.08591200563415932
1988-01-10,0.08591200563415932
1988-01-11,0.09000305352150023
1988-01-12,0.09000305352150023
1988-01-13,0.09409410140884114
1988-01-14,0.09409410140884114
1988-01-15,0.09818514929618205
1988-01-16,0.09818514929618205
1988-01-17,0.09409410140884114
1988-01-18,0.09409410140884114
1988-01-19,0.09000305352150023
1988-01-20,0.09000305352150023
1988-01-21,0.09000305352150023
1988-01-22,0.09409410140884114
1988-01-23,0.09409410140884114
1988-01-24,0.09818514929618205
1988-01-25,0.09818514929618205
1988-01-26,0.09818514929618205
1988-01-27,0.09818514929618205
1988-01-28,0.09409410140884114
1988-01-29,0.09409410140884114
1988-01-30,0.09409410140884114
1988-01-31,0.08591200563415932
1988-02-01,0.08591200563415932
1988-02-02,0.08182095774681838
1988-02-03,0.08182095774681838
1988-02-04,0.08182095774681838
1988-02-05,0.08591200563415932
1988-02-06,0.08591200563415932
1988-02-07,0.08591200563415932
1988-02-08,0.08591200563415932
1988-02-09,0.08591200563415932
1988-02-10,0.08591200563415932
1988-02-11,0.08591200563415932
1988-02-12,0.08591200563415932
1988-02-13,0.08591200563415932
1988-02-14,0.08591200563415932
1988-02-15,0.08182095774681838
1988-02-16,0.08182095774681838
1988-02-17,0.08182095774681838
1988-02-18,0.08182095774681838
1988-02-19,0.08182095774681838
1988-02-20,0.08182095774681838
1988-02-21,0.08182095774681838
1988-02-22,0.08182095774681838
1988-02-23,0.07772990985947746
1988-02-24,0.07772990985947746
1988-02-25,0.07363886197213657
1988-02-26,0.07363886197213657
1988-02-27,0.07772990985947746
1988-02-28,0.08182095774681838
1988-02-29,0.08591200563415932
1988-03-01,0.09000305352150023
1988-03-02,0.09409410140884114
1988-03-03,0.09409410140884114
1988-03-04,0.09000305352150023
1988-03-05,0.08591200563415932
1988-03-06,0.08182095774681838
1988-03-07,0.07772990985947746
1988-03-08,0.07363886197213657
1988-03-09,0.06954781408479563
1988-03-10,0.06954781408479563
1988-03-11,0.06545676619745472
1988-03-12,0.06136571831011379
1988-03-13,0.05727467042277287
1988-03-14,0.06136571831011379
1988-03-15,0.06136571831011379
1988-03-16,0.06545676619745472
1988-03-17,0.06954781408479563
1988-03-18,0.06954781408479563
1988-03-19,0.06954781408479563
1988-03-20,0.06954781408479563
1988-03-21,0.07363886197213657
1988-03-22,0.07772990985947746
1988-03-23,0.07772990985947746
1988-03-24,0.07772990985947746
1988-03-25,0.07772990985947746
1988-03-26,0.07772990985947746
1988-03-27,0.07363886197213657
1988-03-28,0.07363886197213657
1988-03-29,0.06954781408479563
1988-03-30,0.06545676619745472
1988-03-31,0.06136571831011379
1988-04-01,0.06136571831011379
1988-04-02,0.06136571831011379
1988-04-03,0.06136571831011379
1988-04-04,0.06136571831011379
1988-04-05,0.06136571831011379
1988-04-06,0.06136571831011379
1988-04-07,0.06136571831011379
1988-04-08,0.06136571831011379
1988-04-09,0.06545676619745472
1988-04-10,0.06954781408479563
1988-04-11,0.08182095774681838
1988-04-12,0.09818514929618205
1988-04-13,0.10636724507086391
1988-04-14,0.12273143662022758
1988-04-15,0.1431866760569322
1988-04-16,0.16364191549363677
1988-04-17,0.18409715493034137
1988-04-18,0.20455239436704598
1988-04-19,0.2290986816910915
1988-04-20,0.24546287324045515
1988-04-21,0.2618270647898189
1988-04-22,0.2863733521138644
1988-04-23,0.3027375436632281
1988-04-24,0.32728383098727354
1988-04-25,0.33546592676195536
1988-04-26,0.3436480225366373
1988-04-27,0.35183011831131905
1988-04-28,0.36410326197334186
1988-04-29,0.3968316450720692
1988-04-30,0.5318362253543195
1988-05-01,0.6545676619745471
1988-05-02,0.5318362253543195
1988-05-03,0.4909257464809103
1988-05-04,0.4909257464809103
1988-05-05,0.5727467042277288
1988-05-06,0.7772990985947748
1988-05-07,0.6954781408479563
1988-05-08,0.8182095774681839
1988-05-09,0.6954781408479563
1988-05-10,0.6545676619745471
1988-05-11,1.268224845075685
1988-05-12,1.8818820281768232
1988-05-13,3.6001221408600093
1988-05-14,9.736693971871388
1988-05-15,7.445707154960474
1988-05-16,7.363886197213656
1988-05-17,16.527833464857313
1988-05-18,17.059669690211635
1988-05-19,6.341124225378425
1988-05-20,3.4364802253663727
1988-05-21,2.5773601690247796
1988-05-22,3.3955697464929635
1988-05-23,7.282065239466838
1988-05-24,12.027680788782304
1988-05-25,15.83235532400936
1988-05-26,19.391566985995958
1988-05-27,18.36880501416073
1988-05-28,18.000610704300048
1988-05-29,18.164252619793682
1988-05-30,18.696088845148005
1988-05-31,10.473082591592753
1988-06-01,7.65025954932752
1988-06-02,8.918484394403205
1988-06-03,12.436785577516396
1988-06-04,15.055056225414585
1988-06-05,15.70962388738913
1988-06-06,12.31405414089617
1988-06-07,8.223006253555248
1988-06-08,6.300213746505017
1988-06-09,5.154720338049559
1988-06-10,4.6637945915686485
1988-06-11,4.0092269295941
1988-06-12,3.8046745352270555
1988-06-13,4.418331718328193
1988-06-14,3.1501068732525086
1988-06-15,2.6182706478981883
1988-06-16,2.413718253531142
1988-06-17,2.3318972957843243
1988-06-18,2.127344901417278
1988-06-19,2.00461346479705
1988-06-20,1.8000610704300046
1988-06-21,1.6773296338097772
1988-06-22,1.5545981971895495
1988-06-23,1.472777239442731
1988-06-24,1.3091353239490942
1988-06-25,1.268224845075685
1988-06-26,1.268224845075685
1988-06-27,1.1454934084554576
1988-06-28,1.3500458028225035
1988-06-29,2.53644969015137
1988-06-30,1.8818820281768232
1988-07-01,1.472777239442731
1988-07-02,1.1864038873288667
1988-07-03,1.0227619718352297
1988-07-04,0.9409410140884116
1988-07-05,0.9000305352150023
1988-07-06,0.7772990985947748
1988-07-07,0.6954781408479563
1988-07-08,0.6545676619745471
1988-07-09,0.6136571831011379
1988-07-10,0.5727467042277288
1988-07-11,0.6136571831011379
1988-07-12,0.5318362253543195
1988-07-13,0.4909257464809103
1988-07-14,0.45001526760750116
1988-07-15,0.40092269295941024
1988-07-16,0.38455850141004644
1988-07-17,0.36410326197334186
1988-07-18,0.34773907042397817
1988-07-19,0.35183011831131905
1988-07-20,0.3313748788746144
1988-07-21,0.3027375436632281
1988-07-22,0.2863733521138644
1988-07-23,0.27410020845184163
1988-07-24,0.26591811267715976
1988-07-25,0.253644969015137
1988-07-26,0.24546287324045515
1988-07-27,0.2495539211277961
1988-07-28,0.22500763380375058
1988-07-29,0.21273449014172782
1988-07-30,0.20046134647970512
1988-07-31,0.19227925070502322
1988-08-01,0.19227925070502322
1988-08-02,0.1963702985923641
1988-08-03,0.2618270647898189
1988-08-04,0.2495539211277961
1988-08-05,0.20864344225438688
1988-08-06,0.18818820281768228
1988-08-07,0.18409715493034137
1988-08-08,0.19227925070502322
1988-08-09,0.18409715493034137
1988-08-10,0.18000610704300046
1988-08-11,0.18000610704300046
1988-08-12,0.18409715493034137
1988-08-13,0.18409715493034137
1988-08-14,0.18818820281768228
1988-08-15,0.18818820281768228
1988-08-16,0.18818820281768228
1988-08-17,0.18818820281768228
1988-08-18,0.18409715493034137
1988-08-19,0.18000610704300046
1988-08-20,0.17591505915565953
1988-08-21,0.17182401126831864
1988-08-22,0.16773296338097768
1988-08-23,0.15955086760629586
1988-08-24,0.15545981971895492
1988-08-25,0.15136877183161404
1988-08-26,0.13909562816959126
1988-08-27,0.13091353239490944
1988-08-28,0.1268224845075685
1988-08-29,0.12273143662022758
1988-08-30,0.11864038873288665
1988-08-31,0.11454934084554574
1988-09-01,0.10636724507086391
1988-09-02,0.10227619718352299
1988-09-03,0.09818514929618205
1988-09-04,0.09409410140884114
1988-09-05,0.08591200563415932
1988-09-06,0.08182095774681838
1988-09-07,0.07772990985947746
1988-09-08,0.07363886197213657
1988-09-09,0.06545676619745472
1988-09-10,0.06136571831011379
1988-09-11,0.11045829295820482
1988-09-12,0.13909562816959126
1988-09-13,0.13091353239490944
1988-09-14,0.13091353239490944
1988-09-15,0.13091353239490944
1988-09-16,0.13091353239490944
1988-09-17,0.1268224845075685
1988-09-18,0.1268224845075685
1988-09-19,0.13091353239490944
1988-09-20,0.13091353239490944
1988-09-21,0.13091353239490944
1988-09-22,0.13091353239490944
1988-09-23,0.13091353239490944
1988-09-24,0.1268224845075685
1988-09-25,0.1268224845075685
1988-09-26,0.1268224845075685
1988-09-27,0.1268224845075685
1988-09-28,0.12273143662022758
1988-09-29,0.12273143662022758
1988-09-30,0.12273143662022758
1988-10-01,0.12273143662022758
1988-10-02,0.12273143662022758
1988-10-03,0.12273143662022758
1988-10-04,0.12273143662022758
1988-10-05,0.11864038873288665
1988-10-06,0.11864038873288665
1988-10-07,0.11454934084554574
1988-10-08,0.11045829295820482
1988-10-09,0.11454934084554574
1988-10-10,0.11864038873288665
1988-10-11,0.11864038873288665
1988-10-12,0.11864038873288665
1988-10-13,0.12273143662022758
1988-10-14,0.12273143662022758
1988-10-15,0.12273143662022758
1988-10-16,0.12273143662022758
1988-10-17,0.1268224845075685
1988-10-18,0.1268224845075685
1988-10-19,0.1268224845075685
1988-10-20,0.1268224845075685
1988-10-21,0.13091353239490944
1988-10-22,0.13091353239490944
1988-10-23,0.13091353239490944
1988-10-24,0.13091353239490944
1988-10-25,0.13909562816959126
1988-10-26,0.13909562816959126
1988-10-27,0.13909562816959126
1988-10-28,0.13909562816959126
1988-10-29,0.1431866760569322
1988-10-30,0.1431866760569322
1988-10-31,0.1431866760569322
1988-11-01,0.1431866760569322
1988-11-02,0.14727772394427313
1988-11-03,0.14727772394427313
1988-11-04,0.14727772394427313
1988-11-05,0.14727772394427313
1988-11-06,0.14727772394427313
1988-11-07,0.14727772394427313
1988-11-08,0.14727772394427313
1988-11-09,0.14727772394427313
1988-11-10,0.14727772394427313
1988-11-11,0.14727772394427313
1988-11-12,0.14727772394427313
1988-11-13,0.14727772394427313
1988-11-14,0.14727772394427313
1988-11-15,0.14727772394427313
1988-11-16,0.14727772394427313
1988-11-17,0.14727772394427313
1988-11-18,0.14727772394427313
1988-11-19,0.14727772394427313
1988-11-20,0.14727772394427313
1988-11-21,0.14727772394427313
1988-11-22,0.14727772394427313
1988-11-23,0.14727772394427313
1988-11-24,0.14727772394427313
1988-11-25,0.14727772394427313
1988-11-26,0.15136877183161404
1988-11-27,0.15136877183161404
1988-11-28,0.15136877183161404
1988-11-29,0.15136877183161404
1988-11-30,0.15136877183161404
1988-12-01,0.15136877183161404
1988-12-02,0.15136877183161404
1988-12-03,0.15136877183161404
1988-12-04,0.15136877183161404
1988-12-05,0.15136877183161404
1988-12-06,0.15136877183161404
1988-12-07,0.15136877183161404
1988-12-08,0.15136877183161404
1988-12-09,0.15136877183161404
1988-12-10,0.15136877183161404
1988-12-11,0.15136877183161404
1988-12-12,0.15136877183161404
1988-12-13,0.15136877183161404
1988-12-14,0.15136877183161404
1988-12-15,0.15136877183161404
1988-12-16,0.14727772394427313
1988-12-17,0.14727772394427313
1988-12-18,0.1431866760569322
1988-12-19,0.1431866760569322
1988-12-20,0.1431866760569322
1988-12-21,0.13909562816959126
1988-12-22,0.13909562816959126
1988-12-23,0.13500458028225035
1988-12-24,0.13091353239490944
1988-12-25,0.1268224845075685
1988-12-26,0.1268224845075685
1988-12-27,0.12273143662022758
1988-12-28,0.11864038873288665
1988-12-29,0.11864038873288665
1988-12-30,0.11864038873288665
1988-12-31,0.11864038873288665
1989-01-01,0.11454934084554574
1989-01-02,0.11045829295820482
1989-01-03,0.11045829295820482
1989-01-04,0.11045829295820482
1989-01-05,0.10636724507086391
1989-01-06,0.10636724507086391
1989-01-07,0.10636724507086391
1989-01-08,0.10636724507086391
1989-01-09,0.10227619718352299
1989-01-10,0.10227619718352299
1989-01-11,0.10227619718352299
1989-01-12,0.10227619718352299
1989-01-13,0.10227619718352299
1989-01-14,0.10227619718352299
1989-01-15,0.10227619718352299
1989-01-16,0.10227619718352299
1989-01-17,0.09818514929618205
1989-01-18,0.09409410140884114
1989-01-19,0.09409410140884114
1989-01-20,0.09409410140884114
1989-01-21,0.09409410140884114
1989-01-22,0.09000305352150023
1989-01-23,0.09000305352150023
1989-01-24,0.09000305352150023
1989-01-25,0.09000305352150023
1989-01-26,0.08591200563415932
1989-01-27,0.08591200563415932
1989-01-28,0.08182095774681838
1989-01-29,0.08182095774681838
1989-01-30,0.08182095774681838
1989-01-31,0.07772990985947746
1989-02-01,0.06954781408479563
1989-02-02,0.049092574648091025
1989-02-03,0.05727467042277287
1989-02-04,0.06136571831011379
1989-02-05,0.06545676619745472
1989-02-06,0.06954781408479563
1989-02-07,0.06954781408479563
1989-02-08,0.06954781408479563
1989-02-09,0.07363886197213657
1989-02-10,0.07363886197213657
1989-02-11,0.07363886197213657
1989-02-12,0.06954781408479563
1989-02-13,0.06954781408479563
1989-02-14,0.06954781408479563
1989-02-15,0.06954781408479563
1989-02-16,0.06545676619745472
1989-02-17,0.06545676619745472
1989-02-18,0.06136571831011379
1989-02-19,0.06545676619745472
1989-02-20,0.06954781408479563
1989-02-21,0.06954781408479563
1989-02-22,0.06954781408479563
1989-02-23,0.07363886197213657
1989-02-24,0.06954781408479563
1989-02-25,0.07363886197213657
1989-02-26,0.06954781408479563
1989-02-27,0.06954781408479563
1989-02-28,0.06954781408479563
1989-03-01,0.06545676619745472
1989-03-02,0.06545676619745472
1989-03-03,0.06545676619745472
1989-03-04,0.06954781408479563
1989-03-05,0.06954781408479563
1989-03-06,0.06954781408479563
1989-03-07,0.06545676619745472
1989-03-08,0.06136571831011379
1989-03-09,0.06136571831011379
1989-03-10,0.06136571831011379
1989-03-11,0.05727467042277287
1989-03-12,0.05727467042277287
1989-03-13,0.05727467042277287
1989-03-14,0.06136571831011379
1989-03-15,0.06545676619745472
1989-03-16,0.06545676619745472
1989-03-17,0.06545676619745472
1989-03-18,0.06545676619745472
1989-03-19,0.06545676619745472
1989-03-20,0.06545676619745472
1989-03-21,0.06545676619745472
1989-03-22,0.06545676619745472
1989-03-23,0.06545676619745472
1989-03-24,0.06136571831011379
1989-03-25,0.06136571831011379
1989-03-26,0.06136571831011379
1989-03-27,0.06136571831011379
1989-03-28,0.06136571831011379
1989-03-29,0.06136571831011379
1989-03-30,0.06136571831011379
1989-03-31,0.05727467042277287
1989-04-01,0.06136571831011379
1989-04-02,0.06136571831011379
1989-04-03,0.06136571831011379
1989-04-04,0.06136571831011379
1989-04-05,0.05727467042277287
1989-04-06,0.05727467042277287
1989-04-07,0.05727467042277287
1989-04-08,0.05727467042277287
1989-04-09,0.05727467042277287
1989-04-10,0.05727467042277287
1989-04-11,0.05727467042277287
1989-04-12,0.05727467042277287
1989-04-13,0.06136571831011379
1989-04-14,0.07772990985947746
1989-04-15,0.09818514929618205
1989-04-16,0.08591200563415932
1989-04-17,0.09000305352150023
1989-04-18,0.09000305352150023
1989-04-19,0.09409410140884114
1989-04-20,0.10227619718352299
1989-04-21,0.14727772394427313
1989-04-22,0.6954781408479563
1989-04-23,3.3546592676195544
1989-04-24,2.3728077746577334
1989-04-25,0.8182095774681839
1989-04-26,0.6136571831011379
1989-04-27,0.5318362253543195
1989-04-28,0.5318362253543195
1989-04-29,0.5318362253543195
1989-04-30,0.5318362253543195
1989-05-01,0.4909257464809103
1989-05-02,0.40092269295941024
1989-05-03,0.3600122140860009
1989-05-04,0.34773907042397817
1989-05-05,0.3313748788746144
1989-05-06,0.35592116619866
1989-05-07,0.4909257464809103
1989-05-08,0.7772990985947748
1989-05-09,1.1864038873288667
1989-05-10,2.822823042265235
1989-05-11,6.545676619745471
1989-05-12,7.15933380284661
1989-05-13,4.336510760581374
1989-05-14,2.945554478885462
1989-05-15,2.4955392112779613
1989-05-16,2.53644969015137
1989-05-17,3.109196394379099
1989-05-18,5.318362253543196
1989-05-19,8.14118529580843
1989-05-20,4.500152676075012
1989-05-21,4.541063154948421
1989-05-22,6.791139492985927
1989-05-23,10.432172112719345
1989-05-24,9.082126309896841
1989-05-25,4.05013740846751
1989-05-26,2.945554478885462
1989-05-27,3.3955697464929635
1989-05-28,6.300213746505017
1989-05-29,11.373113126807755
1989-05-30,8.959394873276613
1989-05-31,4.541063154948421
1989-06-01,3.5592116619866006
1989-06-02,4.58197363382183
1989-06-03,4.500152676075012
1989-06-04,3.5592116619866006
1989-06-05,4.336510760581374
1989-06-06,7.0775128450997915
1989-06-07,8.795752957782977
1989-06-08,11.29129216906094
1989-06-09,9.082126309896841
1989-06-10,11.495844563427985
1989-06-11,11.577665521174803
1989-06-12,8.304827211302067
1989-06-13,5.318362253543196
1989-06-14,5.154720338049559
1989-06-15,6.750229014112517
1989-06-16,10.06397780285866
1989-06-17,8.059364338061611
1989-06-18,6.13657183101138
1989-06-19,6.382034704251835
1989-06-20,5.972929915517743
1989-06-21,4.541063154948421
1989-06-22,3.8046745352270555
1989-06-23,3.3546592676195544
1989-06-24,3.231927830999327
1989-06-25,3.0273754366322807
1989-06-26,3.1501068732525086
1989-06-27,3.3955697464929635
1989-06-28,3.5592116619866006
1989-06-29,3.477390704239782
1989-06-30,3.2728383098727356
1989-07-01,3.1501068732525086
1989-07-02,2.9046440000120533
1989-07-03,2.700091605645007
1989-07-04,2.4955392112779613
1989-07-05,2.3728077746577334
1989-07-06,2.250076338037506
1989-07-07,2.086434422543869
1989-07-08,1.9227925070502323
1989-07-09,1.8000610704300046
1989-07-10,2.0455239436704593
1989-07-11,1.7182401126831863
1989-07-12,2.00461346479705
1989-07-13,2.700091605645007
1989-07-14,2.290986816910915
1989-07-15,1.8818820281768232
1989-07-16,1.5955086760629587
1989-07-17,1.472777239442731
1989-07-18,1.3091353239490942
1989-07-19,1.1864038873288667
1989-07-20,1.1045829295820482
1989-07-21,1.0227619718352297
1989-07-22,1.1045829295820482
1989-07-23,1.3909562816959127
1989-07-24,1.268224845075685
1989-07-25,1.063672450708639
1989-07-26,0.9818514929618206
1989-07-27,0.9000305352150023
1989-07-28,0.8591200563415932
1989-07-29,0.8182095774681839
1989-07-30,1.0227619718352297
1989-07-31,0.8591200563415932
1989-08-01,0.7772990985947748
1989-08-02,0.7363886197213655
1989-08-03,0.6545676619745471
1989-08-04,0.6136571831011379
1989-08-05,0.5727467042277288
1989-08-06,0.6136571831011379
1989-08-07,0.5727467042277288
1989-08-08,0.5727467042277288
1989-08-09,0.5318362253543195
1989-08-10,0.5318362253543195
1989-08-11,0.4909257464809103
1989-08-12,0.4909257464809103
1989-08-13,0.45001526760750116
1989-08-14,0.45001526760750116
1989-08-15,0.45001526760750116
1989-08-16,0.40910478873409195
1989-08-17,0.38455850141004644
1989-08-18,0.40910478873409195
1989-08-19,0.45001526760750116
1989-08-20,0.5318362253543195
1989-08-21,0.45001526760750116
1989-08-22,0.40910478873409195
1989-08-23,0.3804674535227055
1989-08-24,0.35592116619866
1989-08-25,0.3436480225366373
1989-08-26,0.33546592676195536
1989-08-27,0.32728383098727354
1989-08-28,0.3191017352125917
1989-08-29,0.2986464957758871
1989-08-30,0.2863733521138644
1989-08-31,0.27410020845184163
1989-09-01,0.27410020845184163
1989-09-02,0.2618270647898189
1989-09-03,0.2495539211277961
1989-09-04,0.24546287324045515
1989-09-05,0.24137182535311424
1989-09-06,0.2372807774657733
1989-09-07,0.23318972957843243
1989-09-08,0.2495539211277961
1989-09-09,0.3027375436632281
1989-09-10,0.3150106873252508
1989-09-11,0.2986464957758871
1989-09-12,0.30682859155056896
1989-09-13,0.29046440000120527
1989-09-14,0.3191017352125917
1989-09-15,0.32728383098727354
1989-09-16,0.31091963943790984
1989-09-17,0.29455544788854626
1989-09-18,0.38455850141004644
1989-09-19,0.35183011831131905
1989-09-20,0.3231927830999327
1989-09-21,0.3191017352125917
1989-09-22,0.31091963943790984
1989-09-23,0.2986464957758871
1989-09-24,0.29046440000120527
1989-09-25,0.28228230422652345
1989-09-26,0.26591811267715976
1989-09-27,0.2618270647898189
1989-09-28,0.2781912563391825
1989-09-29,0.2618270647898189
1989-09-30,0.2495539211277961
1989-10-01,0.3191017352125917
1989-10-02,0.35592116619866
1989-10-03,0.35592116619866
1989-10-04,0.3886495492973874
1989-10-05,0.36819430986068274
1989-10-06,0.36410326197334186
1989-10-07,0.35183011831131905
1989-10-08,0.3313748788746144
1989-10-09,0.3231927830999327
1989-10-10,0.3150106873252508
1989-10-11,0.30682859155056896
1989-10-12,0.30682859155056896
1989-10-13,0.3027375436632281
1989-10-14,0.29046440000120527
1989-10-15,0.29046440000120527
1989-10-16,0.2863733521138644
1989-10-17,0.29046440000120527
1989-10-18,0.3027375436632281
1989-10-19,0.28228230422652345
1989-10-20,0.2863733521138644
1989-10-21,0.2700091605645007
1989-10-22,0.26591811267715976
1989-10-23,0.2618270647898189
1989-10-24,0.25773601690247794
1989-10-25,0.25773601690247794
1989-10-26,0.2618270647898189
1989-10-27,0.253644969015137
1989-10-28,0.2372807774657733
1989-10-29,0.21273449014172782
1989-10-30,0.22091658591640964
1989-10-31,0.22500763380375058
1989-11-01,0.2290986816910915
1989-11-02,0.2372807774657733
1989-11-03,0.2372807774657733
1989-11-04,0.24546287324045515
1989-11-05,0.253644969015137
1989-11-06,0.253644969015137
1989-11-07,0.253644969015137
1989-11-08,0.24546287324045515
1989-11-09,0.24546287324045515
1989-11-10,0.24546287324045515
1989-11-11,0.2372807774657733
1989-11-12,0.2372807774657733
1989-11-13,0.2290986816910915
1989-11-14,0.22091658591640964
1989-11-15,0.22091658591640964
1989-11-16,0.22091658591640964
1989-11-17,0.22091658591640964
1989-11-18,0.21273449014172782
1989-11-19,0.21273449014172782
1989-11-20,0.22091658591640964
1989-11-21,0.2290986816910915
1989-11-22,0.22091658591640964
1989-11-23,0.20455239436704598
1989-11-24,0.21273449014172782
1989-11-25,0.21273449014172782
1989-11-26,0.21273449014172782
1989-11-27,0.1963702985923641
1989-11-28,0.17591505915565953
1989-11-29,0.13909562816959126
1989-11-30,0.11045829295820482
1989-12-01,0.10636724507086391
1989-12-02,0.09818514929618205
1989-12-03,0.11045829295820482
1989-12-04,0.12273143662022758
1989-12-05,0.1431866760569322
1989-12-06,0.13500458028225035
1989-12-07,0.1268224845075685
1989-12-08,0.12273143662022758
1989-12-09,0.11045829295820482
1989-12-10,0.09000305352150023
1989-12-11,0.09818514929618205
1989-12-12,0.09818514929618205
1989-12-13,0.10227619718352299
1989-12-14,0.10227619718352299
1989-12-15,0.09818514929618205
1989-12-16,0.09818514929618205
1989-12-17,0.09409410140884114
1989-12-18,0.08591200563415932
1989-12-19,0.07772990985947746
1989-12-20,0.06545676619745472
1989-12-21,0.053183622535431956
1989-12-22,0.06954781408479563
1989-12-23,0.08182095774681838
1989-12-24,0.09409410140884114
1989-12-25,0.10636724507086391
1989-12-26,0.11045829295820482
1989-12-27,0.11454934084554574
1989-12-28,0.11045829295820482
1989-12-29,0.10636724507086391
1989-12-30,0.10227619718352299
1989-12-31,0.10227619718352299
1990-01-01,0.10636724507086391
1990-01-02,0.10636724507086391
1990-01-03,0.09818514929618205
1990-01-04,0.09818514929618205
1990-01-05,0.09818514929618205
1990-01-06,0.09409410140884114
1990-01-07,0.09409410140884114
1990-01-08,0.09409410140884114
1990-01-09,0.09409410140884114
1990-01-10,0.09818514929618205
1990-01-11,0.09818514929618205
1990-01-12,0.09409410140884114
1990-01-13,0.09818514929618205
1990-01-14,0.09818514929618205
1990-01-15,0.09000305352150023
1990-01-16,0.08182095774681838
1990-01-17,0.07363886197213657
1990-01-18,0.06136571831011379
1990-01-19,0.05727467042277287
1990-01-20,0.06136571831011379
1990-01-21,0.06545676619745472
1990-01-22,0.06954781408479563
1990-01-23,0.06954781408479563
1990-01-24,0.06954781408479563
1990-01-25,0.07363886197213657
1990-01-26,0.06954781408479563
1990-01-27,0.07363886197213657
1990-01-28,0.07772990985947746
1990-01-29,0.07772990985947746
1990-01-30,0.07772990985947746
1990-01-31,0.07363886197213657
1990-02-01,0.07363886197213657
1990-02-02,0.07363886197213657
1990-02-03,0.07363886197213657
1990-02-04,0.07363886197213657
1990-02-05,0.07363886197213657
1990-02-06,0.07363886197213657
1990-02-07,0.06954781408479563
1990-02-08,0.06954781408479563
1990-02-09,0.07363886197213657
1990-02-10,0.07363886197213657
1990-02-11,0.07363886197213657
1990-02-12,0.07363886197213657
1990-02-13,0.06954781408479563
1990-02-14,0.06954781408479563
1990-02-15,0.06545676619745472
1990-02-16,0.06136571831011379
1990-02-17,0.06136571831011379
1990-02-18,0.06545676619745472
1990-02-19,0.06136571831011379
1990-02-20,0.06136571831011379
1990-02-21,0.06545676619745472
1990-02-22,0.06954781408479563
1990-02-23,0.07363886197213657
1990-02-24,0.07363886197213657
1990-02-25,0.07772990985947746
1990-02-26,0.07772990985947746
1990-02-27,0.07363886197213657
1990-02-28,0.06954781408479563
1990-03-01,0.07363886197213657
1990-03-02,0.07772990985947746
1990-03-03,0.08182095774681838
1990-03-04,0.08182095774681838
1990-03-05,0.08182095774681838
1990-03-06,0.07772990985947746
1990-03-07,0.07772990985947746
1990-03-08,0.08182095774681838
1990-03-09,0.07772990985947746
1990-03-10,0.07363886197213657
1990-03-11,0.06954781408479563
1990-03-12,0.06545676619745472
1990-03-13,0.06545676619745472
1990-03-14,0.06545676619745472
1990-03-15,0.06954781408479563
1990-03-16,0.06545676619745472
1990-03-17,0.06954781408479563
1990-03-18,0.06545676619745472
1990-03-19,0.06954781408479563
1990-03-20,0.06954781408479563
1990-03-21,0.06954781408479563
1990-03-22,0.06954781408479563
1990-03-23,0.07363886197213657
1990-03-24,0.07363886197213657
1990-03-25,0.06954781408479563
1990-03-26,0.07772990985947746
1990-03-27,0.09000305352150023
1990-03-28,0.08182095774681838
1990-03-29,0.08591200563415932
1990-03-30,0.08591200563415932
1990-03-31,0.09000305352150023
1990-04-01,0.15136877183161404
1990-04-02,0.17591505915565953
1990-04-03,0.18409715493034137
1990-04-04,0.20046134647970512
1990-04-05,0.20046134647970512
1990-04-06,0.20455239436704598
1990-04-07,0.20864344225438688
1990-04-08,0.2168255380290687
1990-04-09,0.22500763380375058
1990-04-10,0.2372807774657733
1990-04-11,0.24137182535311424
1990-04-12,0.24546287324045515
1990-04-13,0.2495539211277961
1990-04-14,0.253644969015137
1990-04-15,0.2495539211277961
1990-04-16,0.2372807774657733
1990-04-17,0.2495539211277961
1990-04-18,0.2618270647898189
1990-04-19,0.2986464957758871
1990-04-20,0.45001526760750116
1990-04-21,0.40910478873409195
1990-04-22,0.5727467042277288
1990-04-23,0.6136571831011379
1990-04-24,0.4909257464809103
1990-04-25,0.45001526760750116
1990-04-26,0.4909257464809103
1990-04-27,0.45001526760750116
1990-04-28,0.5727467042277288
1990-04-29,0.5318362253543195
1990-04-30,0.4909257464809103
1990-05-01,0.45001526760750116
1990-05-02,0.45001526760750116
1990-05-03,0.40092269295941024
1990-05-04,0.40501374084675107
1990-05-05,0.40910478873409195
1990-05-06,0.4909257464809103
1990-05-07,0.6136571831011379
1990-05-08,0.5727467042277288
1990-05-09,0.5727467042277288
1990-05-10,0.5318362253543195
1990-05-11,0.5318362253543195
1990-05-12,0.5318362253543195
1990-05-13,0.5318362253543195
1990-05-14,0.5318362253543195
1990-05-15,0.4909257464809103
1990-05-16,0.45001526760750116
1990-05-17,0.45001526760750116
1990-05-18,0.4909257464809103
1990-05-19,0.5727467042277288
1990-05-20,0.6136571831011379
1990-05-21,0.8182095774681839
1990-05-22,1.1454934084554576
1990-05-23,2.00461346479705
1990-05-24,3.886495492973874
1990-05-25,5.686556563403878
1990-05-26,4.950167943682513
1990-05-27,3.968316450720692
1990-05-28,4.991078422555923
1990-05-29,7.282065239466838
1990-05-30,11.986770309908893
1990-05-31,17.714237352186185
1990-06-01,13.664099943718671
1990-06-02,6.341124225378425
1990-06-03,4.704705070442057
1990-06-04,8.468469126795704
1990-06-05,15.423250535275267
1990-06-06,13.623189464845261
1990-06-07,15.136877183161404
1990-06-08,15.464161014148678
1990-06-09,16.69147538035095
1990-06-10,26.059975042361657
1990-06-11,23.646256788830517
1990-06-12,10.882187380326846
1990-06-13,7.0775128450997915
1990-06-14,6.341124225378425
1990-06-15,10.432172112719345
1990-06-16,10.391261633845936
1990-06-17,7.568438591580702
1990-06-18,9.20485774651707
1990-06-19,12.109501746529123
1990-06-20,12.76406940850367
1990-06-21,13.664099943718671
1990-06-22,10.800366422580028
1990-06-23,12.723158929630259
1990-06-24,13.664099943718671
1990-06-25,13.582278985971854
1990-06-26,11.086739774693893
1990-06-27,10.800366422580028
1990-06-28,8.754842478909568
1990-06-29,6.709318535239109
1990-06-30,6.218392788758198
1990-07-01,5.850198478897515
1990-07-02,5.563825126783651
1990-07-03,5.64564608453047
1990-07-04,4.295600281707966
1990-07-05,3.722853577480237
1990-07-06,3.3546592676195544
1990-07-07,2.9864649577588716
1990-07-08,2.6182706478981883
1990-07-09,2.5773601690247796
1990-07-10,2.53644969015137
1990-07-11,2.127344901417278
1990-07-12,1.8818820281768232
1990-07-13,1.8818820281768232
1990-07-14,2.0455239436704593
1990-07-15,1.8818820281768232
1990-07-16,1.7182401126831863
1990-07-17,1.5136877183161404
1990-07-18,1.3909562816959127
1990-07-19,1.3091353239490942
1990-07-20,1.8818820281768232
1990-07-21,2.8637335211386437
1990-07-22,2.413718253531142
1990-07-23,1.8818820281768232
1990-07-24,1.5955086760629587
1990-07-25,1.472777239442731
1990-07-26,1.4318667605693218
1990-07-27,1.3091353239490942
1990-07-28,1.2273143662022759
1990-07-29,1.2273143662022759
1990-07-30,1.4318667605693218
1990-07-31,1.268224845075685
1990-08-01,1.1045829295820482
1990-08-02,1.0227619718352297
1990-08-03,0.9818514929618206
1990-08-04,0.9818514929618206
1990-08-05,0.9818514929618206
1990-08-06,0.9000305352150023
1990-08-07,0.8182095774681839
1990-08-08,0.7772990985947748
1990-08-09,0.7363886197213655
1990-08-10,0.7363886197213655
1990-08-11,0.9409410140884116
1990-08-12,1.1045829295820482
1990-08-13,1.3091353239490942
1990-08-14,1.1045829295820482
1990-08-15,1.063672450708639
1990-08-16,0.9409410140884116
1990-08-17,0.9818514929618206
1990-08-18,1.0227619718352297
1990-08-19,0.9409410140884116
1990-08-20,0.8591200563415932
1990-08-21,0.8591200563415932
1990-08-22,0.7772990985947748
1990-08-23,0.7363886197213655
1990-08-24,0.8182095774681839
1990-08-25,0.7363886197213655
1990-08-26,0.6545676619745471
1990-08-27,0.6136571831011379
1990-08-28,0.5727467042277288
1990-08-29,0.5727467042277288
1990-08-30,0.5727467042277288
1990-08-31,0.6545676619745471
1990-09-01,0.5727467042277288
1990-09-02,0.5318362253543195
1990-09-03,0.5318362253543195
1990-09-04,0.4909257464809103
1990-09-05,0.4909257464809103
1990-09-06,0.4909257464809103
1990-09-07,0.45001526760750116
1990-09-08,0.45001526760750116
1990-09-09,0.45001526760750116
1990-09-10,0.40910478873409195
1990-09-11,0.40501374084675107
1990-09-12,0.3927405971847282
1990-09-13,0.3722853577480236
1990-09-14,0.3600122140860009
1990-09-15,0.35592116619866
1990-09-16,0.35592116619866
1990-09-17,0.36410326197334186
1990-09-18,0.35183011831131905
1990-09-19,0.45001526760750116
1990-09-20,0.5318362253543195
1990-09-21,0.45001526760750116
1990-09-22,0.40092269295941024
1990-09-23,0.38455850141004644
1990-09-24,0.3722853577480236
1990-09-25,0.35592116619866
1990-09-26,0.37637640563536456
1990-09-27,0.37637640563536456
1990-09-28,0.3600122140860009
1990-09-29,0.34773907042397817
1990-09-30,0.33546592676195536
1990-10-01,0.32728383098727354
1990-10-02,0.31091963943790984
1990-10-03,0.2986464957758871
1990-10-04,0.3191017352125917
1990-10-05,0.29046440000120527
1990-10-06,0.30682859155056896
1990-10-07,0.30682859155056896
1990-10-08,0.2986464957758871
1990-10-09,0.3027375436632281
1990-10-10,0.30682859155056896
1990-10-11,0.3436480225366373
1990-10-12,0.33546592676195536
1990-10-13,0.30682859155056896
1990-10-14,0.3150106873252508
1990-10-15,0.3150106873252508
1990-10-16,0.3191017352125917
1990-10-17,0.3395569746492963
1990-10-18,0.3313748788746144
1990-10-19,0.3231927830999327
1990-10-20,0.32728383098727354
1990-10-21,0.3150106873252508
1990-10-22,0.32728383098727354
1990-10-23,0.30682859155056896
1990-10-24,0.30682859155056896
1990-10-25,0.30682859155056896
1990-10-26,0.3150106873252508
1990-10-27,0.3027375436632281
1990-10-28,0.30682859155056896
1990-10-29,0.30682859155056896
1990-10-30,0.3027375436632281
1990-10-31,0.3027375436632281
1990-11-01,0.30682859155056896
1990-11-02,0.29455544788854626
1990-11-03,0.2700091605645007
1990-11-04,0.2781912563391825
1990-11-05,0.2863733521138644
1990-11-06,0.29455544788854626
1990-11-07,0.21273449014172782
1990-11-08,0.22091658591640964
1990-11-09,0.2290986816910915
1990-11-10,0.2372807774657733
1990-11-11,0.24546287324045515
1990-11-12,0.2290986816910915
1990-11-13,0.21273449014172782
1990-11-14,0.22091658591640964
1990-11-15,0.20455239436704598
1990-11-16,0.18409715493034137
1990-11-17,0.18818820281768228
1990-11-18,0.18409715493034137
1990-11-19,0.18409715493034137
1990-11-20,0.18409715493034137
1990-11-21,0.14727772394427313
1990-11-22,0.15136877183161404
1990-11-23,0.15955086760629586
1990-11-24,0.16773296338097768
1990-11-25,0.17182401126831864
1990-11-26,0.15136877183161404
1990-11-27,0.13909562816959126
1990-11-28,0.1431866760569322
1990-11-29,0.15136877183161404
1990-11-30,0.16364191549363677
1990-12-01,0.15136877183161404
1990-12-02,0.13500458028225035
1990-12-03,0.12273143662022758
1990-12-04,0.13091353239490944
1990-12-05,0.13500458028225035
1990-12-06,0.12273143662022758
1990-12-07,0.1268224845075685
1990-12-08,0.13091353239490944
1990-12-09,0.13500458028225035
1990-12-10,0.13909562816959126
1990-12-11,0.13091353239490944
1990-12-12,0.12273143662022758
1990-12-13,0.11454934084554574
1990-12-14,0.11864038873288665
1990-12-15,0.12273143662022758
1990-12-16,0.12273143662022758
1990-12-17,0.11454934084554574
1990-12-18,0.11454934084554574
1990-12-19,0.08182095774681838
1990-12-20,0.06136571831011379
1990-12-21,0.049092574648091025
1990-12-22,0.053183622535431956
1990-12-23,0.06136571831011379
1990-12-24,0.08182095774681838
1990-12-25,0.08182095774681838
1990-12-26,0.08182095774681838
1990-12-27,0.08182095774681838
1990-12-28,0.08182095774681838
1990-12-29,0.06136571831011379
1990-12-30,0.06545676619745472
1990-12-31,0.09000305352150023
1991-01-01,0.09409410140884114
1991-01-02,0.09818514929618205
1991-01-03,0.09409410140884114
1991-01-04,0.09409410140884114
1991-01-05,0.09409410140884114
1991-01-06,0.09409410140884114
1991-01-07,0.09818514929618205
1991-01-08,0.10636724507086391
1991-01-09,0.11045829295820482
1991-01-10,0.11045829295820482
1991-01-11,0.10636724507086391
1991-01-12,0.11454934084554574
1991-01-13,0.12273143662022758
1991-01-14,0.1431866760569322
1991-01-15,0.13909562816959126
1991-01-16,0.13909562816959126
1991-01-17,0.13500458028225035
1991-01-18,0.1431866760569322
1991-01-19,0.15545981971895492
1991-01-20,0.13500458028225035
1991-01-21,0.13091353239490944
1991-01-22,0.13091353239490944
1991-01-23,0.13500458028225035
1991-01-24,0.13091353239490944
1991-01-25,0.12273143662022758
1991-01-26,0.12273143662022758
1991-01-27,0.13091353239490944
1991-01-28,0.13091353239490944
1991-01-29,0.11045829295820482
1991-01-30,0.11864038873288665
1991-01-31,0.12273143662022758
1991-02-01,0.13091353239490944
1991-02-02,0.13091353239490944
1991-02-03,0.1268224845075685
1991-02-04,0.12273143662022758
1991-02-05,0.1268224845075685
1991-02-06,0.1268224845075685
1991-02-07,0.13091353239490944
1991-02-08,0.13091353239490944
1991-02-09,0.13091353239490944
1991-02-10,0.13091353239490944
1991-02-11,0.1268224845075685
1991-02-12,0.12273143662022758
1991-02-13,0.1268224845075685
1991-02-14,0.1268224845075685
1991-02-15,0.1268224845075685
1991-02-16,0.1268224845075685
1991-02-17,0.13091353239490944
1991-02-18,0.1268224845075685
1991-02-19,0.12273143662022758
1991-02-20,0.12273143662022758
1991-02-21,0.13091353239490944
1991-02-22,0.11454934084554574
1991-02-23,0.11454934084554574
1991-02-24,0.10636724507086391
1991-02-25,0.09409410140884114
1991-02-26,0.08182095774681838
1991-02-27,0.08591200563415932
1991-02-28,0.09000305352150023
1991-03-01,0.09409410140884114
1991-03-02,0.09818514929618205
1991-03-03,0.09000305352150023
1991-03-04,0.09409410140884114
1991-03-05,0.09818514929618205
1991-03-06,0.08591200563415932
1991-03-07,0.08182095774681838
1991-03-08,0.09000305352150023
1991-03-09,0.09409410140884114
1991-03-10,0.09409410140884114
1991-03-11,0.09818514929618205
1991-03-12,0.09000305352150023
1991-03-13,0.08182095774681838
1991-03-14,0.08182095774681838
1991-03-15,0.09000305352150023
1991-03-16,0.09000305352150023
1991-03-17,0.09409410140884114
1991-03-18,0.09409410140884114
1991-03-19,0.09409410140884114
1991-03-20,0.09818514929618205
1991-03-21,0.10227619718352299
1991-03-22,0.09409410140884114
1991-03-23,0.08591200563415932
1991-03-24,0.09000305352150023
1991-03-25,0.09409410140884114
1991-03-26,0.08591200563415932
1991-03-27,0.07772990985947746
1991-03-28,0.08182095774681838
1991-03-29,0.08591200563415932
1991-03-30,0.09409410140884114
1991-03-31,0.10227619718352299
1991-04-01,0.11045829295820482
1991-04-02,0.11864038873288665
1991-04-03,0.1268224845075685
1991-04-04,0.13500458028225035
1991-04-05,0.1431866760569322
1991-04-06,0.13909562816959126
1991-04-07,0.13909562816959126
1991-04-08,0.13500458028225035
1991-04-09,0.13500458028225035
1991-04-10,0.13091353239490944
1991-04-11,0.13500458028225035
1991-04-12,0.1431866760569322
1991-04-13,0.13909562816959126
1991-04-14,0.13909562816959126
1991-04-15,0.13909562816959126
1991-04-16,0.1431866760569322
1991-04-17,0.15136877183161404
1991-04-18,0.15545981971895492
1991-04-19,0.15136877183161404
1991-04-20,0.15136877183161404
1991-04-21,0.15136877183161404
1991-04-22,0.14727772394427313
1991-04-23,0.15136877183161404
1991-04-24,0.15545981971895492
1991-04-25,0.16364191549363677
1991-04-26,0.15955086760629586
1991-04-27,0.15136877183161404
1991-04-28,0.1431866760569322
1991-04-29,0.1431866760569322
1991-04-30,0.13500458028225035
1991-05-01,0.13091353239490944
1991-05-02,0.12273143662022758
1991-05-03,0.12273143662022758
1991-05-04,0.12273143662022758
1991-05-05,0.12273143662022758
1991-05-06,0.11864038873288665
1991-05-07,0.11864038873288665
1991-05-08,0.11864038873288665
1991-05-09,0.11454934084554574
1991-05-10,0.40910478873409195
1991-05-11,4.500152676075012
1991-05-12,4.295600281707966
1991-05-13,4.091047887340919
1991-05-14,4.091047887340919
1991-05-15,4.091047887340919
1991-05-16,4.254689802834556
1991-05-17,4.909257464809103
1991-05-18,6.709318535239109
1991-05-19,11.045829295820482
1991-05-20,15.627802929642312
1991-05-21,16.24146011274345
1991-05-22,13.868652338085717
1991-05-23,9.818514929618207
1991-05-24,9.245768225390478
1991-05-25,9.818514929618207
1991-05-26,10.432172112719345
1991-05-27,9.04121583102343
1991-05-28,9.082126309896841
1991-05-29,9.000305352150024
1991-05-30,9.000305352150024
1991-05-31,8.959394873276613
1991-06-01,9.04121583102343
1991-06-02,12.436785577516396
1991-06-03,14.727772394427312
1991-06-04,14.564130478933675
1991-06-05,19.67794033810982
1991-06-06,19.105193633882095
1991-06-07,23.48261487333688
1991-06-08,14.891414309920949
1991-06-09,11.25038169018753
1991-06-10,11.20947121131412
1991-06-11,12.64133797188344
1991-06-12,13.909562816959127
1991-06-13,10.759455943706618
1991-06-14,8.591200563415931
1991-06-15,6.09566135213797
1991-06-16,4.950167943682513
1991-06-17,5.154720338049559
1991-06-18,5.07289938030274
1991-06-19,4.868346985935694
1991-06-20,4.868346985935694
1991-06-21,4.459242197201602
1991-06-22,4.131958366214328
1991-06-23,3.477390704239782
1991-06-24,3.06828591550569
1991-06-25,2.822823042265235
1991-06-26,2.53644969015137
1991-06-27,2.2091658591640964
1991-06-28,2.4955392112779613
1991-06-29,2.250076338037506
1991-06-30,2.127344901417278
1991-07-01,1.9227925070502323
1991-07-02,1.7182401126831863
1991-07-03,1.6364191549363678
1991-07-04,1.5136877183161404
1991-07-05,1.4318667605693218
1991-07-06,1.3500458028225035
1991-07-07,1.268224845075685
1991-07-08,1.2273143662022759
1991-07-09,1.1454934084554576
1991-07-10,1.1045829295820482
1991-07-11,1.0227619718352297
1991-07-12,0.9409410140884116
1991-07-13,0.8591200563415932
1991-07-14,0.8182095774681839
1991-07-15,0.7772990985947748
1991-07-16,0.7772990985947748
1991-07-17,0.6954781408479563
1991-07-18,0.6545676619745471
1991-07-19,0.6545676619745471
1991-07-20,0.6136571831011379
1991-07-21,0.5727467042277288
1991-07-22,0.5318362253543195
1991-07-23,0.6545676619745471
1991-07-24,0.7772990985947748
1991-07-25,0.6545676619745471
1991-07-26,0.8591200563415932
1991-07-27,0.7363886197213655
1991-07-28,0.6545676619745471
1991-07-29,0.6136571831011379
1991-07-30,0.5318362253543195
1991-07-31,0.5318362253543195
1991-08-01,0.4909257464809103
1991-08-02,0.4909257464809103
1991-08-03,0.45001526760750116
1991-08-04,0.45001526760750116
1991-08-05,0.4909257464809103
1991-08-06,0.45001526760750116
1991-08-07,0.6545676619745471
1991-08-08,0.4909257464809103
1991-08-09,0.45001526760750116
1991-08-10,0.45001526760750116
1991-08-11,0.45001526760750116
1991-08-12,0.45001526760750116
1991-08-13,0.4909257464809103
1991-08-14,0.45001526760750116
1991-08-15,0.45001526760750116
1991-08-16,0.45001526760750116
1991-08-17,0.40910478873409195
1991-08-18,0.40910478873409195
1991-08-19,0.40910478873409195
1991-08-20,0.40910478873409195
1991-08-21,0.38455850141004644
1991-08-22,0.36410326197334186
1991-08-23,0.35592116619866
1991-08-24,0.34773907042397817
1991-08-25,0.32728383098727354
1991-08-26,0.3313748788746144
1991-08-27,0.3231927830999327
1991-08-28,0.3191017352125917
1991-08-29,0.31091963943790984
1991-08-30,0.2986464957758871
1991-08-31,0.29046440000120527
1991-09-01,0.28228230422652345
1991-09-02,0.28228230422652345
1991-09-03,0.2700091605645007
1991-09-04,0.26591811267715976
1991-09-05,0.26591811267715976
1991-09-06,0.2618270647898189
1991-09-07,0.25773601690247794
1991-09-08,0.3600122140860009
1991-09-09,0.5727467042277288
1991-09-10,0.6136571831011379
1991-09-11,0.6136571831011379
1991-09-12,0.5318362253543195
1991-09-13,0.5318362253543195
1991-09-14,0.5318362253543195
1991-09-15,0.6136571831011379
1991-09-16,0.6545676619745471
1991-09-17,0.7363886197213655
1991-09-18,0.6954781408479563
1991-09-19,0.6954781408479563
1991-09-20,0.6954781408479563
1991-09-21,0.6954781408479563
1991-09-22,0.6545676619745471
1991-09-23,0.6545676619745471
1991-09-24,0.6136571831011379
1991-09-25,0.5727467042277288
1991-09-26,0.5727467042277288
1991-09-27,0.5318362253543195
1991-09-28,0.5318362253543195
1991-09-29,0.5318362253543195
1991-09-30,0.5318362253543195
1991-10-01,0.5318362253543195
1991-10-02,0.4909257464809103
1991-10-03,0.4909257464809103
1991-10-04,0.4909257464809103
1991-10-05,0.5318362253543195
1991-10-06,0.4909257464809103
1991-10-07,0.45001526760750116
1991-10-08,0.45001526760750116
1991-10-09,0.45001526760750116
1991-10-10,0.40910478873409195
1991-10-11,0.40910478873409195
1991-10-12,0.40910478873409195
1991-10-13,0.40092269295941024
1991-10-14,0.38455850141004644
1991-10-15,0.3804674535227055
1991-10-16,0.36819430986068274
1991-10-17,0.35592116619866
1991-10-18,0.35592116619866
1991-10-19,0.3436480225366373
1991-10-20,0.36819430986068274
1991-10-21,0.33546592676195536
1991-10-22,0.32728383098727354
1991-10-23,0.3191017352125917
1991-10-24,0.3027375436632281
1991-10-25,0.2863733521138644
1991-10-26,0.2700091605645007
1991-10-27,0.253644969015137
1991-10-28,0.24546287324045515
1991-10-29,0.2372807774657733
1991-10-30,0.21273449014172782
1991-10-31,0.1963702985923641
1991-11-01,0.19227925070502322
1991-11-02,0.19227925070502322
1991-11-03,0.20046134647970512
1991-11-04,0.20046134647970512
1991-11-05,0.20455239436704598
1991-11-06,0.21273449014172782
1991-11-07,0.21273449014172782
1991-11-08,0.22091658591640964
1991-11-09,0.2290986816910915
1991-11-10,0.253644969015137
1991-11-11,0.253644969015137
1991-11-12,0.253644969015137
1991-11-13,0.253644969015137
1991-11-14,0.24546287324045515
1991-11-15,0.24546287324045515
1991-11-16,0.2372807774657733
1991-11-17,0.2290986816910915
1991-11-18,0.22091658591640964
1991-11-19,0.21273449014172782
1991-11-20,0.20455239436704598
1991-11-21,0.1963702985923641
1991-11-22,0.19227925070502322
1991-11-23,0.18409715493034137
1991-11-24,0.17591505915565953
1991-11-25,0.16364191549363677
1991-11-26,0.16364191549363677
1991-11-27,0.16364191549363677
1991-11-28,0.15545981971895492
1991-11-29,0.14727772394427313
1991-11-30,0.1431866760569322
1991-12-01,0.13500458028225035
1991-12-02,0.13500458028225035
1991-12-03,0.13500458028225035
1991-12-04,0.1431866760569322
1991-12-05,0.1431866760569322
1991-12-06,0.15136877183161404
1991-12-07,0.15545981971895492
1991-12-08,0.15545981971895492
1991-12-09,0.14727772394427313
1991-12-10,0.13909562816959126
1991-12-11,0.13909562816959126
1991-12-12,0.13500458028225035
1991-12-13,0.13500458028225035
1991-12-14,0.13091353239490944
1991-12-15,0.1268224845075685
1991-12-16,0.12273143662022758
1991-12-17,0.11864038873288665
1991-12-18,0.11864038873288665
1991-12-19,0.11864038873288665
1991-12-20,0.11454934084554574
1991-12-21,0.11045829295820482
1991-12-22,0.11045829295820482
1991-12-23,0.10636724507086391
1991-12-24,0.10636724507086391
1991-12-25,0.10227619718352299
1991-12-26,0.10227619718352299
1991-12-27,0.09818514929618205
1991-12-28,0.09409410140884114
1991-12-29,0.09409410140884114
1991-12-30,0.09409410140884114
1991-12-31,0.09409410140884114
1992-01-01,0.09000305352150023
1992-01-02,0.09000305352150023
1992-01-03,0.09000305352150023
1992-01-04,0.09000305352150023
1992-01-05,0.08591200563415932
1992-01-06,0.08591200563415932
1992-01-07,0.08591200563415932
1992-01-08,0.08591200563415932
1992-01-09,0.09000305352150023
1992-01-10,0.09000305352150023
1992-01-11,0.09000305352150023
1992-01-12,0.09000305352150023
1992-01-13,0.09000305352150023
1992-01-14,0.09000305352150023
1992-01-15,0.08182095774681838
1992-01-16,0.07772990985947746
1992-01-17,0.08182095774681838
1992-01-18,0.08591200563415932
1992-01-19,0.08591200563415932
1992-01-20,0.09409410140884114
1992-01-21,0.09000305352150023
1992-01-22,0.09409410140884114
1992-01-23,0.09409410140884114
1992-01-24,0.09409410140884114
1992-01-25,0.09409410140884114
1992-01-26,0.09818514929618205
1992-01-27,0.09818514929618205
1992-01-28,0.09818514929618205
1992-01-29,0.09818514929618205
1992-01-30,0.10227619718352299
1992-01-31,0.10227619718352299
1992-02-01,0.10227619718352299
1992-02-02,0.09818514929618205
1992-02-03,0.10227619718352299
1992-02-04,0.10636724507086391
1992-02-05,0.10636724507086391
1992-02-06,0.11045829295820482
1992-02-07,0.11454934084554574
1992-02-08,0.11454934084554574
1992-02-09,0.11454934084554574
1992-02-10,0.11864038873288665
1992-02-11,0.11864038873288665
1992-02-12,0.11864038873288665
1992-02-13,0.11864038873288665
1992-02-14,0.11864038873288665
1992-02-15,0.11864038873288665
1992-02-16,0.11864038873288665
1992-02-17,0.11864038873288665
1992-02-18,0.11864038873288665
1992-02-19,0.11864038873288665
1992-02-20,0.11454934084554574
1992-02-21,0.11454934084554574
1992-02-22,0.11454934084554574
1992-02-23,0.11045829295820482
1992-02-24,0.11045829295820482
1992-02-25,0.11045829295820482
1992-02-26,0.10636724507086391
1992-02-27,0.10636724507086391
1992-02-28,0.10636724507086391
1992-02-29,0.10636724507086391
1992-03-01,0.10636724507086391
1992-03-02,0.10636724507086391
1992-03-03,0.10636724507086391
1992-03-04,0.10227619718352299
1992-03-05,0.10227619718352299
1992-03-06,0.10227619718352299
1992-03-07,0.10227619718352299
1992-03-08,0.09818514929618205
1992-03-09,0.09000305352150023
1992-03-10,0.09000305352150023
1992-03-11,0.09409410140884114
1992-03-12,0.09409410140884114
1992-03-13,0.09818514929618205
1992-03-14,0.10227619718352299
1992-03-15,0.10636724507086391
1992-03-16,0.10636724507086391
1992-03-17,0.09818514929618205
1992-03-18,0.09409410140884114
1992-03-19,0.09000305352150023
1992-03-20,0.08591200563415932
1992-03-21,0.08591200563415932
1992-03-22,0.08591200563415932
1992-03-23,0.08591200563415932
1992-03-24,0.08591200563415932
1992-03-25,0.09000305352150023
1992-03-26,0.09409410140884114
1992-03-27,0.09818514929618205
1992-03-28,0.10227619718352299
1992-03-29,0.10636724507086391
1992-03-30,0.10636724507086391
1992-03-31,0.10227619718352299
1992-04-01,0.09818514929618205
1992-04-02,0.11045829295820482
1992-04-03,0.13909562816959126
1992-04-04,0.16364191549363677
1992-04-05,0.18409715493034137
1992-04-06,0.17591505915565953
1992-04-07,0.16773296338097768
1992-04-08,0.15955086760629586
1992-04-09,0.16364191549363677
1992-04-10,0.17182401126831864
1992-04-11,0.18409715493034137
1992-04-12,0.19227925070502322
1992-04-13,0.20455239436704598
1992-04-14,0.21273449014172782
1992-04-15,0.20455239436704598
1992-04-16,0.20046134647970512
1992-04-17,0.20046134647970512
1992-04-18,0.1963702985923641
1992-04-19,0.19227925070502322
1992-04-20,0.20046134647970512
1992-04-21,0.20455239436704598
1992-04-22,0.20046134647970512
1992-04-23,0.1963702985923641
1992-04-24,0.19227925070502322
1992-04-25,0.2290986816910915
1992-04-26,0.2618270647898189
1992-04-27,0.32728383098727354
1992-04-28,0.40910478873409195
1992-04-29,0.4909257464809103
1992-04-30,0.7772990985947748
1992-05-01,1.1864038873288667
1992-05-02,2.0455239436704593
1992-05-03,2.127344901417278
1992-05-04,2.2091658591640964
1992-05-05,2.8637335211386437
1992-05-06,5.195630816922968
1992-05-07,7.732080507074339
1992-05-08,8.918484394403205
1992-05-09,9.000305352150024
1992-05-10,4.541063154948421
1992-05-11,3.5592116619866006
1992-05-12,3.5592116619866006
1992-05-13,3.641032619733419
1992-05-14,4.418331718328193
1992-05-15,5.195630816922968
1992-05-16,5.3592727324166045
1992-05-17,3.722853577480237
1992-05-18,5.563825126783651
1992-05-19,10.964008338073665
1992-05-20,15.30051909865504
1992-05-21,20.618881352198237
1992-05-22,8.754842478909568
1992-05-23,7.65025954932752
1992-05-24,9.000305352150024
1992-05-25,7.118423323973201
1992-05-26,6.054750873264561
1992-05-27,5.972929915517743
1992-05-28,5.236541295796377
1992-05-29,4.418331718328193
1992-05-30,4.909257464809103
1992-05-31,4.541063154948421
1992-06-01,3.8046745352270555
1992-06-02,4.091047887340919
1992-06-03,5.482004169036832
1992-06-04,4.622884112695239
1992-06-05,4.377421239454784
1992-06-06,3.968316450720692
1992-06-07,4.377421239454784
1992-06-08,4.909257464809103
1992-06-09,5.154720338049559
1992-06-10,5.522914647910241
1992-06-11,5.11380985917615
1992-06-12,5.64564608453047
1992-06-13,5.3592727324166045
1992-06-14,4.786526028188876
1992-06-15,4.459242197201602
1992-06-16,3.9274059718472825
1992-06-17,4.254689802834556
1992-06-18,5.11380985917615
1992-06-19,5.07289938030274
1992-06-20,4.622884112695239
1992-06-21,4.377421239454784
1992-06-22,5.441093690163423
1992-06-23,5.850198478897515
1992-06-24,6.545676619745471
1992-06-25,8.836663436656385
1992-06-26,9.982156845111845
1992-06-27,7.036602366226382
1992-06-28,5.8092880000241065
1992-06-29,5.03198890142933
1992-06-30,6.177482309884788
1992-07-01,6.341124225378425
1992-07-02,6.177482309884788
1992-07-03,5.07289938030274
1992-07-04,4.091047887340919
1992-07-05,3.477390704239782
1992-07-06,2.9864649577588716
1992-07-07,2.945554478885462
1992-07-08,2.6182706478981883
1992-07-09,2.3318972957843243
1992-07-10,2.127344901417278
1992-07-11,2.086434422543869
1992-07-12,3.06828591550569
1992-07-13,3.4364802253663727
1992-07-14,2.4955392112779613
1992-07-15,2.086434422543869
1992-07-16,1.8818820281768232
1992-07-17,1.7182401126831863
1992-07-18,1.5545981971895495
1992-07-19,1.7182401126831863
1992-07-20,1.8000610704300046
1992-07-21,1.9637029859236412
1992-07-22,1.7182401126831863
1992-07-23,1.5545981971895495
1992-07-24,1.5136877183161404
1992-07-25,1.3500458028225035
1992-07-26,1.2273143662022759
1992-07-27,1.1045829295820482
1992-07-28,1.0227619718352297
1992-07-29,0.9818514929618206
1992-07-30,0.9000305352150023
1992-07-31,0.9000305352150023
1992-08-01,0.8591200563415932
1992-08-02,0.8182095774681839
1992-08-03,0.8591200563415932
1992-08-04,0.8182095774681839
1992-08-05,0.7363886197213655
1992-08-06,0.6545676619745471
1992-08-07,0.6136571831011379
1992-08-08,0.5727467042277288
1992-08-09,0.5318362253543195
1992-08-10,0.5318362253543195
1992-08-11,0.4909257464809103
1992-08-12,0.4909257464809103
1992-08-13,0.45001526760750116
1992-08-14,0.4909257464809103
1992-08-15,0.45001526760750116
1992-08-16,0.6136571831011379
1992-08-17,0.5727467042277288
1992-08-18,0.4909257464809103
1992-08-19,0.4909257464809103
1992-08-20,0.4909257464809103
1992-08-21,0.5727467042277288
1992-08-22,0.5318362253543195
1992-08-23,0.5318362253543195
1992-08-24,0.4909257464809103
1992-08-25,0.4909257464809103
1992-08-26,0.45001526760750116
1992-08-27,0.45001526760750116
1992-08-28,0.45001526760750116
1992-08-29,0.40910478873409195
1992-08-30,0.40910478873409195
1992-08-31,0.40092269295941024
1992-09-01,0.40910478873409195
1992-09-02,0.40910478873409195
1992-09-03,0.38455850141004644
1992-09-04,0.3927405971847282
1992-09-05,0.45001526760750116
1992-09-06,0.4909257464809103
1992-09-07,0.4909257464809103
1992-09-08,0.45001526760750116
1992-09-09,0.45001526760750116
1992-09-10,0.40910478873409195
1992-09-11,0.40910478873409195
1992-09-12,0.40910478873409195
1992-09-13,0.40910478873409195
1992-09-14,0.3886495492973874
1992-09-15,0.37637640563536456
1992-09-16,0.36410326197334186
1992-09-17,0.34773907042397817
1992-09-18,0.34773907042397817
1992-09-19,0.34773907042397817
1992-09-20,0.3395569746492963
1992-09-21,0.35183011831131905
1992-09-22,0.3436480225366373
1992-09-23,0.32728383098727354
1992-09-24,0.36410326197334186
1992-09-25,0.40910478873409195
1992-09-26,0.40910478873409195
1992-09-27,0.40910478873409195
1992-09-28,0.40910478873409195
1992-09-29,0.40092269295941024
1992-09-30,0.3804674535227055
1992-10-01,0.3722853577480236
1992-10-02,0.35592116619866
1992-10-03,0.3395569746492963
1992-10-04,0.3313748788746144
1992-10-05,0.33546592676195536
1992-10-06,0.3395569746492963
1992-10-07,0.3313748788746144
1992-10-08,0.33546592676195536
1992-10-09,0.3436480225366373
1992-10-10,0.34773907042397817
1992-10-11,0.34773907042397817
1992-10-12,0.35592116619866
1992-10-13,0.35183011831131905
1992-10-14,0.36819430986068274
1992-10-15,0.34773907042397817
1992-10-16,0.35592116619866
1992-10-17,0.32728383098727354
1992-10-18,0.3191017352125917
1992-10-19,0.3191017352125917
1992-10-20,0.3231927830999327
1992-10-21,0.3231927830999327
1992-10-22,0.3231927830999327
1992-10-23,0.31091963943790984
1992-10-24,0.3027375436632281
1992-10-25,0.2986464957758871
1992-10-26,0.2863733521138644
1992-10-27,0.2863733521138644
1992-10-28,0.2781912563391825
1992-10-29,0.2781912563391825
1992-10-30,0.2700091605645007
1992-10-31,0.28228230422652345
1992-11-01,0.2618270647898189
1992-11-02,0.24546287324045515
1992-11-03,0.2290986816910915
1992-11-04,0.2863733521138644
1992-11-05,0.28228230422652345
1992-11-06,0.28228230422652345
1992-11-07,0.27410020845184163
1992-11-08,0.2986464957758871
1992-11-09,0.3313748788746144
1992-11-10,0.3313748788746144
1992-11-11,0.2986464957758871
1992-11-12,0.3027375436632281
1992-11-13,0.29046440000120527
1992-11-14,0.29046440000120527
1992-11-15,0.2781912563391825
1992-11-16,0.2781912563391825
1992-11-17,0.2863733521138644
1992-11-18,0.29455544788854626
1992-11-19,0.2863733521138644
1992-11-20,0.27410020845184163
1992-11-21,0.26591811267715976
1992-11-22,0.2618270647898189
1992-11-23,0.24546287324045515
1992-11-24,0.2290986816910915
1992-11-25,0.21273449014172782
1992-11-26,0.19227925070502322
1992-11-27,0.18409715493034137
1992-11-28,0.17591505915565953
1992-11-29,0.17182401126831864
1992-11-30,0.17182401126831864
1992-12-01,0.17182401126831864
1992-12-02,0.17182401126831864
1992-12-03,0.16364191549363677
1992-12-04,0.15955086760629586
1992-12-05,0.14727772394427313
1992-12-06,0.14727772394427313
1992-12-07,0.15136877183161404
1992-12-08,0.15545981971895492
1992-12-09,0.15545981971895492
1992-12-10,0.15545981971895492
1992-12-11,0.15955086760629586
1992-12-12,0.16364191549363677
1992-12-13,0.15545981971895492
1992-12-14,0.15136877183161404
1992-12-15,0.14727772394427313
1992-12-16,0.14727772394427313
1992-12-17,0.14727772394427313
1992-12-18,0.1431866760569322
1992-12-19,0.13909562816959126
1992-12-20,0.13500458028225035
1992-12-21,0.13909562816959126
1992-12-22,0.13909562816959126
1992-12-23,0.13909562816959126
1992-12-24,0.1431866760569322
1992-12-25,0.15136877183161404
1992-12-26,0.15136877183161404
1992-12-27,0.14727772394427313
1992-12-28,0.1431866760569322
1992-12-29,0.13909562816959126
1992-12-30,0.13500458028225035
1992-12-31,0.13091353239490944
1993-01-01,0.1268224845075685
1993-01-02,0.12273143662022758
1993-01-03,0.11864038873288665
1993-01-04,0.11864038873288665
1993-01-05,0.11864038873288665
1993-01-06,0.11454934084554574
1993-01-07,0.11454934084554574
1993-01-08,0.11454934084554574
1993-01-09,0.11045829295820482
1993-01-10,0.10636724507086391
1993-01-11,0.10227619718352299
1993-01-12,0.09818514929618205
1993-01-13,0.09409410140884114
1993-01-14,0.09000305352150023
1993-01-15,0.09409410140884114
1993-01-16,0.09409410140884114
1993-01-17,0.09818514929618205
1993-01-18,0.09818514929618205
1993-01-19,0.09818514929618205
1993-01-20,0.09818514929618205
1993-01-21,0.09409410140884114
1993-01-22,0.09818514929618205
1993-01-23,0.09818514929618205
1993-01-24,0.10227619718352299
1993-01-25,0.11045829295820482
1993-01-26,0.11454934084554574
1993-01-27,0.11454934084554574
1993-01-28,0.11454934084554574
1993-01-29,0.11045829295820482
1993-01-30,0.11045829295820482
1993-01-31,0.11045829295820482
1993-02-01,0.10636724507086391
1993-02-02,0.10636724507086391
1993-02-03,0.10227619718352299
1993-02-04,0.10227619718352299
1993-02-05,0.10227619718352299
1993-02-06,0.10227619718352299
1993-02-07,0.10227619718352299
1993-02-08,0.09818514929618205
1993-02-09,0.09818514929618205
1993-02-10,0.09818514929618205
1993-02-11,0.09818514929618205
1993-02-12,0.09818514929618205
1993-02-13,0.09409410140884114
1993-02-14,0.09409410140884114
1993-02-15,0.09000305352150023
1993-02-16,0.09000305352150023
1993-02-17,0.08182095774681838
1993-02-18,0.08591200563415932
1993-02-19,0.09000305352150023
1993-02-20,0.09409410140884114
1993-02-21,0.09409410140884114
1993-02-22,0.09409410140884114
1993-02-23,0.09409410140884114
1993-02-24,0.09000305352150023
1993-02-25,0.09000305352150023
1993-02-26,0.09000305352150023
1993-02-27,0.09000305352150023
1993-02-28,0.09409410140884114
1993-03-01,0.09409410140884114
1993-03-02,0.09409410140884114
1993-03-03,0.09409410140884114
1993-03-04,0.09409410140884114
1993-03-05,0.09000305352150023
1993-03-06,0.09000305352150023
1993-03-07,0.09409410140884114
1993-03-08,0.09818514929618205
1993-03-09,0.09818514929618205
1993-03-10,0.10227619718352299
1993-03-11,0.09818514929618205
1993-03-12,0.10227619718352299
1993-03-13,0.09818514929618205
1993-03-14,0.09409410140884114
1993-03-15,0.09409410140884114
1993-03-16,0.09818514929618205
1993-03-17,0.09409410140884114
1993-03-18,0.09409410140884114
1993-03-19,0.09409410140884114
1993-03-20,0.09409410140884114
1993-03-21,0.09409410140884114
1993-03-22,0.09409410140884114
1993-03-23,0.09409410140884114
1993-03-24,0.09409410140884114
1993-03-25,0.09818514929618205
1993-03-26,0.10227619718352299
1993-03-27,0.10636724507086391
1993-03-28,0.11045829295820482
1993-03-29,0.11045829295820482
1993-03-30,0.11045829295820482
1993-03-31,0.11045829295820482
1993-04-01,0.10636724507086391
1993-04-02,0.10636724507086391
1993-04-03,0.10636724507086391
1993-04-04,0.10636724507086391
1993-04-05,0.11045829295820482
1993-04-06,0.11045829295820482
1993-04-07,0.11454934084554574
1993-04-08,0.11864038873288665
1993-04-09,0.11454934084554574
1993-04-10,0.11045829295820482
1993-04-11,0.10636724507086391
1993-04-12,0.10636724507086391
1993-04-13,0.10636724507086391
1993-04-14,0.10227619718352299
1993-04-15,0.09818514929618205
1993-04-16,0.10227619718352299
1993-04-17,0.10636724507086391
1993-04-18,0.11045829295820482
1993-04-19,0.11045829295820482
1993-04-20,0.10636724507086391
1993-04-21,0.10227619718352299
1993-04-22,0.10636724507086391
1993-04-23,0.11454934084554574
1993-04-24,0.11864038873288665
1993-04-25,0.10636724507086391
1993-04-26,0.10227619718352299
1993-04-27,0.10227619718352299
1993-04-28,0.10636724507086391
1993-04-29,0.10227619718352299
1993-04-30,0.10227619718352299
1993-05-01,0.10636724507086391
1993-05-02,0.11045829295820482
1993-05-03,0.11454934084554574
1993-05-04,0.12273143662022758
1993-05-05,0.1431866760569322
1993-05-06,0.16364191549363677
1993-05-07,0.12273143662022758
1993-05-08,0.11454934084554574
1993-05-09,0.10227619718352299
1993-05-10,0.09000305352150023
1993-05-11,0.20455239436704598
1993-05-12,0.40910478873409195
1993-05-13,2.00461346479705
1993-05-14,5.3592727324166045
1993-05-15,8.263916732428656
1993-05-16,11.086739774693893
1993-05-17,8.63211104228934
1993-05-18,6.545676619745471
1993-05-19,6.13657183101138
1993-05-20,6.382034704251835
1993-05-21,14.073204732452764
1993-05-22,11.454934084554575
1993-05-23,4.58197363382183
1993-05-24,3.06828591550569
1993-05-25,2.4955392112779613
1993-05-26,6.177482309884788
1993-05-27,14.727772394427312
1993-05-28,18.08243166204686
1993-05-29,16.77329633809777
1993-05-30,9.777604450744798
1993-05-31,10.391261633845936
1993-06-01,13.909562816959127
1993-06-02,8.673021521162749
1993-06-03,5.522914647910241
1993-06-04,3.518301183113191
1993-06-05,3.231927830999327
1993-06-06,5.277451774669786
1993-06-07,6.13657183101138
1993-06-08,3.4364802253663727
1993-06-09,3.06828591550569
1993-06-10,3.722853577480237
1993-06-11,6.913870929606155
1993-06-12,7.691170028200929
1993-06-13,4.295600281707966
1993-06-14,4.254689802834556
1993-06-15,7.404796676087065
1993-06-16,6.954781408479564
1993-06-17,4.622884112695239
1993-06-18,3.6001221408600093
1993-06-19,4.6637945915686485
1993-06-20,5.60473560565706
1993-06-21,5.850198478897515
1993-06-22,5.891108957770924
1993-06-23,4.05013740846751
1993-06-24,2.741002084518416
1993-06-25,2.250076338037506
1993-06-26,2.2091658591640964
1993-06-27,2.7819125633918254
1993-06-28,3.0273754366322807
1993-06-29,3.8046745352270555
1993-06-30,3.231927830999327
1993-07-01,2.290986816910915
1993-07-02,2.086434422543869
1993-07-03,2.9046440000120533
1993-07-04,3.518301183113191
1993-07-05,3.968316450720692
1993-07-06,4.500152676075012
1993-07-07,4.418331718328193
1993-07-08,4.2137793239611465
1993-07-09,3.722853577480237
1993-07-10,3.5592116619866006
1993-07-11,3.3546592676195544
1993-07-12,3.06828591550569
1993-07-13,2.9864649577588716
1993-07-14,2.659181126771598
1993-07-15,2.4955392112779613
1993-07-16,2.53644969015137
1993-07-17,2.290986816910915
1993-07-18,2.00461346479705
1993-07-19,1.7182401126831863
1993-07-20,1.5136877183161404
1993-07-21,1.4318667605693218
1993-07-22,1.4318667605693218
1993-07-23,1.3909562816959127
1993-07-24,1.9637029859236412
1993-07-25,1.9637029859236412
1993-07-26,1.8000610704300046
1993-07-27,2.250076338037506
1993-07-28,2.0455239436704593
1993-07-29,1.6364191549363678
1993-07-30,1.5136877183161404
1993-07-31,1.472777239442731
1993-08-01,1.3500458028225035
1993-08-02,1.268224845075685
1993-08-03,1.1454934084554576
1993-08-04,1.063672450708639
1993-08-05,1.1045829295820482
1993-08-06,1.472777239442731
1993-08-07,1.3091353239490942
1993-08-08,1.2273143662022759
1993-08-09,1.1045829295820482
1993-08-10,0.9818514929618206
1993-08-11,0.9409410140884116
1993-08-12,1.063672450708639
1993-08-13,1.0227619718352297
1993-08-14,0.9818514929618206
1993-08-15,0.9409410140884116
1993-08-16,0.9000305352150023
1993-08-17,0.8182095774681839
1993-08-18,0.8182095774681839
1993-08-19,0.7363886197213655
1993-08-20,0.6954781408479563
1993-08-21,0.6954781408479563
1993-08-22,0.7363886197213655
1993-08-23,0.7363886197213655
1993-08-24,0.6545676619745471
1993-08-25,0.6136571831011379
1993-08-26,0.5727467042277288
1993-08-27,0.5318362253543195
1993-08-28,0.5318362253543195
1993-08-29,0.4909257464809103
1993-08-30,0.4909257464809103
1993-08-31,0.4909257464809103
1993-09-01,0.45001526760750116
1993-09-02,0.4909257464809103
1993-09-03,0.4909257464809103
1993-09-04,0.45001526760750116
1993-09-05,0.5727467042277288
1993-09-06,0.6136571831011379
1993-09-07,0.4909257464809103
1993-09-08,0.45001526760750116
1993-09-09,0.40910478873409195
1993-09-10,0.40910478873409195
1993-09-11,0.40910478873409195
1993-09-12,0.3968316450720692
1993-09-13,0.40092269295941024
1993-09-14,0.36819430986068274
1993-09-15,0.36819430986068274
1993-09-16,0.36819430986068274
1993-09-17,0.3927405971847282
1993-09-18,0.45001526760750116
1993-09-19,0.45001526760750116
1993-09-20,0.4909257464809103
1993-09-21,0.4909257464809103
1993-09-22,0.45001526760750116
1993-09-23,0.40910478873409195
1993-09-24,0.40910478873409195
1993-09-25,0.38455850141004644
1993-09-26,0.3886495492973874
1993-09-27,0.38455850141004644
1993-09-28,0.3968316450720692
1993-09-29,0.37637640563536456
1993-09-30,0.37637640563536456
1993-10-01,0.36819430986068274
1993-10-02,0.37637640563536456
1993-10-03,0.32728383098727354
1993-10-04,0.31091963943790984
1993-10-05,0.3313748788746144
1993-10-06,0.34773907042397817
1993-10-07,0.38455850141004644
1993-10-08,0.45001526760750116
1993-10-09,0.38455850141004644
1993-10-10,0.3804674535227055
1993-10-11,0.36819430986068274
1993-10-12,0.3722853577480236
1993-10-13,0.36410326197334186
1993-10-14,0.35183011831131905
1993-10-15,0.36819430986068274
1993-10-16,0.3804674535227055
1993-10-17,0.45001526760750116
1993-10-18,0.36410326197334186
1993-10-19,0.40092269295941024
1993-10-20,0.40501374084675107
1993-10-21,0.3231927830999327
1993-10-22,0.3027375436632281
1993-10-23,0.3231927830999327
1993-10-24,0.36819430986068274
1993-10-25,0.33546592676195536
1993-10-26,0.2781912563391825
1993-10-27,0.2863733521138644
1993-10-28,0.2618270647898189
1993-10-29,0.26591811267715976
1993-10-30,0.2618270647898189
1993-10-31,0.253644969015137
1993-11-01,0.2290986816910915
1993-11-02,0.2290986816910915
1993-11-03,0.22091658591640964
1993-11-04,0.21273449014172782
1993-11-05,0.21273449014172782
1993-11-06,0.21273449014172782
1993-11-07,0.20864344225438688
1993-11-08,0.19227925070502322
1993-11-09,0.18409715493034137
1993-11-10,0.18409715493034137
1993-11-11,0.18000610704300046
1993-11-12,0.17182401126831864
1993-11-13,0.16773296338097768
1993-11-14,0.17591505915565953
1993-11-15,0.18000610704300046
1993-11-16,0.18000610704300046
1993-11-17,0.17591505915565953
1993-11-18,0.18000610704300046
1993-11-19,0.18000610704300046
1993-11-20,0.17591505915565953
1993-11-21,0.17591505915565953
1993-11-22,0.17182401126831864
1993-11-23,0.15545981971895492
1993-11-24,0.14727772394427313
1993-11-25,0.13500458028225035
1993-11-26,0.13091353239490944
1993-11-27,0.1268224845075685
1993-11-28,0.12273143662022758
1993-11-29,0.13909562816959126
1993-11-30,0.15136877183161404
1993-12-01,0.14727772394427313
1993-12-02,0.14727772394427313
1993-12-03,0.14727772394427313
1993-12-04,0.1431866760569322
1993-12-05,0.13909562816959126
1993-12-06,0.13909562816959126
1993-12-07,0.13909562816959126
1993-12-08,0.1431866760569322
1993-12-09,0.15136877183161404
1993-12-10,0.15136877183161404
1993-12-11,0.15136877183161404
1993-12-12,0.15136877183161404
1993-12-13,0.1431866760569322
1993-12-14,0.1431866760569322
1993-12-15,0.14727772394427313
1993-12-16,0.1431866760569322
1993-12-17,0.13909562816959126
1993-12-18,0.13091353239490944
1993-12-19,0.13091353239490944
1993-12-20,0.13091353239490944
1993-12-21,0.1268224845075685
1993-12-22,0.1268224845075685
1993-12-23,0.13091353239490944
1993-12-24,0.13091353239490944
1993-12-25,0.13091353239490944
1993-12-26,0.13091353239490944
1993-12-27,0.13500458028225035
1993-12-28,0.13500458028225035
1993-12-29,0.1268224845075685
1993-12-30,0.1268224845075685
1993-12-31,0.13091353239490944
1994-01-01,0.13500458028225035
1994-01-02,0.13909562816959126
1994-01-03,0.1431866760569322
1994-01-04,0.1431866760569322
1994-01-05,0.13500458028225035
1994-01-06,0.12273143662022758
1994-01-07,0.10636724507086391
1994-01-08,0.10636724507086391
1994-01-09,0.10636724507086391
1994-01-10,0.11045829295820482
1994-01-11,0.11864038873288665
1994-01-12,0.12273143662022758
1994-01-13,0.1268224845075685
1994-01-14,0.13091353239490944
1994-01-15,0.13091353239490944
1994-01-16,0.1268224845075685
1994-01-17,0.12273143662022758
1994-01-18,0.11864038873288665
1994-01-19,0.11045829295820482
1994-01-20,0.11454934084554574
1994-01-21,0.11864038873288665
1994-01-22,0.12273143662022758
1994-01-23,0.12273143662022758
1994-01-24,0.12273143662022758
1994-01-25,0.12273143662022758
1994-01-26,0.12273143662022758
1994-01-27,0.12273143662022758
1994-01-28,0.12273143662022758
1994-01-29,0.11454934084554574
1994-01-30,0.11045829295820482
1994-01-31,0.11045829295820482
1994-02-01,0.11045829295820482
1994-02-02,0.10636724507086391
1994-02-03,0.10227619718352299
1994-02-04,0.09818514929618205
1994-02-05,0.09818514929618205
1994-02-06,0.09409410140884114
1994-02-07,0.08591200563415932
1994-02-08,0.08182095774681838
1994-02-09,0.07772990985947746
1994-02-10,0.08182095774681838
1994-02-11,0.08182095774681838
1994-02-12,0.08591200563415932
1994-02-13,0.08591200563415932
1994-02-14,0.09000305352150023
1994-02-15,0.09409410140884114
1994-02-16,0.09409410140884114
1994-02-17,0.09000305352150023
1994-02-18,0.08591200563415932
1994-02-19,0.08591200563415932
1994-02-20,0.08591200563415932
1994-02-21,0.08591200563415932
1994-02-22,0.08182095774681838
1994-02-23,0.08182095774681838
1994-02-24,0.08182095774681838
1994-02-25,0.08591200563415932
1994-02-26,0.08591200563415932
1994-02-27,0.08182095774681838
1994-02-28,0.08182095774681838
1994-03-01,0.08591200563415932
1994-03-02,0.09000305352150023
1994-03-03,0.09000305352150023
1994-03-04,0.09000305352150023
1994-03-05,0.09000305352150023
1994-03-06,0.09000305352150023
1994-03-07,0.09000305352150023
1994-03-08,0.09000305352150023
1994-03-09,0.08591200563415932
1994-03-10,0.08182095774681838
1994-03-11,0.08182095774681838
1994-03-12,0.08182095774681838
1994-03-13,0.08182095774681838
1994-03-14,0.08591200563415932
1994-03-15,0.09000305352150023
1994-03-16,0.09409410140884114
1994-03-17,0.09818514929618205
1994-03-18,0.10227619718352299
1994-03-19,0.10227619718352299
1994-03-20,0.10636724507086391
1994-03-21,0.10636724507086391
1994-03-22,0.11045829295820482
1994-03-23,0.11454934084554574
1994-03-24,0.11454934084554574
1994-03-25,0.11045829295820482
1994-03-26,0.10227619718352299
1994-03-27,0.09818514929618205
1994-03-28,0.09818514929618205
1994-03-29,0.09818514929618205
1994-03-30,0.09818514929618205
1994-03-31,0.09818514929618205
1994-04-01,0.10636724507086391
1994-04-02,0.11045829295820482
1994-04-03,0.11454934084554574
1994-04-04,0.12273143662022758
1994-04-05,0.12273143662022758
1994-04-06,0.12273143662022758
1994-04-07,0.1268224845075685
1994-04-08,0.12273143662022758
1994-04-09,0.11864038873288665
1994-04-10,0.11864038873288665
1994-04-11,0.11454934084554574
1994-04-12,0.11454934084554574
1994-04-13,0.09409410140884114
1994-04-14,0.10227619718352299
1994-04-15,0.11454934084554574
1994-04-16,0.1268224845075685
1994-04-17,0.1431866760569322
1994-04-18,0.16364191549363677
1994-04-19,0.24546287324045515
1994-04-20,0.32728383098727354
1994-04-21,1.0227619718352297
1994-04-22,2.4546287324045517
1994-04-23,4.500152676075012
1994-04-24,3.886495492973874
1994-04-25,2.4955392112779613
1994-04-26,1.3500458028225035
1994-04-27,1.0227619718352297
1994-04-28,0.7363886197213655
1994-04-29,0.5318362253543195
1994-04-30,0.45001526760750116
1994-05-01,0.33546592676195536
1994-05-02,0.2781912563391825
1994-05-03,0.27410020845184163
1994-05-04,0.36819430986068274
1994-05-05,0.3968316450720692
1994-05-06,1.3091353239490942
1994-05-07,2.6182706478981883
1994-05-08,4.131958366214328
1994-05-09,6.13657183101138
1994-05-10,7.527528112707293
1994-05-11,9.286678704263887
1994-05-12,11.65948647892162
1994-05-13,15.095966704287994
1994-05-14,7.936632901441384
1994-05-15,5.686556563403878
1994-05-16,9.368499662010706
1994-05-17,8.468469126795704
1994-05-18,5.727467042277287
1994-05-19,10.636724507086392
1994-05-20,9.20485774651707
1994-05-21,5.522914647910241
1994-05-22,4.295600281707966
1994-05-23,4.745615549315467
1994-05-24,4.500152676075012
1994-05-25,4.868346985935694
1994-05-26,4.622884112695239
1994-05-27,5.195630816922968
1994-05-28,4.827436507062284
1994-05-29,4.091047887340919
1994-05-30,3.722853577480237
1994-05-31,3.886495492973874
1994-06-01,3.7637640563536463
1994-06-02,3.0273754366322807
1994-06-03,2.5773601690247796
1994-06-04,2.4955392112779613
1994-06-05,2.4955392112779613
1994-06-06,2.00461346479705
1994-06-07,1.840971549303414
1994-06-08,1.9637029859236412
1994-06-09,1.8818820281768232
1994-06-10,1.9637029859236412
1994-06-11,1.840971549303414
1994-06-12,1.7591505915565955
1994-06-13,1.7591505915565955
1994-06-14,3.1501068732525086
1994-06-15,2.8637335211386437
1994-06-16,2.3728077746577334
1994-06-17,2.290986816910915
1994-06-18,2.0455239436704593
1994-06-19,1.6773296338097772
1994-06-20,1.9227925070502323
1994-06-21,2.00461346479705
1994-06-22,2.00461346479705
1994-06-23,1.840971549303414
1994-06-24,1.472777239442731
1994-06-25,1.4318667605693218
1994-06-26,1.2273143662022759
1994-06-27,1.268224845075685
1994-06-28,1.1864038873288667
1994-06-29,1.0227619718352297
1994-06-30,0.8182095774681839
1994-07-01,0.8182095774681839
1994-07-02,0.7363886197213655
1994-07-03,0.7772990985947748
1994-07-04,0.7772990985947748
1994-07-05,0.7363886197213655
1994-07-06,0.7363886197213655
1994-07-07,0.7772990985947748
1994-07-08,1.0227619718352297
1994-07-09,1.1454934084554576
1994-07-10,0.9409410140884116
1994-07-11,0.8182095774681839
1994-07-12,0.8182095774681839
1994-07-13,0.7772990985947748
1994-07-14,0.7363886197213655
1994-07-15,0.6954781408479563
1994-07-16,0.6545676619745471
1994-07-17,0.6545676619745471
1994-07-18,0.5318362253543195
1994-07-19,0.4909257464809103
1994-07-20,0.4909257464809103
1994-07-21,0.5318362253543195
1994-07-22,0.5318362253543195
1994-07-23,0.4909257464809103
1994-07-24,0.4909257464809103
1994-07-25,0.4909257464809103
1994-07-26,0.4909257464809103
1994-07-27,0.4909257464809103
1994-07-28,0.45001526760750116
1994-07-29,0.45001526760750116
1994-07-30,0.45001526760750116
1994-07-31,0.45001526760750116
1994-08-01,0.45001526760750116
1994-08-02,0.40910478873409195
1994-08-03,0.40910478873409195
1994-08-04,0.40910478873409195
1994-08-05,0.40910478873409195
1994-08-06,0.40910478873409195
1994-08-07,0.40910478873409195
1994-08-08,0.3927405971847282
1994-08-09,0.38455850141004644
1994-08-10,0.38455850141004644
1994-08-11,0.3722853577480236
1994-08-12,0.40501374084675107
1994-08-13,0.45001526760750116
1994-08-14,0.45001526760750116
1994-08-15,0.45001526760750116
1994-08-16,0.45001526760750116
1994-08-17,0.45001526760750116
1994-08-18,0.40910478873409195
1994-08-19,0.40092269295941024
1994-08-20,0.3927405971847282
1994-08-21,0.36819430986068274
1994-08-22,0.35183011831131905
1994-08-23,0.3395569746492963
1994-08-24,0.3313748788746144
1994-08-25,0.30682859155056896
1994-08-26,0.28228230422652345
1994-08-27,0.27410020845184163
1994-08-28,0.27410020845184163
1994-08-29,0.2618270647898189
1994-08-30,0.25773601690247794
1994-08-31,0.25773601690247794
1994-09-01,0.253644969015137
1994-09-02,0.2495539211277961
1994-09-03,0.2495539211277961
1994-09-04,0.24546287324045515
1994-09-05,0.24137182535311424
1994-09-06,0.24137182535311424
1994-09-07,0.2372807774657733
1994-09-08,0.2372807774657733
1994-09-09,0.23318972957843243
1994-09-10,0.22500763380375058
1994-09-11,0.22091658591640964
1994-09-12,0.2168255380290687
1994-09-13,0.21273449014172782
1994-09-14,0.22091658591640964
1994-09-15,0.2290986816910915
1994-09-16,0.24546287324045515
1994-09-17,0.253644969015137
1994-09-18,0.2618270647898189
1994-09-19,0.2781912563391825
1994-09-20,0.2863733521138644
1994-09-21,0.31091963943790984
1994-09-22,0.29046440000120527
1994-09-23,0.29046440000120527
1994-09-24,0.27410020845184163
1994-09-25,0.26591811267715976
1994-09-26,0.25773601690247794
1994-09-27,0.2495539211277961
1994-09-28,0.2372807774657733
1994-09-29,0.2372807774657733
1994-09-30,0.2372807774657733
1994-10-01,0.3027375436632281
1994-10-02,0.36819430986068274
1994-10-03,0.38455850141004644
1994-10-04,0.45001526760750116
1994-10-05,0.5318362253543195
1994-10-06,0.5318362253543195
1994-10-07,0.5318362253543195
1994-10-08,0.5318362253543195
1994-10-09,0.5318362253543195
1994-10-10,0.5318362253543195
1994-10-11,0.4909257464809103
1994-10-12,0.4909257464809103
1994-10-13,0.45001526760750116
1994-10-14,0.45001526760750116
1994-10-15,0.45001526760750116
1994-10-16,0.4909257464809103
1994-10-17,0.5318362253543195
1994-10-18,0.5727467042277288
1994-10-19,0.5727467042277288
1994-10-20,0.5318362253543195
1994-10-21,0.4909257464809103
1994-10-22,0.45001526760750116
1994-10-23,0.4909257464809103
1994-10-24,0.4909257464809103
1994-10-25,0.5318362253543195
1994-10-26,0.45001526760750116
1994-10-27,0.45001526760750116
1994-10-28,0.45001526760750116
1994-10-29,0.40910478873409195
1994-10-30,0.45001526760750116
1994-10-31,0.40910478873409195
1994-11-01,0.45001526760750116
1994-11-02,0.45001526760750116
1994-11-03,0.45001526760750116
1994-11-04,0.45001526760750116
1994-11-05,0.45001526760750116
1994-11-06,0.40910478873409195
1994-11-07,0.40910478873409195
1994-11-08,0.40910478873409195
1994-11-09,0.3927405971847282
1994-11-10,0.3886495492973874
1994-11-11,0.37637640563536456
1994-11-12,0.3722853577480236
1994-11-13,0.40910478873409195
1994-11-14,0.37637640563536456
1994-11-15,0.36819430986068274
1994-11-16,0.3927405971847282
1994-11-17,0.40501374084675107
1994-11-18,0.40910478873409195
1994-11-19,0.38455850141004644
1994-11-20,0.3722853577480236
1994-11-21,0.3722853577480236
1994-11-22,0.34773907042397817
1994-11-23,0.33546592676195536
1994-11-24,0.3313748788746144
1994-11-25,0.3231927830999327
1994-11-26,0.3191017352125917
1994-11-27,0.3150106873252508
1994-11-28,0.30682859155056896
1994-11-29,0.3027375436632281
1994-11-30,0.30682859155056896
1994-12-01,0.28228230422652345
1994-12-02,0.29455544788854626
1994-12-03,0.29046440000120527
1994-12-04,0.2781912563391825
1994-12-05,0.27410020845184163
1994-12-06,0.27410020845184163
1994-12-07,0.26591811267715976
1994-12-08,0.25773601690247794
1994-12-09,0.2618270647898189
1994-12-10,0.28228230422652345
1994-12-11,0.29455544788854626
1994-12-12,0.3027375436632281
1994-12-13,0.3191017352125917
1994-12-14,0.3313748788746144
1994-12-15,0.3191017352125917
1994-12-16,0.3191017352125917
1994-12-17,0.30682859155056896
1994-12-18,0.2986464957758871
1994-12-19,0.29046440000120527
1994-12-20,0.27410020845184163
1994-12-21,0.25773601690247794
1994-12-22,0.26591811267715976
1994-12-23,0.26591811267715976
1994-12-24,0.2781912563391825
1994-12-25,0.29046440000120527
1994-12-26,0.2986464957758871
1994-12-27,0.31091963943790984
1994-12-28,0.32728383098727354
1994-12-29,0.33546592676195536
1994-12-30,0.3436480225366373
1994-12-31,0.31091963943790984
1995-01-01,0.2700091605645007
1995-01-02,0.25773601690247794
1995-01-03,0.23318972957843243
1995-01-04,0.22091658591640964
1995-01-05,0.22091658591640964
1995-01-06,0.22091658591640964
1995-01-07,0.22091658591640964
1995-01-08,0.22091658591640964
1995-01-09,0.22091658591640964
1995-01-10,0.2168255380290687
1995-01-11,0.20455239436704598
1995-01-12,0.1963702985923641
1995-01-13,0.18818820281768228
1995-01-14,0.18000610704300046
1995-01-15,0.17182401126831864
1995-01-16,0.16773296338097768
1995-01-17,0.17591505915565953
1995-01-18,0.18000610704300046
1995-01-19,0.17591505915565953
1995-01-20,0.16773296338097768
1995-01-21,0.15955086760629586
1995-01-22,0.15136877183161404
1995-01-23,0.14727772394427313
1995-01-24,0.1431866760569322
1995-01-25,0.1431866760569322
1995-01-26,0.1431866760569322
1995-01-27,0.1431866760569322
1995-01-28,0.1431866760569322
1995-01-29,0.1431866760569322
1995-01-30,0.13909562816959126
1995-01-31,0.13909562816959126
1995-02-01,0.13909562816959126
1995-02-02,0.13909562816959126
1995-02-03,0.13909562816959126
1995-02-04,0.13909562816959126
1995-02-05,0.13091353239490944
1995-02-06,0.13091353239490944
1995-02-07,0.1268224845075685
1995-02-08,0.1268224845075685
1995-02-09,0.12273143662022758
1995-02-10,0.11864038873288665
1995-02-11,0.11045829295820482
1995-02-12,0.10636724507086391
1995-02-13,0.10227619718352299
1995-02-14,0.10227619718352299
1995-02-15,0.10227619718352299
1995-02-16,0.10227619718352299
1995-02-17,0.10227619718352299
1995-02-18,0.10227619718352299
1995-02-19,0.10636724507086391
1995-02-20,0.11454934084554574
1995-02-21,0.11864038873288665
1995-02-22,0.11454934084554574
1995-02-23,0.11045829295820482
1995-02-24,0.11045829295820482
1995-02-25,0.11045829295820482
1995-02-26,0.11045829295820482
1995-02-27,0.11045829295820482
1995-02-28,0.11045829295820482
1995-03-01,0.11045829295820482
1995-03-02,0.11045829295820482
1995-03-03,0.11045829295820482
1995-03-04,0.10636724507086391
1995-03-05,0.10636724507086391
1995-03-06,0.10636724507086391
1995-03-07,0.10636724507086391
1995-03-08,0.10636724507086391
1995-03-09,0.10636724507086391
1995-03-10,0.10636724507086391
1995-03-11,0.10227619718352299
1995-03-12,0.10227619718352299
1995-03-13,0.10227619718352299
1995-03-14,0.09409410140884114
1995-03-15,0.09409410140884114
1995-03-16,0.10227619718352299
1995-03-17,0.10636724507086391
1995-03-18,0.10636724507086391
1995-03-19,0.10227619718352299
1995-03-20,0.10227619718352299
1995-03-21,0.09818514929618205
1995-03-22,0.09409410140884114
1995-03-23,0.09000305352150023
1995-03-24,0.08591200563415932
1995-03-25,0.08591200563415932
1995-03-26,0.09000305352150023
1995-03-27,0.09000305352150023
1995-03-28,0.09000305352150023
1995-03-29,0.09000305352150023
1995-03-30,0.09000305352150023
1995-03-31,0.09000305352150023
1995-04-01,0.08591200563415932
1995-04-02,0.08591200563415932
1995-04-03,0.08182095774681838
1995-04-04,0.08182095774681838
1995-04-05,0.08182095774681838
1995-04-06,0.08182095774681838
1995-04-07,0.08182095774681838
1995-04-08,0.08591200563415932
1995-04-09,0.08182095774681838
1995-04-10,0.08591200563415932
1995-04-11,0.09000305352150023
1995-04-12,0.09000305352150023
1995-04-13,0.09409410140884114
1995-04-14,0.13091353239490944
1995-04-15,0.11045829295820482
1995-04-16,0.10227619718352299
1995-04-17,0.10636724507086391
1995-04-18,0.10636724507086391
1995-04-19,0.10227619718352299
1995-04-20,0.10227619718352299
1995-04-21,0.10227619718352299
1995-04-22,0.10227619718352299
1995-04-23,0.10227619718352299
1995-04-24,0.10636724507086391
1995-04-25,0.10636724507086391
1995-04-26,0.11045829295820482
1995-04-27,0.11454934084554574
1995-04-28,0.12273143662022758
1995-04-29,0.11864038873288665
1995-04-30,0.11864038873288665
1995-05-01,0.11864038873288665
1995-05-02,0.12273143662022758
1995-05-03,0.12273143662022758
1995-05-04,0.12273143662022758
1995-05-05,0.13909562816959126
1995-05-06,0.22500763380375058
1995-05-07,0.18818820281768228
1995-05-08,0.16364191549363677
1995-05-09,0.15136877183161404
1995-05-10,0.18818820281768228
1995-05-11,0.3436480225366373
1995-05-12,0.6136571831011379
1995-05-13,0.7363886197213655
1995-05-14,0.8591200563415932
1995-05-15,1.063672450708639
1995-05-16,2.9046440000120533
1995-05-17,7.854811943694565
1995-05-18,4.704705070442057
1995-05-19,2.413718253531142
1995-05-20,1.3091353239490942
1995-05-21,1.1454934084554576
1995-05-22,1.1045829295820482
1995-05-23,1.2273143662022759
1995-05-24,1.472777239442731
1995-05-25,1.268224845075685
1995-05-26,0.9818514929618206
1995-05-27,0.9409410140884116
1995-05-28,1.2273143662022759
1995-05-29,1.268224845075685
1995-05-30,1.268224845075685
1995-05-31,1.6364191549363678
1995-06-01,2.127344901417278
1995-06-02,2.8637335211386437
1995-06-03,6.382034704251835
1995-06-04,11.414023605681166
1995-06-05,14.727772394427312
1995-06-06,19.43247746486937
1995-06-07,13.050442760617532
1995-06-08,7.0775128450997915
1995-06-09,4.377421239454784
1995-06-10,3.3546592676195544
1995-06-11,3.3546592676195544
1995-06-12,7.772990985947748
1995-06-13,21.31435949304619
1995-06-14,25.732691211374384
1995-06-15,31.255605859284625
1995-06-16,32.032904957879396
1995-06-17,23.196241521223012
1995-06-18,15.505071493022086
1995-06-19,13.82774185921231
1995-06-20,16.609654422604134
1995-06-21,20.659791831071644
1995-06-22,16.28237059161686
1995-06-23,10.391261633845936
1995-06-24,7.404796676087065
1995-06-25,9.532141577504342
1995-06-26,13.050442760617532
1995-06-27,16.855117295844586
1995-06-28,15.955086760629584
1995-06-29,8.795752957782977
1995-06-30,6.300213746505017
1995-07-01,7.363886197213656
1995-07-02,9.12303678877025
1995-07-03,12.027680788782304
1995-07-04,9.409410140884114
1995-07-05,8.959394873276613
1995-07-06,9.695783492997979
1995-07-07,11.74130743666844
1995-07-08,10.473082591592753
1995-07-09,8.959394873276613
1995-07-10,8.0184538591882
1995-07-11,8.182095774681837
1995-07-12,7.568438591580702
1995-07-13,6.259303267631608
1995-07-14,4.827436507062284
1995-07-15,4.091047887340919
1995-07-16,3.6001221408600093
1995-07-17,3.1501068732525086
1995-07-18,2.9046440000120533
1995-07-19,2.9046440000120533
1995-07-20,2.4546287324045517
1995-07-21,2.2091658591640964
1995-07-22,2.0455239436704593
1995-07-23,1.9227925070502323
1995-07-24,1.8818820281768232
1995-07-25,1.6364191549363678
1995-07-26,1.5545981971895495
1995-07-27,1.472777239442731
1995-07-28,1.3091353239490942
1995-07-29,1.268224845075685
1995-07-30,1.2273143662022759
1995-07-31,1.1454934084554576
1995-08-01,1.1045829295820482
1995-08-02,1.0227619718352297
1995-08-03,0.9000305352150023
1995-08-04,0.8591200563415932
1995-08-05,0.8182095774681839
1995-08-06,0.7772990985947748
1995-08-07,0.7363886197213655
1995-08-08,0.6954781408479563
1995-08-09,0.6545676619745471
1995-08-10,0.6136571831011379
1995-08-11,0.6136571831011379
1995-08-12,0.5318362253543195
1995-08-13,0.4909257464809103
1995-08-14,0.4909257464809103
1995-08-15,0.45001526760750116
1995-08-16,0.40910478873409195
1995-08-17,0.40910478873409195
1995-08-18,0.3886495492973874
1995-08-19,0.3968316450720692
1995-08-20,0.36819430986068274
1995-08-21,0.3600122140860009
1995-08-22,0.34773907042397817
1995-08-23,0.33546592676195536
1995-08-24,0.3395569746492963
1995-08-25,0.32728383098727354
1995-08-26,0.3313748788746144
1995-08-27,0.30682859155056896
1995-08-28,0.29455544788854626
1995-08-29,0.2781912563391825
1995-08-30,0.26591811267715976
1995-08-31,0.2495539211277961
1995-09-01,0.25773601690247794
1995-09-02,0.2618270647898189
1995-09-03,0.253644969015137
1995-09-04,0.2700091605645007
1995-09-05,0.31091963943790984
1995-09-06,0.26591811267715976
1995-09-07,0.2618270647898189
1995-09-08,0.29455544788854626
1995-09-09,0.3927405971847282
1995-09-10,0.31091963943790984
1995-09-11,0.29455544788854626
1995-09-12,0.28228230422652345
1995-09-13,0.2618270647898189
1995-09-14,0.253644969015137
1995-09-15,0.24546287324045515
1995-09-16,0.2372807774657733
1995-09-17,0.2372807774657733
1995-09-18,0.2700091605645007
1995-09-19,0.3313748788746144
1995-09-20,0.3395569746492963
1995-09-21,0.30682859155056896
1995-09-22,0.3150106873252508
1995-09-23,0.31091963943790984
1995-09-24,0.2863733521138644
1995-09-25,0.2863733521138644
1995-09-26,0.2781912563391825
1995-09-27,0.2700091605645007
1995-09-28,0.2618270647898189
1995-09-29,0.2618270647898189
1995-09-30,0.30682859155056896
1995-10-01,0.3027375436632281
1995-10-02,0.28228230422652345
1995-10-03,0.29046440000120527
1995-10-04,0.29046440000120527
1995-10-05,0.29046440000120527
1995-10-06,0.31091963943790984
1995-10-07,0.31091963943790984
1995-10-08,0.2863733521138644
1995-10-09,0.31091963943790984
1995-10-10,0.3231927830999327
1995-10-11,0.2986464957758871
1995-10-12,0.3027375436632281
1995-10-13,0.30682859155056896
1995-10-14,0.35592116619866
1995-10-15,0.36410326197334186
1995-10-16,0.29046440000120527
1995-10-17,0.28228230422652345
1995-10-18,0.3027375436632281
1995-10-19,0.29455544788854626
1995-10-20,0.3231927830999327
1995-10-21,0.29455544788854626
1995-10-22,0.22500763380375058
1995-10-23,0.2372807774657733
1995-10-24,0.3150106873252508
1995-10-25,0.3150106873252508
1995-10-26,0.3027375436632281
1995-10-27,0.29046440000120527
1995-10-28,0.28228230422652345
1995-10-29,0.29046440000120527
1995-10-30,0.29046440000120527
1995-10-31,0.2863733521138644
1995-11-01,0.2700091605645007
1995-11-02,0.2700091605645007
1995-11-03,0.2618270647898189
1995-11-04,0.2700091605645007
1995-11-05,0.3027375436632281
1995-11-06,0.32728383098727354
1995-11-07,0.37637640563536456
1995-11-08,0.36819430986068274
1995-11-09,0.3395569746492963
1995-11-10,0.33546592676195536
1995-11-11,0.3436480225366373
1995-11-12,0.34773907042397817
1995-11-13,0.3804674535227055
1995-11-14,0.36410326197334186
1995-11-15,0.31091963943790984
1995-11-16,0.2781912563391825
1995-11-17,0.2700091605645007
1995-11-18,0.2863733521138644
1995-11-19,0.2700091605645007
1995-11-20,0.2700091605645007
1995-11-21,0.253644969015137
1995-11-22,0.2618270647898189
1995-11-23,0.29455544788854626
1995-11-24,0.33546592676195536
1995-11-25,0.29046440000120527
1995-11-26,0.2781912563391825
1995-11-27,0.2863733521138644
1995-11-28,0.2863733521138644
1995-11-29,0.2863733521138644
1995-11-30,0.2986464957758871
1995-12-01,0.29455544788854626
1995-12-02,0.2781912563391825
1995-12-03,0.2700091605645007
1995-12-04,0.26591811267715976
1995-12-05,0.25773601690247794
1995-12-06,0.24546287324045515
1995-12-07,0.26591811267715976
1995-12-08,0.22500763380375058
1995-12-09,0.22091658591640964
1995-12-10,0.21273449014172782
1995-12-11,0.21273449014172782
1995-12-12,0.2290986816910915
1995-12-13,0.20455239436704598
1995-12-14,0.21273449014172782
1995-12-15,0.20864344225438688
1995-12-16,0.20864344225438688
1995-12-17,0.19227925070502322
1995-12-18,0.18409715493034137
1995-12-19,0.18818820281768228
1995-12-20,0.18818820281768228
1995-12-21,0.1963702985923641
1995-12-22,0.18000610704300046
1995-12-23,0.18409715493034137
1995-12-24,0.17182401126831864
1995-12-25,0.16773296338097768
1995-12-26,0.16773296338097768
1995-12-27,0.16773296338097768
1995-12-28,0.16364191549363677
1995-12-29,0.17182401126831864
1995-12-30,0.18409715493034137
1995-12-31,0.18000610704300046
1996-01-01,0.18000610704300046
1996-01-02,0.18818820281768228
1996-01-03,0.19227925070502322
1996-01-04,0.18409715493034137
1996-01-05,0.16773296338097768
1996-01-06,0.15545981971895492
1996-01-07,0.17182401126831864
1996-01-08,0.17591505915565953
1996-01-09,0.17182401126831864
1996-01-10,0.16773296338097768
1996-01-11,0.16773296338097768
1996-01-12,0.16773296338097768
1996-01-13,0.16364191549363677
1996-01-14,0.15955086760629586
1996-01-15,0.17182401126831864
1996-01-16,0.16364191549363677
1996-01-17,0.15545981971895492
1996-01-18,0.15545981971895492
1996-01-19,0.17182401126831864
1996-01-20,0.15545981971895492
1996-01-21,0.15955086760629586
1996-01-22,0.15136877183161404
1996-01-23,0.15545981971895492
1996-01-24,0.15545981971895492
1996-01-25,0.15136877183161404
1996-01-26,0.15136877183161404
1996-01-27,0.15955086760629586
1996-01-28,0.14727772394427313
1996-01-29,0.15136877183161404
1996-01-30,0.13909562816959126
1996-01-31,0.13909562816959126
1996-02-01,0.13091353239490944
1996-02-02,0.12273143662022758
1996-02-03,0.12273143662022758
1996-02-04,0.12273143662022758
1996-02-05,0.11864038873288665
1996-02-06,0.12273143662022758
1996-02-07,0.12273143662022758
1996-02-08,0.11864038873288665
1996-02-09,0.11864038873288665
1996-02-10,0.10227619718352299
1996-02-11,0.09818514929618205
1996-02-12,0.09409410140884114
1996-02-13,0.09409410140884114
1996-02-14,0.09409410140884114
1996-02-15,0.09000305352150023
1996-02-16,0.09000305352150023
1996-02-17,0.09000305352150023
1996-02-18,0.08591200563415932
1996-02-19,0.08591200563415932
1996-02-20,0.08182095774681838
1996-02-21,0.07772990985947746
1996-02-22,0.07772990985947746
1996-02-23,0.07772990985947746
1996-02-24,0.08182095774681838
1996-02-25,0.07363886197213657
1996-02-26,0.07363886197213657
1996-02-27,0.06545676619745472
1996-02-28,0.06136571831011379
1996-02-29,0.06954781408479563
1996-03-01,0.06954781408479563
1996-03-02,0.07363886197213657
1996-03-03,0.07772990985947746
1996-03-04,0.07772990985947746
1996-03-05,0.06954781408479563
1996-03-06,0.07363886197213657
1996-03-07,0.07363886197213657
1996-03-08,0.07772990985947746
1996-03-09,0.06954781408479563
1996-03-10,0.06136571831011379
1996-03-11,0.07772990985947746
1996-03-12,0.07772990985947746
1996-03-13,0.07772990985947746
1996-03-14,0.07772990985947746
1996-03-15,0.08182095774681838
1996-03-16,0.08182095774681838
1996-03-17,0.08182095774681838
1996-03-18,0.08182095774681838
1996-03-19,0.09000305352150023
1996-03-20,0.09000305352150023
1996-03-21,0.09000305352150023
1996-03-22,0.09000305352150023
1996-03-23,0.08591200563415932
1996-03-24,0.08591200563415932
1996-03-25,0.10227619718352299
1996-03-26,0.10636724507086391
1996-03-27,0.11045829295820482
1996-03-28,0.11454934084554574
1996-03-29,0.11045829295820482
1996-03-30,0.10227619718352299
1996-03-31,0.10636724507086391
1996-04-01,0.10227619718352299
1996-04-02,0.09818514929618205
1996-04-03,0.10227619718352299
1996-04-04,0.10227619718352299
1996-04-05,0.10636724507086391
1996-04-06,0.10636724507086391
1996-04-07,0.11454934084554574
1996-04-08,0.1431866760569322
1996-04-09,0.20455239436704598
1996-04-10,0.16364191549363677
1996-04-11,0.1431866760569322
1996-04-12,0.13909562816959126
1996-04-13,0.13500458028225035
1996-04-14,0.13091353239490944
1996-04-15,0.1431866760569322
1996-04-16,0.16364191549363677
1996-04-17,0.20455239436704598
1996-04-18,0.18409715493034137
1996-04-19,0.17591505915565953
1996-04-20,0.16773296338097768
1996-04-21,0.16364191549363677
1996-04-22,0.17182401126831864
1996-04-23,0.18818820281768228
1996-04-24,0.2290986816910915
1996-04-25,0.20455239436704598
1996-04-26,0.22091658591640964
1996-04-27,0.20455239436704598
1996-04-28,0.18409715493034137
1996-04-29,0.17182401126831864
1996-04-30,0.16364191549363677
1996-05-01,0.15136877183161404
1996-05-02,0.14727772394427313
1996-05-03,0.1431866760569322
1996-05-04,0.1431866760569322
1996-05-05,0.13909562816959126
1996-05-06,0.1431866760569322
1996-05-07,0.15136877183161404
1996-05-08,0.15136877183161404
1996-05-09,0.1963702985923641
1996-05-10,0.2781912563391825
1996-05-11,0.2700091605645007
1996-05-12,0.33546592676195536
1996-05-13,0.5727467042277288
1996-05-14,1.2273143662022759
1996-05-15,1.9227925070502323
1996-05-16,2.0455239436704593
1996-05-17,10.14579876060548
1996-05-18,8.673021521162749
1996-05-19,5.3592727324166045
1996-05-20,3.886495492973874
1996-05-21,3.5592116619866006
1996-05-22,3.109196394379099
1996-05-23,2.659181126771598
1996-05-24,2.250076338037506
1996-05-25,1.9637029859236412
1996-05-26,1.8818820281768232
1996-05-27,1.840971549303414
1996-05-28,1.8818820281768232
1996-05-29,2.3728077746577334
1996-05-30,4.541063154948421
1996-05-31,5.727467042277287
1996-06-01,4.459242197201602
1996-06-02,3.9274059718472825
1996-06-03,5.768377521150697
1996-06-04,10.841276901453437
1996-06-05,19.023372676135274
1996-06-06,16.118728676123222
1996-06-07,14.277757126819807
1996-06-08,20.49614991557801
1996-06-09,24.219003493058246
1996-06-10,21.641643324033467
1996-06-11,18.655178366274594
1996-06-12,22.214390028261192
1996-06-13,19.26883554937573
1996-06-14,14.768682873300719
1996-06-15,14.31866760569322
1996-06-16,20.168866084590736
1996-06-17,19.309746028249137
1996-06-18,19.187014591628913
1996-06-19,13.091353239490942
1996-06-20,9.04121583102343
1996-06-21,7.691170028200929
1996-06-22,7.363886197213656
1996-06-23,7.527528112707293
1996-06-24,4.991078422555923
1996-06-25,4.909257464809103
1996-06-26,4.622884112695239
1996-06-27,5.154720338049559
1996-06-28,4.950167943682513
1996-06-29,4.091047887340919
1996-06-30,3.109196394379099
1996-07-01,2.700091605645007
1996-07-02,2.53644969015137
1996-07-03,2.413718253531142
1996-07-04,2.290986816910915
1996-07-05,2.168255380290687
1996-07-06,2.0455239436704593
1996-07-07,1.840971549303414
1996-07-08,1.6364191549363678
1996-07-09,1.472777239442731
1996-07-10,1.3909562816959127
1996-07-11,1.3091353239490942
1996-07-12,1.1864038873288667
1996-07-13,1.1045829295820482
1996-07-14,1.0227619718352297
1996-07-15,0.9818514929618206
1996-07-16,0.9000305352150023
1996-07-17,0.8591200563415932
1996-07-18,0.8182095774681839
1996-07-19,0.7363886197213655
1996-07-20,0.6954781408479563
1996-07-21,0.6545676619745471
1996-07-22,0.6545676619745471
1996-07-23,0.7363886197213655
1996-07-24,0.6954781408479563
1996-07-25,0.6545676619745471
1996-07-26,0.5727467042277288
1996-07-27,0.5318362253543195
1996-07-28,0.5318362253543195
1996-07-29,0.5727467042277288
1996-07-30,0.6545676619745471
1996-07-31,0.5727467042277288
1996-08-01,0.4909257464809103
1996-08-02,0.45001526760750116
1996-08-03,0.45001526760750116
1996-08-04,0.40910478873409195
1996-08-05,0.3886495492973874
1996-08-06,0.5318362253543195
1996-08-07,0.5727467042277288
1996-08-08,0.45001526760750116
1996-08-09,0.40501374084675107
1996-08-10,0.37637640563536456
1996-08-11,0.35183011831131905
1996-08-12,0.33546592676195536
1996-08-13,0.32728383098727354
1996-08-14,0.3191017352125917
1996-08-15,0.35592116619866
1996-08-16,0.40910478873409195
1996-08-17,0.3436480225366373
1996-08-18,0.3313748788746144
1996-08-19,0.33546592676195536
1996-08-20,0.2986464957758871
1996-08-21,0.28228230422652345
1996-08-22,0.27410020845184163
1996-08-23,0.2618270647898189
1996-08-24,0.253644969015137
1996-08-25,0.2495539211277961
1996-08-26,0.24137182535311424
1996-08-27,0.2372807774657733
1996-08-28,0.24137182535311424
1996-08-29,0.26591811267715976
1996-08-30,0.28228230422652345
1996-08-31,0.2495539211277961
1996-09-01,0.22500763380375058
1996-09-02,0.2168255380290687
1996-09-03,0.20455239436704598
1996-09-04,0.20046134647970512
1996-09-05,0.18818820281768228
1996-09-06,0.18409715493034137
1996-09-07,0.18409715493034137
1996-09-08,0.18000610704300046
1996-09-09,0.17591505915565953
1996-09-10,0.17591505915565953
1996-09-11,0.16773296338097768
1996-09-12,0.17182401126831864
1996-09-13,0.17591505915565953
1996-09-14,0.19227925070502322
1996-09-15,0.2372807774657733
1996-09-16,0.1963702985923641
1996-09-17,0.24546287324045515
1996-09-18,0.24137182535311424
1996-09-19,0.25773601690247794
1996-09-20,0.25773601690247794
1996-09-21,0.24137182535311424
1996-09-22,0.2618270647898189
1996-09-23,0.25773601690247794
1996-09-24,0.2290986816910915
1996-09-25,0.23318972957843243
1996-09-26,0.2372807774657733
1996-09-27,0.24137182535311424
1996-09-28,0.2700091605645007
1996-09-29,0.3150106873252508
1996-09-30,0.3395569746492963
1996-10-01,0.32728383098727354
1996-10-02,0.3150106873252508
1996-10-03,0.30682859155056896
1996-10-04,0.2986464957758871
1996-10-05,0.29046440000120527
1996-10-06,0.2863733521138644
1996-10-07,0.2863733521138644
1996-10-08,0.2700091605645007
1996-10-09,0.25773601690247794
1996-10-10,0.253644969015137
1996-10-11,0.2495539211277961
1996-10-12,0.24137182535311424
1996-10-13,0.2372807774657733
1996-10-14,0.2290986816910915
1996-10-15,0.22091658591640964
1996-10-16,0.22091658591640964
1996-10-17,0.24546287324045515
1996-10-18,0.2781912563391825
1996-10-19,0.29455544788854626
1996-10-20,0.2863733521138644
1996-10-21,0.26591811267715976
1996-10-22,0.29455544788854626
1996-10-23,0.2863733521138644
1996-10-24,0.29455544788854626
1996-10-25,0.29046440000120527
1996-10-26,0.253644969015137
1996-10-27,0.2700091605645007
1996-10-28,0.2986464957758871
1996-10-29,0.2781912563391825
1996-10-30,0.2618270647898189
1996-10-31,0.2495539211277961
1996-11-01,0.2290986816910915
1996-11-02,0.2618270647898189
1996-11-03,0.2781912563391825
1996-11-04,0.2863733521138644
1996-11-05,0.2863733521138644
1996-11-06,0.2618270647898189
1996-11-07,0.2290986816910915
1996-11-08,0.2290986816910915
1996-11-09,0.2290986816910915
1996-11-10,0.22091658591640964
1996-11-11,0.22091658591640964
1996-11-12,0.22091658591640964
1996-11-13,0.22091658591640964
1996-11-14,0.22091658591640964
1996-11-15,0.20455239436704598
1996-11-16,0.19227925070502322
1996-11-17,0.18409715493034137
1996-11-18,0.18409715493034137
1996-11-19,0.18409715493034137
1996-11-20,0.18409715493034137
1996-11-21,0.18409715493034137
1996-11-22,0.18409715493034137
1996-11-23,0.18000610704300046
1996-11-24,0.17591505915565953
1996-11-25,0.17182401126831864
1996-11-26,0.16773296338097768
1996-11-27,0.17182401126831864
1996-11-28,0.17182401126831864
1996-11-29,0.15955086760629586
1996-11-30,0.15545981971895492
1996-12-01,0.15545981971895492
1996-12-02,0.15136877183161404
1996-12-03,0.15136877183161404
1996-12-04,0.14727772394427313
1996-12-05,0.14727772394427313
1996-12-06,0.14727772394427313
1996-12-07,0.14727772394427313
1996-12-08,0.1431866760569322
1996-12-09,0.14727772394427313
1996-12-10,0.15136877183161404
1996-12-11,0.15136877183161404
1996-12-12,0.15545981971895492
1996-12-13,0.15545981971895492
1996-12-14,0.15136877183161404
1996-12-15,0.14727772394427313
1996-12-16,0.1431866760569322
1996-12-17,0.14727772394427313
1996-12-18,0.1431866760569322
1996-12-19,0.1431866760569322
1996-12-20,0.15545981971895492
1996-12-21,0.1431866760569322
1996-12-22,0.13500458028225035
1996-12-23,0.13500458028225035
1996-12-24,0.1431866760569322
1996-12-25,0.13909562816959126
1996-12-26,0.13091353239490944
1996-12-27,0.13500458028225035
1996-12-28,0.1431866760569322
1996-12-29,0.1431866760569322
1996-12-30,0.14727772394427313
1996-12-31,0.14727772394427313
1997-01-01,0.15136877183161404
1997-01-02,0.15545981971895492
1997-01-03,0.15545981971895492
1997-01-04,0.15136877183161404
1997-01-05,0.14727772394427313
1997-01-06,0.14727772394427313
1997-01-07,0.14727772394427313
1997-01-08,0.14727772394427313
1997-01-09,0.1431866760569322
1997-01-10,0.13500458028225035
1997-01-11,0.13091353239490944
1997-01-12,0.12273143662022758
1997-01-13,0.1268224845075685
1997-01-14,0.13091353239490944
1997-01-15,0.12273143662022758
1997-01-16,0.1268224845075685
1997-01-17,0.1268224845075685
1997-01-18,0.13091353239490944
1997-01-19,0.13500458028225035
1997-01-20,0.1431866760569322
1997-01-21,0.14727772394427313
1997-01-22,0.14727772394427313
1997-01-23,0.1431866760569322
1997-01-24,0.1431866760569322
1997-01-25,0.15136877183161404
1997-01-26,0.15136877183161404
1997-01-27,0.1431866760569322
1997-01-28,0.13909562816959126
1997-01-29,0.13909562816959126
1997-01-30,0.1431866760569322
1997-01-31,0.15136877183161404
1997-02-01,0.15545981971895492
1997-02-02,0.15545981971895492
1997-02-03,0.15136877183161404
1997-02-04,0.14727772394427313
1997-02-05,0.1431866760569322
1997-02-06,0.13909562816959126
1997-02-07,0.13500458028225035
1997-02-08,0.13500458028225035
1997-02-09,0.13909562816959126
1997-02-10,0.13909562816959126
1997-02-11,0.13500458028225035
1997-02-12,0.13091353239490944
1997-02-13,0.13091353239490944
1997-02-14,0.13091353239490944
1997-02-15,0.13500458028225035
1997-02-16,0.13909562816959126
1997-02-17,0.1431866760569322
1997-02-18,0.13909562816959126
1997-02-19,0.13909562816959126
1997-02-20,0.13091353239490944
1997-02-21,0.1268224845075685
1997-02-22,0.12273143662022758
1997-02-23,0.11864038873288665
1997-02-24,0.11454934084554574
1997-02-25,0.11454934084554574
1997-02-26,0.11454934084554574
1997-02-27,0.11864038873288665
1997-02-28,0.11454934084554574
1997-03-01,0.11045829295820482
1997-03-02,0.11045829295820482
1997-03-03,0.10636724507086391
1997-03-04,0.11045829295820482
1997-03-05,0.10636724507086391
1997-03-06,0.11045829295820482
1997-03-07,0.10227619718352299
1997-03-08,0.10227619718352299
1997-03-09,0.10227619718352299
1997-03-10,0.10227619718352299
1997-03-11,0.09818514929618205
1997-03-12,0.09409410140884114
1997-03-13,0.09000305352150023
1997-03-14,0.09000305352150023
1997-03-15,0.08591200563415932
1997-03-16,0.08591200563415932
1997-03-17,0.08182095774681838
1997-03-18,0.07772990985947746
1997-03-19,0.08591200563415932
1997-03-20,0.09000305352150023
1997-03-21,0.08182095774681838
1997-03-22,0.08182095774681838
1997-03-23,0.09000305352150023
1997-03-24,0.08182095774681838
1997-03-25,0.09409410140884114
1997-03-26,0.10227619718352299
1997-03-27,0.11045829295820482
1997-03-28,0.10636724507086391
1997-03-29,0.10227619718352299
1997-03-30,0.10636724507086391
1997-03-31,0.11045829295820482
1997-04-01,0.09818514929618205
1997-04-02,0.10636724507086391
1997-04-03,0.11454934084554574
1997-04-04,0.10636724507086391
1997-04-05,0.10227619718352299
1997-04-06,0.11454934084554574
1997-04-07,0.12273143662022758
1997-04-08,0.12273143662022758
1997-04-09,0.11864038873288665
1997-04-10,0.10636724507086391
1997-04-11,0.10227619718352299
1997-04-12,0.10227619718352299
1997-04-13,0.10227619718352299
1997-04-14,0.10636724507086391
1997-04-15,0.10227619718352299
1997-04-16,0.11454934084554574
1997-04-17,0.12273143662022758
1997-04-18,0.14727772394427313
1997-04-19,0.15545981971895492
1997-04-20,0.15545981971895492
1997-04-21,0.16364191549363677
1997-04-22,0.15545981971895492
1997-04-23,0.1431866760569322
1997-04-24,0.13909562816959126
1997-04-25,0.13500458028225035
1997-04-26,0.13091353239490944
1997-04-27,0.1431866760569322
1997-04-28,0.15545981971895492
1997-04-29,0.14727772394427313
1997-04-30,0.1431866760569322
1997-05-01,0.13909562816959126
1997-05-02,0.1431866760569322
1997-05-03,0.13909562816959126
1997-05-04,0.17182401126831864
1997-05-05,0.18000610704300046
1997-05-06,0.2700091605645007
1997-05-07,0.45001526760750116
1997-05-08,0.4909257464809103
1997-05-09,0.4909257464809103
1997-05-10,0.4909257464809103
1997-05-11,0.4909257464809103
1997-05-12,0.4909257464809103
1997-05-13,0.5318362253543195
1997-05-14,0.5727467042277288
1997-05-15,0.6545676619745471
1997-05-16,1.2273143662022759
1997-05-17,2.3318972957843243
1997-05-18,5.154720338049559
1997-05-19,4.827436507062284
1997-05-20,4.295600281707966
1997-05-21,4.745615549315467
1997-05-22,6.300213746505017
1997-05-23,8.182095774681837
1997-05-24,9.12303678877025
1997-05-25,9.000305352150024
1997-05-26,6.62749757749229
1997-05-27,4.418331718328193
1997-05-28,3.477390704239782
1997-05-29,3.5592116619866006
1997-05-30,5.3592727324166045
1997-05-31,13.21408467611117
1997-06-01,22.29621098600801
1997-06-02,17.26422208457868
1997-06-03,14.114115211326173
1997-06-04,17.918789746553227
1997-06-05,20.168866084590736
1997-06-06,17.87787926767982
1997-06-07,14.932324788794356
1997-06-08,16.977848732464818
1997-06-09,13.541368507098444
1997-06-10,13.173174197237762
1997-06-11,15.627802929642312
1997-06-12,9.12303678877025
1997-06-13,7.65025954932752
1997-06-14,9.000305352150024
1997-06-15,16.73238585922436
1997-06-16,9.04121583102343
1997-06-17,8.304827211302067
1997-06-18,8.059364338061611
1997-06-19,6.750229014112517
1997-06-20,5.236541295796377
1997-06-21,4.172868845087738
1997-06-22,3.7637640563536463
1997-06-23,3.722853577480237
1997-06-24,3.8455850141004646
1997-06-25,2.9864649577588716
1997-06-26,2.4955392112779613
1997-06-27,2.290986816910915
1997-06-28,2.2091658591640964
1997-06-29,2.086434422543869
1997-06-30,1.9227925070502323
1997-07-01,2.0455239436704593
1997-07-02,2.4955392112779613
1997-07-03,2.9864649577588716
1997-07-04,2.700091605645007
1997-07-05,2.2091658591640964
1997-07-06,2.0455239436704593
1997-07-07,1.9227925070502323
1997-07-08,1.7591505915565955
1997-07-09,1.5955086760629587
1997-07-10,1.5136877183161404
1997-07-11,1.5136877183161404
1997-07-12,1.7591505915565955
1997-07-13,2.250076338037506
1997-07-14,1.9227925070502323
1997-07-15,1.5136877183161404
1997-07-16,1.3091353239490942
1997-07-17,1.1864038873288667
1997-07-18,1.1454934084554576
1997-07-19,1.5136877183161404
1997-07-20,1.6773296338097772
1997-07-21,1.3909562816959127
1997-07-22,1.2273143662022759
1997-07-23,1.1864038873288667
1997-07-24,2.086434422543869
1997-07-25,2.741002084518416
1997-07-26,1.8000610704300046
1997-07-27,1.5136877183161404
1997-07-28,1.3909562816959127
1997-07-29,1.4318667605693218
1997-07-30,1.3091353239490942
1997-07-31,1.1454934084554576
1997-08-01,1.1045829295820482
1997-08-02,1.0227619718352297
1997-08-03,0.9409410140884116
1997-08-04,0.8591200563415932
1997-08-05,0.8591200563415932
1997-08-06,0.7772990985947748
1997-08-07,0.6954781408479563
1997-08-08,0.6545676619745471
1997-08-09,0.6136571831011379
1997-08-10,0.6136571831011379
1997-08-11,0.6954781408479563
1997-08-12,0.6136571831011379
1997-08-13,0.5727467042277288
1997-08-14,0.6136571831011379
1997-08-15,0.5727467042277288
1997-08-16,0.6545676619745471
1997-08-17,0.6545676619745471
1997-08-18,0.5727467042277288
1997-08-19,0.5318362253543195
1997-08-20,0.4909257464809103
1997-08-21,0.45001526760750116
1997-08-22,0.45001526760750116
1997-08-23,0.40501374084675107
1997-08-24,0.3968316450720692
1997-08-25,0.3722853577480236
1997-08-26,0.3804674535227055
1997-08-27,0.36410326197334186
1997-08-28,0.3395569746492963
1997-08-29,0.31091963943790984
1997-08-30,0.29455544788854626
1997-08-31,0.28228230422652345
1997-09-01,0.2618270647898189
1997-09-02,0.26591811267715976
1997-09-03,0.26591811267715976
1997-09-04,0.28228230422652345
1997-09-05,0.2781912563391825
1997-09-06,0.2618270647898189
1997-09-07,0.25773601690247794
1997-09-08,0.24546287324045515
1997-09-09,0.23318972957843243
1997-09-10,0.2290986816910915
1997-09-11,0.22091658591640964
1997-09-12,0.2290986816910915
1997-09-13,0.2168255380290687
1997-09-14,0.20046134647970512
1997-09-15,0.19227925070502322
1997-09-16,0.22091658591640964
1997-09-17,0.24546287324045515
1997-09-18,0.2290986816910915
1997-09-19,0.27410020845184163
1997-09-20,0.27410020845184163
1997-09-21,0.25773601690247794
1997-09-22,0.2986464957758871
1997-09-23,0.3395569746492963
1997-09-24,0.30682859155056896
1997-09-25,0.28228230422652345
1997-09-26,0.27410020845184163
1997-09-27,0.2700091605645007
1997-09-28,0.26591811267715976
1997-09-29,0.2495539211277961
1997-09-30,0.24546287324045515
1997-10-01,0.24546287324045515
1997-10-02,0.23318972957843243
1997-10-03,0.24137182535311424
1997-10-04,0.2290986816910915
1997-10-05,0.21273449014172782
1997-10-06,0.2168255380290687
1997-10-07,0.22091658591640964
1997-10-08,0.2700091605645007
1997-10-09,0.24546287324045515
1997-10-10,0.2700091605645007
1997-10-11,0.27410020845184163
1997-10-12,0.253644969015137
1997-10-13,0.25773601690247794
1997-10-14,0.27410020845184163
1997-10-15,0.2618270647898189
1997-10-16,0.2986464957758871
1997-10-17,0.25773601690247794
1997-10-18,0.253644969015137
1997-10-19,0.24546287324045515
1997-10-20,0.24137182535311424
1997-10-21,0.23318972957843243
1997-10-22,0.2290986816910915
1997-10-23,0.22091658591640964
1997-10-24,0.17591505915565953
1997-10-25,0.18409715493034137
1997-10-26,0.25773601690247794
1997-10-27,0.2495539211277961
1997-10-28,0.2372807774657733
1997-10-29,0.2372807774657733
1997-10-30,0.2372807774657733
1997-10-31,0.24546287324045515
1997-11-01,0.24546287324045515
1997-11-02,0.2372807774657733
1997-11-03,0.2495539211277961
1997-11-04,0.24137182535311424
1997-11-05,0.2372807774657733
1997-11-06,0.2372807774657733
1997-11-07,0.24546287324045515
1997-11-08,0.24137182535311424
1997-11-09,0.23318972957843243
1997-11-10,0.22091658591640964
1997-11-11,0.20455239436704598
1997-11-12,0.1963702985923641
1997-11-13,0.19227925070502322
1997-11-14,0.17591505915565953
1997-11-15,0.13909562816959126
1997-11-16,0.17591505915565953
1997-11-17,0.24546287324045515
1997-11-18,0.2495539211277961
1997-11-19,0.2372807774657733
1997-11-20,0.2372807774657733
1997-11-21,0.2372807774657733
1997-11-22,0.2372807774657733
1997-11-23,0.2290986816910915
1997-11-24,0.22091658591640964
1997-11-25,0.21273449014172782
1997-11-26,0.20455239436704598
1997-11-27,0.20046134647970512
1997-11-28,0.20046134647970512
1997-11-29,0.20046134647970512
1997-11-30,0.20046134647970512
1997-12-01,0.19227925070502322
1997-12-02,0.18818820281768228
1997-12-03,0.18818820281768228
1997-12-04,0.18818820281768228
1997-12-05,0.18818820281768228
1997-12-06,0.19227925070502322
1997-12-07,0.18818820281768228
1997-12-08,0.18409715493034137
1997-12-09,0.18000610704300046
1997-12-10,0.17182401126831864
1997-12-11,0.17182401126831864
1997-12-12,0.17591505915565953
1997-12-13,0.17591505915565953
1997-12-14,0.18000610704300046
1997-12-15,0.17182401126831864
1997-12-16,0.17182401126831864
1997-12-17,0.17591505915565953
1997-12-18,0.17182401126831864
1997-12-19,0.16364191549363677
1997-12-20,0.16773296338097768
1997-12-21,0.16773296338097768
1997-12-22,0.15955086760629586
1997-12-23,0.15955086760629586
1997-12-24,0.15545981971895492
1997-12-25,0.15136877183161404
1997-12-26,0.14727772394427313
1997-12-27,0.15955086760629586
1997-12-28,0.15955086760629586
1997-12-29,0.16773296338097768
1997-12-30,0.16364191549363677
1997-12-31,0.16773296338097768
1998-01-01,0.16364191549363677
1998-01-02,0.16773296338097768
1998-01-03,0.15955086760629586
1998-01-04,0.1431866760569322
1998-01-05,0.15136877183161404
1998-01-06,0.14727772394427313
1998-01-07,0.14727772394427313
1998-01-08,0.15545981971895492
1998-01-09,0.14727772394427313
1998-01-10,0.15136877183161404
1998-01-11,0.14727772394427313
1998-01-12,0.1431866760569322
1998-01-13,0.15136877183161404
1998-01-14,0.1431866760569322
1998-01-15,0.14727772394427313
1998-01-16,0.13909562816959126
1998-01-17,0.13909562816959126
1998-01-18,0.13909562816959126
1998-01-19,0.13500458028225035
1998-01-20,0.13091353239490944
1998-01-21,0.13500458028225035
1998-01-22,0.13909562816959126
1998-01-23,0.1431866760569322
1998-01-24,0.14727772394427313
1998-01-25,0.13909562816959126
1998-01-26,0.1431866760569322
1998-01-27,0.16364191549363677
1998-01-28,0.16364191549363677
1998-01-29,0.16773296338097768
1998-01-30,0.17182401126831864
1998-01-31,0.16364191549363677
1998-02-01,0.16364191549363677
1998-02-02,0.16364191549363677
1998-02-03,0.16773296338097768
1998-02-04,0.16773296338097768
1998-02-05,0.15955086760629586
1998-02-06,0.15955086760629586
1998-02-07,0.15955086760629586
1998-02-08,0.15545981971895492
1998-02-09,0.16364191549363677
1998-02-10,0.15545981971895492
1998-02-11,0.15545981971895492
1998-02-12,0.15955086760629586
1998-02-13,0.15955086760629586
1998-02-14,0.15545981971895492
1998-02-15,0.15545981971895492
1998-02-16,0.15136877183161404
1998-02-17,0.14727772394427313
1998-02-18,0.14727772394427313
1998-02-19,0.1431866760569322
1998-02-20,0.13909562816959126
1998-02-21,0.1431866760569322
1998-02-22,0.13909562816959126
1998-02-23,0.13500458028225035
1998-02-24,0.13500458028225035
1998-02-25,0.13091353239490944
1998-02-26,0.13091353239490944
1998-02-27,0.13091353239490944
1998-02-28,0.13500458028225035
1998-03-01,0.13909562816959126
1998-03-02,0.1431866760569322
1998-03-03,0.14727772394427313
1998-03-04,0.14727772394427313
1998-03-05,0.14727772394427313
1998-03-06,0.13909562816959126
1998-03-07,0.13091353239490944
1998-03-08,0.13500458028225035
1998-03-09,0.13091353239490944
1998-03-10,0.13091353239490944
1998-03-11,0.14727772394427313
1998-03-12,0.13091353239490944
1998-03-13,0.13091353239490944
1998-03-14,0.13091353239490944
1998-03-15,0.13500458028225035
1998-03-16,0.13500458028225035
1998-03-17,0.1268224845075685
1998-03-18,0.1268224845075685
1998-03-19,0.1268224845075685
1998-03-20,0.13091353239490944
1998-03-21,0.13091353239490944
1998-03-22,0.13091353239490944
1998-03-23,0.1268224845075685
1998-03-24,0.13091353239490944
1998-03-25,0.13091353239490944
1998-03-26,0.13091353239490944
1998-03-27,0.13091353239490944
1998-03-28,0.13500458028225035
1998-03-29,0.13091353239490944
1998-03-30,0.1268224845075685
1998-03-31,0.12273143662022758
1998-04-01,0.11864038873288665
1998-04-02,0.12273143662022758
1998-04-03,0.11864038873288665
1998-04-04,0.1268224845075685
1998-04-05,0.12273143662022758
1998-04-06,0.1268224845075685
1998-04-07,0.13091353239490944
1998-04-08,0.13500458028225035
1998-04-09,0.13500458028225035
1998-04-10,0.13909562816959126
1998-04-11,0.1431866760569322
1998-04-12,0.13909562816959126
1998-04-13,0.13500458028225035
1998-04-14,0.13909562816959126
1998-04-15,0.13909562816959126
1998-04-16,0.13500458028225035
1998-04-17,0.13909562816959126
1998-04-18,0.1431866760569322
1998-04-19,0.13909562816959126
1998-04-20,0.13500458028225035
1998-04-21,0.13909562816959126
1998-04-22,0.15545981971895492
1998-04-23,0.1963702985923641
1998-04-24,0.24546287324045515
1998-04-25,0.2372807774657733
1998-04-26,0.21273449014172782
1998-04-27,0.20455239436704598
1998-04-28,0.21273449014172782
1998-04-29,0.24546287324045515
1998-04-30,0.40910478873409195
1998-05-01,0.9409410140884116
1998-05-02,1.1864038873288667
1998-05-03,1.1864038873288667
1998-05-04,1.1045829295820482
1998-05-05,1.2273143662022759
1998-05-06,2.250076338037506
1998-05-07,3.313748788746145
1998-05-08,2.9046440000120533
1998-05-09,2.3318972957843243
1998-05-10,2.0455239436704593
1998-05-11,1.840971549303414
1998-05-12,1.6364191549363678
1998-05-13,1.7182401126831863
1998-05-14,1.7591505915565955
1998-05-15,1.3909562816959127
1998-05-16,1.5136877183161404
1998-05-17,1.6773296338097772
1998-05-18,2.2091658591640964
1998-05-19,2.9864649577588716
1998-05-20,5.441093690163423
1998-05-21,8.591200563415931
1998-05-22,9.20485774651707
1998-05-23,5.441093690163423
1998-05-24,4.868346985935694
1998-05-25,5.891108957770924
1998-05-26,8.0184538591882
1998-05-27,9.491231098630934
1998-05-28,7.8957224225679745
1998-05-29,8.713932000036158
1998-05-30,11.373113126807755
1998-05-31,7.936632901441384
1998-06-01,6.668408056365699
1998-06-02,5.972929915517743
1998-06-03,5.563825126783651
1998-06-04,4.0092269295941
1998-06-05,3.109196394379099
1998-06-06,2.5773601690247796
1998-06-07,2.413718253531142
1998-06-08,2.700091605645007
1998-06-09,2.5773601690247796
1998-06-10,2.659181126771598
1998-06-11,3.477390704239782
1998-06-12,4.254689802834556
1998-06-13,7.486617633833883
1998-06-14,7.0775128450997915
1998-06-15,4.254689802834556
1998-06-16,4.05013740846751
1998-06-17,3.1910173521259173
1998-06-18,2.741002084518416
1998-06-19,3.109196394379099
1998-06-20,4.091047887340919
1998-06-21,3.5592116619866006
1998-06-22,5.3592727324166045
1998-06-23,8.63211104228934
1998-06-24,9.245768225390478
1998-06-25,7.936632901441384
1998-06-26,8.182095774681837
1998-06-27,5.318362253543196
1998-06-28,4.091047887340919
1998-06-29,4.622884112695239
1998-06-30,5.441093690163423
1998-07-01,6.09566135213797
1998-07-02,6.382034704251835
1998-07-03,5.891108957770924
1998-07-04,5.64564608453047
1998-07-05,4.827436507062284
1998-07-06,3.722853577480237
1998-07-07,2.9864649577588716
1998-07-08,2.4955392112779613
1998-07-09,2.168255380290687
1998-07-10,1.8818820281768232
1998-07-11,1.7182401126831863
1998-07-12,1.472777239442731
1998-07-13,1.2273143662022759
1998-07-14,1.0227619718352297
1998-07-15,0.9000305352150023
1998-07-16,0.8591200563415932
1998-07-17,0.7772990985947748
1998-07-18,0.6954781408479563
1998-07-19,0.7363886197213655
1998-07-20,0.6545676619745471
1998-07-21,0.6136571831011379
1998-07-22,0.6136571831011379
1998-07-23,0.5727467042277288
1998-07-24,0.5727467042277288
1998-07-25,0.6954781408479563
1998-07-26,0.6545676619745471
1998-07-27,0.5318362253543195
1998-07-28,0.6136571831011379
1998-07-29,1.3500458028225035
1998-07-30,1.2273143662022759
1998-07-31,1.472777239442731
1998-08-01,1.3500458028225035
1998-08-02,1.1454934084554576
1998-08-03,2.4955392112779613
1998-08-04,2.741002084518416
1998-08-05,2.00461346479705
1998-08-06,1.5955086760629587
1998-08-07,1.3500458028225035
1998-08-08,1.1864038873288667
1998-08-09,1.063672450708639
1998-08-10,1.1045829295820482
1998-08-11,1.0227619718352297
1998-08-12,0.9409410140884116
1998-08-13,0.9409410140884116
1998-08-14,0.8591200563415932
1998-08-15,0.9000305352150023
1998-08-16,0.7772990985947748
1998-08-17,0.7363886197213655
1998-08-18,0.8182095774681839
1998-08-19,1.063672450708639
1998-08-20,1.5136877183161404
1998-08-21,1.5136877183161404
1998-08-22,1.472777239442731
1998-08-23,1.1864038873288667
1998-08-24,0.9818514929618206
1998-08-25,0.9000305352150023
1998-08-26,0.8182095774681839
1998-08-27,0.8182095774681839
1998-08-28,0.7363886197213655
1998-08-29,0.6954781408479563
1998-08-30,0.6545676619745471
1998-08-31,0.6136571831011379
1998-09-01,0.6136571831011379
1998-09-02,0.5727467042277288
1998-09-03,0.5318362253543195
1998-09-04,0.4909257464809103
1998-09-05,0.4909257464809103
1998-09-06,0.45001526760750116
1998-09-07,0.45001526760750116
1998-09-08,0.40910478873409195
1998-09-09,0.40501374084675107
1998-09-10,0.38455850141004644
1998-09-11,0.3804674535227055
1998-09-12,0.45001526760750116
1998-09-13,1.0227619718352297
1998-09-14,0.9000305352150023
1998-09-15,0.6954781408479563
1998-09-16,0.6136571831011379
1998-09-17,0.5727467042277288
1998-09-18,0.5318362253543195
1998-09-19,0.5318362253543195
1998-09-20,0.6136571831011379
1998-09-21,0.6954781408479563
1998-09-22,0.7772990985947748
1998-09-23,0.7772990985947748
1998-09-24,0.6954781408479563
1998-09-25,0.6545676619745471
1998-09-26,0.6954781408479563
1998-09-27,0.6954781408479563
1998-09-28,0.6545676619745471
1998-09-29,0.6136571831011379
1998-09-30,0.5727467042277288
1998-10-01,0.5727467042277288
1998-10-02,0.5318362253543195
1998-10-03,0.5727467042277288
1998-10-04,0.6136571831011379
1998-10-05,0.5318362253543195
1998-10-06,0.6545676619745471
1998-10-07,0.6545676619745471
1998-10-08,0.6954781408479563
1998-10-09,0.6545676619745471
1998-10-10,0.6545676619745471
1998-10-11,0.6136571831011379
1998-10-12,0.6136571831011379
1998-10-13,0.6136571831011379
1998-10-14,0.5727467042277288
1998-10-15,0.5727467042277288
1998-10-16,0.5727467042277288
1998-10-17,0.5318362253543195
1998-10-18,0.5727467042277288
1998-10-19,0.5318362253543195
1998-10-20,0.5727467042277288
1998-10-21,0.6545676619745471
1998-10-22,0.5727467042277288
1998-10-23,0.4909257464809103
1998-10-24,0.4909257464809103
1998-10-25,0.4909257464809103
1998-10-26,0.45001526760750116
1998-10-27,0.45001526760750116
1998-10-28,0.4909257464809103
1998-10-29,0.5318362253543195
1998-10-30,0.5318362253543195
1998-10-31,0.5727467042277288
1998-11-01,0.5318362253543195
1998-11-02,0.5318362253543195
1998-11-03,0.4909257464809103
1998-11-04,0.45001526760750116
1998-11-05,0.40092269295941024
1998-11-06,0.40910478873409195
1998-11-07,0.40910478873409195
1998-11-08,0.45001526760750116
1998-11-09,0.40501374084675107
1998-11-10,0.3804674535227055
1998-11-11,0.45001526760750116
1998-11-12,0.4909257464809103
1998-11-13,0.4909257464809103
1998-11-14,0.45001526760750116
1998-11-15,0.40910478873409195
1998-11-16,0.36819430986068274
1998-11-17,0.36410326197334186
1998-11-18,0.3600122140860009
1998-11-19,0.33546592676195536
1998-11-20,0.3231927830999327
1998-11-21,0.3191017352125917
1998-11-22,0.2986464957758871
1998-11-23,0.3150106873252508
1998-11-24,0.3027375436632281
1998-11-25,0.28228230422652345
1998-11-26,0.28228230422652345
1998-11-27,0.2781912563391825
1998-11-28,0.28228230422652345
1998-11-29,0.26591811267715976
1998-11-30,0.253644969015137
1998-12-01,0.24546287324045515
1998-12-02,0.2372807774657733
1998-12-03,0.2372807774657733
1998-12-04,0.23318972957843243
1998-12-05,0.22500763380375058
1998-12-06,0.22091658591640964
1998-12-07,0.20455239436704598
1998-12-08,0.20046134647970512
1998-12-09,0.18000610704300046
1998-12-10,0.18000610704300046
1998-12-11,0.17182401126831864
1998-12-12,0.17182401126831864
1998-12-13,0.17591505915565953
1998-12-14,0.17591505915565953
1998-12-15,0.17182401126831864
1998-12-16,0.15955086760629586
1998-12-17,0.16364191549363677
1998-12-18,0.14727772394427313
1998-12-19,0.14727772394427313
1998-12-20,0.13500458028225035
1998-12-21,0.11864038873288665
1998-12-22,0.11454934084554574
1998-12-23,0.10227619718352299
1998-12-24,0.10227619718352299
1998-12-25,0.11045829295820482
1998-12-26,0.11045829295820482
1998-12-27,0.11864038873288665
1998-12-28,0.11864038873288665
1998-12-29,0.12273143662022758
1998-12-30,0.13500458028225035
1998-12-31,0.15136877183161404
1999-01-01,0.15955086760629586
1999-01-02,0.15545981971895492
1999-01-03,0.15545981971895492
1999-01-04,0.15955086760629586
1999-01-05,0.15545981971895492
1999-01-06,0.16364191549363677
1999-01-07,0.15545981971895492
1999-01-08,0.15136877183161404
1999-01-09,0.14727772394427313
1999-01-10,0.15545981971895492
1999-01-11,0.15955086760629586
1999-01-12,0.15545981971895492
1999-01-13,0.15545981971895492
1999-01-14,0.14727772394427313
1999-01-15,0.13500458028225035
1999-01-16,0.12273143662022758
1999-01-17,0.11454934084554574
1999-01-18,0.12273143662022758
1999-01-19,0.1431866760569322
1999-01-20,0.15545981971895492
1999-01-21,0.1431866760569322
1999-01-22,0.16364191549363677
1999-01-23,0.18409715493034137
1999-01-24,0.17182401126831864
1999-01-25,0.17591505915565953
1999-01-26,0.17591505915565953
1999-01-27,0.14727772394427313
1999-01-28,0.15955086760629586
1999-01-29,0.16773296338097768
1999-01-30,0.16773296338097768
1999-01-31,0.18409715493034137
1999-02-01,0.18000610704300046
1999-02-02,0.20046134647970512
1999-02-03,0.17591505915565953
1999-02-04,0.20046134647970512
1999-02-05,0.16364191549363677
1999-02-06,0.18818820281768228
1999-02-07,0.18000610704300046
1999-02-08,0.15136877183161404
1999-02-09,0.17591505915565953
1999-02-10,0.15136877183161404
1999-02-11,0.15955086760629586
1999-02-12,0.14727772394427313
1999-02-13,0.13909562816959126
1999-02-14,0.13091353239490944
1999-02-15,0.12273143662022758
1999-02-16,0.13500458028225035
1999-02-17,0.1268224845075685
1999-02-18,0.12273143662022758
1999-02-19,0.11045829295820482
1999-02-20,0.10636724507086391
1999-02-21,0.13091353239490944
1999-02-22,0.11045829295820482
1999-02-23,0.11454934084554574
1999-02-24,0.10636724507086391
1999-02-25,0.10636724507086391
1999-02-26,0.09000305352150023
1999-02-27,0.11454934084554574
1999-02-28,0.11045829295820482
1999-03-01,0.09818514929618205
1999-03-02,0.09818514929618205
1999-03-03,0.10636724507086391
1999-03-04,0.09409410140884114
1999-03-05,0.08591200563415932
1999-03-06,0.10227619718352299
1999-03-07,0.09409410140884114
1999-03-08,0.09818514929618205
1999-03-09,0.09818514929618205
1999-03-10,0.08591200563415932
1999-03-11,0.10227619718352299
1999-03-12,0.09409410140884114
1999-03-13,0.10227619718352299
1999-03-14,0.11864038873288665
1999-03-15,0.1268224845075685
1999-03-16,0.11864038873288665
1999-03-17,0.1431866760569322
1999-03-18,0.19227925070502322
1999-03-19,0.2372807774657733
1999-03-20,0.2700091605645007
1999-03-21,0.2700091605645007
1999-03-22,0.23318972957843243
1999-03-23,0.2290986816910915
1999-03-24,0.2290986816910915
1999-03-25,0.2495539211277961
1999-03-26,0.24137182535311424
1999-03-27,0.18000610704300046
1999-03-28,0.18409715493034137
1999-03-29,0.18000610704300046
1999-03-30,0.16364191549363677
1999-03-31,0.1431866760569322
1999-04-01,0.13500458028225035
1999-04-02,0.1431866760569322
1999-04-03,0.13909562816959126
1999-04-04,0.13500458028225035
1999-04-05,0.13091353239490944
1999-04-06,0.1268224845075685
1999-04-07,0.13091353239490944
1999-04-08,0.1268224845075685
1999-04-09,0.1268224845075685
1999-04-10,0.11864038873288665
1999-04-11,0.13091353239490944
1999-04-12,0.1268224845075685
1999-04-13,0.1268224845075685
1999-04-14,0.12273143662022758
1999-04-15,0.12273143662022758
1999-04-16,0.13091353239490944
1999-04-17,0.13909562816959126
1999-04-18,0.15136877183161404
1999-04-19,0.18000610704300046
1999-04-20,0.19227925070502322
1999-04-21,0.18409715493034137
1999-04-22,0.17182401126831864
1999-04-23,0.16364191549363677
1999-04-24,0.18409715493034137
1999-04-25,0.2863733521138644
1999-04-26,0.2700091605645007
1999-04-27,0.22500763380375058
1999-04-28,0.3191017352125917
1999-04-29,0.6545676619745471
1999-04-30,2.0455239436704593
1999-05-01,1.6364191549363678
1999-05-02,0.8591200563415932
1999-05-03,1.0227619718352297
1999-05-04,1.840971549303414
1999-05-05,1.2273143662022759
1999-05-06,1.1045829295820482
1999-05-07,1.1864038873288667
1999-05-08,1.0227619718352297
1999-05-09,0.9000305352150023
1999-05-10,0.8591200563415932
1999-05-11,0.7772990985947748
1999-05-12,0.7772990985947748
1999-05-13,0.6136571831011379
1999-05-14,0.8182095774681839
1999-05-15,0.9000305352150023
1999-05-16,0.4909257464809103
1999-05-17,0.7363886197213655
1999-05-18,0.6136571831011379
1999-05-19,0.4909257464809103
1999-05-20,0.7772990985947748
1999-05-21,1.1864038873288667
1999-05-22,2.0455239436704593
1999-05-23,3.681943098606828
1999-05-24,7.0775128450997915
1999-05-25,9.982156845111845
1999-05-26,11.332202647934347
1999-05-27,14.932324788794356
1999-05-28,15.791444845135949
1999-05-29,15.914176281756179
1999-05-30,16.446012507110495
1999-05-31,10.14579876060548
1999-06-01,6.791139492985927
1999-06-02,10.2276197183523
1999-06-03,15.218698140908222
1999-06-04,8.918484394403205
1999-06-05,10.350351154972525
1999-06-06,7.486617633833883
1999-06-07,10.718545464833209
1999-06-08,14.31866760569322
1999-06-09,12.927711323997308
1999-06-10,6.5047661408720625
1999-06-11,6.832049971859336
1999-06-12,8.713932000036158
1999-06-13,9.368499662010706
1999-06-14,9.654873014124568
1999-06-15,7.772990985947748
1999-06-16,8.386648169048884
1999-06-17,14.441399042313446
1999-06-18,14.441399042313446
1999-06-19,16.40510202823709
1999-06-20,13.336816112731398
1999-06-21,11.29129216906094
1999-06-22,9.368499662010706
1999-06-23,6.5047661408720625
1999-06-24,6.13657183101138
1999-06-25,6.341124225378425
1999-06-26,5.318362253543196
1999-06-27,3.722853577480237
1999-06-28,3.06828591550569
1999-06-29,2.659181126771598
1999-06-30,2.822823042265235
1999-07-01,2.9864649577588716
1999-07-02,2.8637335211386437
1999-07-03,3.2728383098727356
1999-07-04,3.886495492973874
1999-07-05,3.4364802253663727
1999-07-06,2.5773601690247796
1999-07-07,2.250076338037506
1999-07-08,2.250076338037506
1999-07-09,1.9227925070502323
1999-07-10,1.6364191549363678
1999-07-11,1.5955086760629587
1999-07-12,1.472777239442731
1999-07-13,1.3909562816959127
1999-07-14,1.3091353239490942
1999-07-15,1.5136877183161404
1999-07-16,1.4318667605693218
1999-07-17,1.4318667605693218
1999-07-18,1.2273143662022759
1999-07-19,1.1045829295820482
1999-07-20,1.0227619718352297
1999-07-21,0.9409410140884116
1999-07-22,0.8591200563415932
1999-07-23,0.8182095774681839
1999-07-24,0.7772990985947748
1999-07-25,0.7363886197213655
1999-07-26,0.6954781408479563
1999-07-27,0.6545676619745471
1999-07-28,0.6136571831011379
1999-07-29,0.5727467042277288
1999-07-30,0.6136571831011379
1999-07-31,0.6136571831011379
1999-08-01,0.5727467042277288
1999-08-02,0.5318362253543195
1999-08-03,0.5318362253543195
1999-08-04,0.5318362253543195
1999-08-05,0.5318362253543195
1999-08-06,0.4909257464809103
1999-08-07,0.4909257464809103
1999-08-08,0.45001526760750116
1999-08-09,0.40910478873409195
1999-08-10,0.3927405971847282
1999-08-11,0.3804674535227055
1999-08-12,0.45001526760750116
1999-08-13,0.45001526760750116
1999-08-14,0.3927405971847282
1999-08-15,0.35183011831131905
1999-08-16,0.33546592676195536
1999-08-17,0.3191017352125917
1999-08-18,0.31091963943790984
1999-08-19,0.3027375436632281
1999-08-20,0.3027375436632281
1999-08-21,0.29455544788854626
1999-08-22,0.29046440000120527
1999-08-23,0.27410020845184163
1999-08-24,0.2700091605645007
1999-08-25,0.25773601690247794
1999-08-26,0.24137182535311424
1999-08-27,0.24137182535311424
1999-08-28,0.2495539211277961
1999-08-29,0.27410020845184163
1999-08-30,0.2495539211277961
1999-08-31,0.24137182535311424
1999-09-01,0.30682859155056896
1999-09-02,0.27410020845184163
1999-09-03,0.3968316450720692
1999-09-04,0.5727467042277288
1999-09-05,0.4909257464809103
1999-09-06,0.4909257464809103
1999-09-07,0.45001526760750116
1999-09-08,0.40501374084675107
1999-09-09,0.3804674535227055
1999-09-10,0.36410326197334186
1999-09-11,0.3804674535227055
1999-09-12,0.37637640563536456
1999-09-13,0.34773907042397817
1999-09-14,0.3313748788746144
1999-09-15,0.3231927830999327
1999-09-16,0.30682859155056896
1999-09-17,0.2986464957758871
1999-09-18,0.29455544788854626
1999-09-19,0.31091963943790984
1999-09-20,0.30682859155056896
1999-09-21,0.29455544788854626
1999-09-22,0.28228230422652345
1999-09-23,0.27410020845184163
1999-09-24,0.2618270647898189
1999-09-25,0.2700091605645007
1999-09-26,0.31091963943790984
1999-09-27,0.3027375436632281
1999-09-28,0.29455544788854626
1999-09-29,0.29046440000120527
1999-09-30,0.31091963943790984
1999-10-01,0.32728383098727354
1999-10-02,0.30682859155056896
1999-10-03,0.30682859155056896
1999-10-04,0.3231927830999327
1999-10-05,0.2863733521138644
1999-10-06,0.2863733521138644
1999-10-07,0.28228230422652345
1999-10-08,0.2618270647898189
1999-10-09,0.25773601690247794
1999-10-10,0.2495539211277961
1999-10-11,0.24546287324045515
1999-10-12,0.23318972957843243
1999-10-13,0.2290986816910915
1999-10-14,0.2290986816910915
1999-10-15,0.23318972957843243
1999-10-16,0.20046134647970512
1999-10-17,0.23318972957843243
1999-10-18,0.24137182535311424
1999-10-19,0.2290986816910915
1999-10-20,0.23318972957843243
1999-10-21,0.2372807774657733
1999-10-22,0.23318972957843243
1999-10-23,0.27410020845184163
1999-10-24,0.25773601690247794
1999-10-25,0.25773601690247794
1999-10-26,0.24137182535311424
1999-10-27,0.20864344225438688
1999-10-28,0.21273449014172782
1999-10-29,0.20455239436704598
1999-10-30,0.20046134647970512
1999-10-31,0.20455239436704598
1999-11-01,0.15545981971895492
1999-11-02,0.15136877183161404
1999-11-03,0.17182401126831864
1999-11-04,0.16364191549363677
1999-11-05,0.16364191549363677
1999-11-06,0.15545981971895492
1999-11-07,0.15136877183161404
1999-11-08,0.15136877183161404
1999-11-09,0.15136877183161404
1999-11-10,0.1431866760569322
1999-11-11,0.1431866760569322
1999-11-12,0.1431866760569322
1999-11-13,0.1431866760569322
1999-11-14,0.15545981971895492
1999-11-15,0.16364191549363677
1999-11-16,0.14727772394427313
1999-11-17,0.1268224845075685
1999-11-18,0.1268224845075685
1999-11-19,0.1268224845075685
1999-11-20,0.1268224845075685
1999-11-21,0.1268224845075685
1999-11-22,0.13091353239490944
1999-11-23,0.13091353239490944
1999-11-24,0.13500458028225035
1999-11-25,0.15545981971895492
1999-11-26,0.18409715493034137
1999-11-27,0.20455239436704598
1999-11-28,0.2290986816910915
1999-11-29,0.1963702985923641
1999-11-30,0.18409715493034137
1999-12-01,0.16364191549363677
1999-12-02,0.16364191549363677
1999-12-03,0.16364191549363677
1999-12-04,0.15955086760629586
1999-12-05,0.14727772394427313
1999-12-06,0.1431866760569322
1999-12-07,0.13909562816959126
1999-12-08,0.13500458028225035
1999-12-09,0.13091353239490944
1999-12-10,0.1268224845075685
1999-12-11,0.1268224845075685
1999-12-12,0.12273143662022758
1999-12-13,0.12273143662022758
1999-12-14,0.12273143662022758
1999-12-15,0.12273143662022758
1999-12-16,0.12273143662022758
1999-12-17,0.1268224845075685
1999-12-18,0.12273143662022758
1999-12-19,0.12273143662022758
1999-12-20,0.12273143662022758
1999-12-21,0.1268224845075685
1999-12-22,0.1268224845075685
1999-12-23,0.12273143662022758
1999-12-24,0.12273143662022758
1999-12-25,0.12273143662022758
1999-12-26,0.12273143662022758
1999-12-27,0.12273143662022758
1999-12-28,0.12273143662022758
1999-12-29,0.12273143662022758
1999-12-30,0.12273143662022758
1999-12-31,0.12273143662022758
2000-01-01,0.12273143662022758
2000-01-02,0.12273143662022758
2000-01-03,0.12273143662022758
2000-01-04,0.12273143662022758
2000-01-05,0.12273143662022758
2000-01-06,0.12273143662022758
2000-01-07,0.12273143662022758
2000-01-08,0.12273143662022758
2000-01-09,0.12273143662022758
2000-01-10,0.12273143662022758
2000-01-11,0.12273143662022758
2000-01-12,0.12273143662022758
2000-01-13,0.12273143662022758
2000-01-14,0.12273143662022758
2000-01-15,0.12273143662022758
2000-01-16,0.12273143662022758
2000-01-17,0.12273143662022758
2000-01-18,0.1268224845075685
2000-01-19,0.11864038873288665
2000-01-20,0.11864038873288665
2000-01-21,0.11864038873288665
2000-01-22,0.11864038873288665
2000-01-23,0.11864038873288665
2000-01-24,0.11864038873288665
2000-01-25,0.11864038873288665
2000-01-26,0.11864038873288665
2000-01-27,0.11864038873288665
2000-01-28,0.11864038873288665
2000-01-29,0.11864038873288665
2000-01-30,0.11864038873288665
2000-01-31,0.11864038873288665
2000-02-01,0.11864038873288665
2000-02-02,0.11864038873288665
2000-02-03,0.11864038873288665
2000-02-04,0.11864038873288665
2000-02-05,0.11864038873288665
2000-02-06,0.11045829295820482
2000-02-07,0.10636724507086391
2000-02-08,0.10636724507086391
2000-02-09,0.10636724507086391
2000-02-10,0.10636724507086391
2000-02-11,0.10636724507086391
2000-02-12,0.10636724507086391
2000-02-13,0.10636724507086391
2000-02-14,0.10636724507086391
2000-02-15,0.10636724507086391
2000-02-16,0.10227619718352299
2000-02-17,0.09818514929618205
2000-02-18,0.09409410140884114
2000-02-19,0.09000305352150023
2000-02-20,0.09000305352150023
2000-02-21,0.09000305352150023
2000-02-22,0.09000305352150023
2000-02-23,0.09000305352150023
2000-02-24,0.09000305352150023
2000-02-25,0.09000305352150023
2000-02-26,0.08591200563415932
2000-02-27,0.08182095774681838
2000-02-28,0.08182095774681838
2000-02-29,0.08182095774681838
2000-03-01,0.08182095774681838
2000-03-02,0.08182095774681838
2000-03-03,0.08182095774681838
2000-03-04,0.08182095774681838
2000-03-05,0.08182095774681838
2000-03-06,0.08182095774681838
2000-03-07,0.08182095774681838
2000-03-08,0.08182095774681838
2000-03-09,0.08182095774681838
2000-03-10,0.08182095774681838
2000-03-11,0.08182095774681838
2000-03-12,0.08182095774681838
2000-03-13,0.08182095774681838
2000-03-14,0.08182095774681838
2000-03-15,0.08182095774681838
2000-03-16,0.08182095774681838
2000-03-17,0.08182095774681838
2000-03-18,0.08182095774681838
2000-03-19,0.08182095774681838
2000-03-20,0.08182095774681838
2000-03-21,0.08182095774681838
2000-03-22,0.08591200563415932
2000-03-23,0.08182095774681838
2000-03-24,0.08182095774681838
2000-03-25,0.08182095774681838
2000-03-26,0.08182095774681838
2000-03-27,0.08182095774681838
2000-03-28,0.08591200563415932
2000-03-29,0.08182095774681838
2000-03-30,0.08182095774681838
2000-03-31,0.07772990985947746
2000-04-01,0.07772990985947746
2000-04-02,0.08182095774681838
2000-04-03,0.08182095774681838
2000-04-04,0.08182095774681838
2000-04-05,0.08591200563415932
2000-04-06,0.09000305352150023
2000-04-07,0.08591200563415932
2000-04-08,0.08591200563415932
2000-04-09,0.09000305352150023
2000-04-10,0.09000305352150023
2000-04-11,0.09000305352150023
2000-04-12,0.10227619718352299
2000-04-13,0.09818514929618205
2000-04-14,0.1268224845075685
2000-04-15,0.13091353239490944
2000-04-16,0.13091353239490944
2000-04-17,0.1268224845075685
2000-04-18,0.15136877183161404
2000-04-19,0.1431866760569322
2000-04-20,0.13909562816959126
2000-04-21,0.15136877183161404
2000-04-22,0.21273449014172782
2000-04-23,0.23318972957843243
2000-04-24,0.2986464957758871
2000-04-25,0.2372807774657733
2000-04-26,0.23318972957843243
2000-04-27,0.22500763380375058
2000-04-28,0.3150106873252508
2000-04-29,0.8182095774681839
2000-04-30,0.7363886197213655
2000-05-01,0.6545676619745471
2000-05-02,1.1045829295820482
2000-05-03,1.3500458028225035
2000-05-04,4.172868845087738
2000-05-05,6.463855661998654
2000-05-06,7.2002442817200185
2000-05-07,4.622884112695239
2000-05-08,3.477390704239782
2000-05-09,2.2091658591640964
2000-05-10,1.9637029859236412
2000-05-11,1.4318667605693218
2000-05-12,1.3500458028225035
2000-05-13,1.3909562816959127
2000-05-14,1.1045829295820482
2000-05-15,1.063672450708639
2000-05-16,1.5545981971895495
2000-05-17,2.9046440000120533
2000-05-18,3.6001221408600093
2000-05-19,2.8637335211386437
2000-05-20,2.8637335211386437
2000-05-21,3.3546592676195544
2000-05-22,5.850198478897515
2000-05-23,10.882187380326846
2000-05-24,12.477696056389805
2000-05-25,9.082126309896841
2000-05-26,10.718545464833209
2000-05-27,8.550290084542521
2000-05-28,13.541368507098444
2000-05-29,18.491536450780956
2000-05-30,16.20054963387004
2000-05-31,14.605040957807082
2000-06-01,11.332202647934347
2000-06-02,7.772990985947748
2000-06-03,10.268530197225708
2000-06-04,10.432172112719345
2000-06-05,9.859425408491616
2000-06-06,9.573052056377753
2000-06-07,8.795752957782977
2000-06-08,8.059364338061611
2000-06-09,7.568438591580702
2000-06-10,6.586587098618881
2000-06-11,4.58197363382183
2000-06-12,4.172868845087738
2000-06-13,5.482004169036832
2000-06-14,3.8046745352270555
2000-06-15,4.418331718328193
2000-06-16,4.131958366214328
2000-06-17,3.231927830999327
2000-06-18,2.7819125633918254
2000-06-19,3.1910173521259173
2000-06-20,3.6001221408600093
2000-06-21,3.2728383098727356
2000-06-22,3.3546592676195544
2000-06-23,3.477390704239782
2000-06-24,3.8046745352270555
2000-06-25,3.5592116619866006
2000-06-26,2.822823042265235
2000-06-27,2.8637335211386437
2000-06-28,2.700091605645007
2000-06-29,2.3728077746577334
2000-06-30,2.250076338037506
2000-07-01,2.168255380290687
2000-07-02,2.0455239436704593
2000-07-03,1.9227925070502323
2000-07-04,1.8000610704300046
2000-07-05,1.6364191549363678
2000-07-06,1.4318667605693218
2000-07-07,1.3091353239490942
2000-07-08,1.1864038873288667
2000-07-09,1.1045829295820482
2000-07-10,1.1045829295820482
2000-07-11,1.1045829295820482
2000-07-12,1.0227619718352297
2000-07-13,0.9409410140884116
2000-07-14,0.8591200563415932
2000-07-15,0.8182095774681839
2000-07-16,0.7772990985947748
2000-07-17,0.7772990985947748
2000-07-18,1.1045829295820482
2000-07-19,0.9409410140884116
2000-07-20,0.8182095774681839
2000-07-21,0.7772990985947748
2000-07-22,0.6954781408479563
2000-07-23,0.6545676619745471
2000-07-24,0.6136571831011379
2000-07-25,0.5727467042277288
2000-07-26,0.5318362253543195
2000-07-27,0.4909257464809103
2000-07-28,0.4909257464809103
2000-07-29,0.45001526760750116
2000-07-30,0.45001526760750116
2000-07-31,0.45001526760750116
2000-08-01,0.40910478873409195
2000-08-02,0.40910478873409195
2000-08-03,0.3886495492973874
2000-08-04,0.37637640563536456
2000-08-05,0.40501374084675107
2000-08-06,0.40910478873409195
2000-08-07,0.3722853577480236
2000-08-08,0.35592116619866
2000-08-09,0.33546592676195536
2000-08-10,0.32728383098727354
2000-08-11,0.3027375436632281
2000-08-12,0.29455544788854626
2000-08-13,0.2781912563391825
2000-08-14,0.2700091605645007
2000-08-15,0.253644969015137
2000-08-16,0.2495539211277961
2000-08-17,0.24137182535311424
2000-08-18,0.24546287324045515
2000-08-19,0.24137182535311424
2000-08-20,0.23318972957843243
2000-08-21,0.22500763380375058
2000-08-22,0.2168255380290687
2000-08-23,0.20864344225438688
2000-08-24,0.20455239436704598
2000-08-25,0.1963702985923641
2000-08-26,0.1963702985923641
2000-08-27,0.19227925070502322
2000-08-28,0.18000610704300046
2000-08-29,0.17591505915565953
2000-08-30,0.18000610704300046
2000-08-31,0.23318972957843243
2000-09-01,0.24546287324045515
2000-09-02,0.20455239436704598
2000-09-03,0.18409715493034137
2000-09-04,0.17591505915565953
2000-09-05,0.16773296338097768
2000-09-06,0.17591505915565953
2000-09-07,0.20455239436704598
2000-09-08,0.18818820281768228
2000-09-09,0.16773296338097768
2000-09-10,0.16364191549363677
2000-09-11,0.18000610704300046
2000-09-12,0.17182401126831864
2000-09-13,0.15136877183161404
2000-09-14,0.14727772394427313
2000-09-15,0.1431866760569322
2000-09-16,0.13909562816959126
2000-09-17,0.13500458028225035
2000-09-18,0.13500458028225035
2000-09-19,0.20864344225438688
2000-09-20,0.1963702985923641
2000-09-21,0.19227925070502322
2000-09-22,0.19227925070502322
2000-09-23,0.1963702985923641
2000-09-24,0.20864344225438688
2000-09-25,0.20864344225438688
2000-09-26,0.20455239436704598
2000-09-27,0.18818820281768228
2000-09-28,0.18000610704300046
2000-09-29,0.17591505915565953
2000-09-30,0.17591505915565953
2000-10-01,0.2863733521138644
2000-10-02,0.3191017352125917
2000-10-03,0.2863733521138644
2000-10-04,0.2618270647898189
2000-10-05,0.2495539211277961
2000-10-06,0.2290986816910915
2000-10-07,0.20864344225438688
2000-10-08,0.2168255380290687
2000-10-09,0.22500763380375058
2000-10-10,0.22091658591640964
2000-10-11,0.23318972957843243
2000-10-12,0.24546287324045515
2000-10-13,0.24546287324045515
2000-10-14,0.2372807774657733
2000-10-15,0.2290986816910915
2000-10-16,0.2372807774657733
2000-10-17,0.2372807774657733
2000-10-18,0.2290986816910915
2000-10-19,0.22500763380375058
2000-10-20,0.2168255380290687
2000-10-21,0.20864344225438688
2000-10-22,0.20864344225438688
2000-10-23,0.2290986816910915
2000-10-24,0.22091658591640964
2000-10-25,0.24137182535311424
2000-10-26,0.2372807774657733
2000-10-27,0.23318972957843243
2000-10-28,0.2290986816910915
2000-10-29,0.22500763380375058
2000-10-30,0.21273449014172782
2000-10-31,0.20455239436704598
2000-11-01,0.19227925070502322
2000-11-02,0.18000610704300046
2000-11-03,0.17182401126831864
2000-11-04,0.18000610704300046
2000-11-05,0.18818820281768228
2000-11-06,0.16364191549363677
2000-11-07,0.15136877183161404
2000-11-08,0.13909562816959126
2000-11-09,0.14727772394427313
2000-11-10,0.13091353239490944
2000-11-11,0.12273143662022758
2000-11-12,0.11864038873288665
2000-11-13,0.11864038873288665
2000-11-14,0.11864038873288665
2000-11-15,0.12273143662022758
2000-11-16,0.11454934084554574
2000-11-17,0.11454934084554574
2000-11-18,0.11045829295820482
2000-11-19,0.11045829295820482
2000-11-20,0.11045829295820482
2000-11-21,0.11045829295820482
2000-11-22,0.11045829295820482
2000-11-23,0.11045829295820482
2000-11-24,0.11045829295820482
2000-11-25,0.11045829295820482
2000-11-26,0.11045829295820482
2000-11-27,0.11045829295820482
2000-11-28,0.11454934084554574
2000-11-29,0.11454934084554574
2000-11-30,0.11864038873288665
2000-12-01,0.12273143662022758
2000-12-02,0.11864038873288665
2000-12-03,0.11454934084554574
2000-12-04,0.11454934084554574
2000-12-05,0.10636724507086391
2000-12-06,0.10636724507086391
2000-12-07,0.11045829295820482
2000-12-08,0.11045829295820482
2000-12-09,0.10636724507086391
2000-12-10,0.10227619718352299
2000-12-11,0.10227619718352299
2000-12-12,0.10227619718352299
2000-12-13,0.09818514929618205
2000-12-14,0.09409410140884114
2000-12-15,0.09409410140884114
2000-12-16,0.09409410140884114
2000-12-17,0.09818514929618205
2000-12-18,0.10227619718352299
2000-12-19,0.09818514929618205
2000-12-20,0.09818514929618205
2000-12-21,0.09818514929618205
2000-12-22,0.09818514929618205
2000-12-23,0.09818514929618205
2000-12-24,0.09818514929618205
2000-12-25,0.09818514929618205
2000-12-26,0.09000305352150023
2000-12-27,0.09409410140884114
2000-12-28,0.09818514929618205
2000-12-29,0.09818514929618205
2000-12-30,0.09818514929618205
2000-12-31,0.09818514929618205
2001-01-01,0.09818514929618205
2001-01-02,0.09818514929618205
2001-01-03,0.09818514929618205
2001-01-04,0.09818514929618205
2001-01-05,0.09818514929618205
2001-01-06,0.09409410140884114
2001-01-07,0.08591200563415932
2001-01-08,0.08591200563415932
2001-01-09,0.07772990985947746
2001-01-10,0.08182095774681838
2001-01-11,0.08182095774681838
2001-01-12,0.08591200563415932
2001-01-13,0.08182095774681838
2001-01-14,0.08182095774681838
2001-01-15,0.08182095774681838
2001-01-16,0.07772990985947746
2001-01-17,0.07772990985947746
2001-01-18,0.07772990985947746
2001-01-19,0.07363886197213657
2001-01-20,0.07772990985947746
2001-01-21,0.07363886197213657
2001-01-22,0.07363886197213657
2001-01-23,0.07363886197213657
2001-01-24,0.07363886197213657
2001-01-25,0.07363886197213657
2001-01-26,0.07363886197213657
2001-01-27,0.07363886197213657
2001-01-28,0.07363886197213657
2001-01-29,0.06954781408479563
2001-01-30,0.06954781408479563
2001-01-31,0.06545676619745472
2001-02-01,0.07363886197213657
2001-02-02,0.07363886197213657
2001-02-03,0.07772990985947746
2001-02-04,0.08182095774681838
2001-02-05,0.08182095774681838
2001-02-06,0.08182095774681838
2001-02-07,0.08591200563415932
2001-02-08,0.08591200563415932
2001-02-09,0.08182095774681838
2001-02-10,0.07772990985947746
2001-02-11,0.07772990985947746
2001-02-12,0.07772990985947746
2001-02-13,0.07772990985947746
2001-02-14,0.07772990985947746
2001-02-15,0.07772990985947746
2001-02-16,0.07772990985947746
2001-02-17,0.07772990985947746
2001-02-18,0.07772990985947746
2001-02-19,0.07772990985947746
2001-02-20,0.07772990985947746
2001-02-21,0.07772990985947746
2001-02-22,0.07772990985947746
2001-02-23,0.07772990985947746
2001-02-24,0.07772990985947746
2001-02-25,0.07772990985947746
2001-02-26,0.07772990985947746
2001-02-27,0.07772990985947746
2001-02-28,0.07772990985947746
2001-03-01,0.07772990985947746
2001-03-02,0.07772990985947746
2001-03-03,0.07772990985947746
2001-03-04,0.07363886197213657
2001-03-05,0.07363886197213657
2001-03-06,0.07363886197213657
2001-03-07,0.07363886197213657
2001-03-08,0.07363886197213657
2001-03-09,0.07363886197213657
2001-03-10,0.07772990985947746
2001-03-11,0.07363886197213657
2001-03-12,0.07772990985947746
2001-03-13,0.07772990985947746
2001-03-14,0.08182095774681838
2001-03-15,0.08591200563415932
2001-03-16,0.08591200563415932
2001-03-17,0.08182095774681838
2001-03-18,0.08182095774681838
2001-03-19,0.08182095774681838
2001-03-20,0.08591200563415932
2001-03-21,0.08591200563415932
2001-03-22,0.09000305352150023
2001-03-23,0.09818514929618205
2001-03-24,0.09000305352150023
2001-03-25,0.09000305352150023
2001-03-26,0.09409410140884114
2001-03-27,0.10227619718352299
2001-03-28,0.09818514929618205
2001-03-29,0.09409410140884114
2001-03-30,0.08591200563415932
2001-03-31,0.09409410140884114
2001-04-01,0.10227619718352299
2001-04-02,0.10227619718352299
2001-04-03,0.10227619718352299
2001-04-04,0.10636724507086391
2001-04-05,0.10636724507086391
2001-04-06,0.10636724507086391
2001-04-07,0.11045829295820482
2001-04-08,0.11454934084554574
2001-04-09,0.12273143662022758
2001-04-10,0.11864038873288665
2001-04-11,0.11454934084554574
2001-04-12,0.11045829295820482
2001-04-13,0.11045829295820482
2001-04-14,0.11045829295820482
2001-04-15,0.10636724507086391
2001-04-16,0.10636724507086391
2001-04-17,0.10636724507086391
2001-04-18,0.13091353239490944
2001-04-19,0.17591505915565953
2001-04-20,0.22091658591640964
2001-04-21,0.22091658591640964
2001-04-22,0.18409715493034137
2001-04-23,0.16364191549363677
2001-04-24,0.15136877183161404
2001-04-25,0.17591505915565953
2001-04-26,0.36819430986068274
2001-04-27,0.6136571831011379
2001-04-28,1.2273143662022759
2001-04-29,1.0227619718352297
2001-04-30,1.6364191549363678
2001-05-01,2.7819125633918254
2001-05-02,2.0455239436704593
2001-05-03,1.7591505915565955
2001-05-04,1.3500458028225035
2001-05-05,1.2273143662022759
2001-05-06,1.1864038873288667
2001-05-07,1.1864038873288667
2001-05-08,1.268224845075685
2001-05-09,1.7591505915565955
2001-05-10,2.822823042265235
2001-05-11,3.641032619733419
2001-05-12,5.9320194366443335
2001-05-13,10.268530197225708
2001-05-14,13.541368507098444
2001-05-15,13.500458028225035
2001-05-16,14.31866760569322
2001-05-17,8.10027481693502
2001-05-18,5.60473560565706
2001-05-19,5.11380985917615
2001-05-20,5.441093690163423
2001-05-21,2.290986816910915
2001-05-22,1.7182401126831863
2001-05-23,2.250076338037506
2001-05-24,4.091047887340919
2001-05-25,5.318362253543196
2001-05-26,6.545676619745471
2001-05-27,7.363886197213656
2001-05-28,6.545676619745471
2001-05-29,5.318362253543196
2001-05-30,4.500152676075012
2001-05-31,3.681943098606828
2001-06-01,3.2728383098727356
2001-06-02,3.681943098606828
2001-06-03,4.091047887340919
2001-06-04,3.2728383098727356
2001-06-05,2.4546287324045517
2001-06-06,2.2091658591640964
2001-06-07,2.0455239436704593
2001-06-08,2.0455239436704593
2001-06-09,2.6182706478981883
2001-06-10,3.109196394379099
2001-06-11,2.945554478885462
2001-06-12,2.700091605645007
2001-06-13,2.8637335211386437
2001-06-14,2.4546287324045517
2001-06-15,2.0455239436704593
2001-06-16,1.840971549303414
2001-06-17,1.6364191549363678
2001-06-18,1.472777239442731
2001-06-19,1.3091353239490942
2001-06-20,1.2273143662022759
2001-06-21,1.1864038873288667
2001-06-22,1.1454934084554576
2001-06-23,1.1864038873288667
2001-06-24,1.2273143662022759
2001-06-25,1.3091353239490942
2001-06-26,1.2273143662022759
2001-06-27,1.2273143662022759
2001-06-28,1.1045829295820482
2001-06-29,0.9409410140884116
2001-06-30,0.8591200563415932
2001-07-01,0.8182095774681839
2001-07-02,0.7772990985947748
2001-07-03,0.7363886197213655
2001-07-04,0.6954781408479563
2001-07-05,0.6545676619745471
2001-07-06,0.6136571831011379
2001-07-07,0.5727467042277288
2001-07-08,0.5727467042277288
2001-07-09,0.5727467042277288
2001-07-10,0.5727467042277288
2001-07-11,0.5318362253543195
2001-07-12,0.5318362253543195
2001-07-13,0.4909257464809103
2001-07-14,0.45001526760750116
2001-07-15,0.4909257464809103
2001-07-16,0.4909257464809103
2001-07-17,0.45001526760750116
2001-07-18,0.40910478873409195
2001-07-19,0.3886495492973874
2001-07-20,0.36410326197334186
2001-07-21,0.3395569746492963
2001-07-22,0.3231927830999327
2001-07-23,0.31091963943790984
2001-07-24,0.45001526760750116
2001-07-25,0.3436480225366373
2001-07-26,0.3150106873252508
2001-07-27,0.2986464957758871
2001-07-28,0.28228230422652345
2001-07-29,0.25773601690247794
2001-07-30,0.2290986816910915
2001-07-31,0.2168255380290687
2001-08-01,0.20455239436704598
2001-08-02,0.19227925070502322
2001-08-03,0.18409715493034137
2001-08-04,0.18409715493034137
2001-08-05,0.17591505915565953
2001-08-06,0.16773296338097768
2001-08-07,0.15955086760629586
2001-08-08,0.18409715493034137
2001-08-09,0.17182401126831864
2001-08-10,0.17591505915565953
2001-08-11,0.15955086760629586
2001-08-12,0.16364191549363677
2001-08-13,0.15955086760629586
2001-08-14,0.15545981971895492
2001-08-15,0.15136877183161404
2001-08-16,0.16773296338097768
2001-08-17,0.18818820281768228
2001-08-18,0.15955086760629586
2001-08-19,0.1431866760569322
2001-08-20,0.13500458028225035
2001-08-21,0.13091353239490944
2001-08-22,0.1268224845075685
2001-08-23,0.12273143662022758
2001-08-24,0.11864038873288665
2001-08-25,0.11045829295820482
2001-08-26,0.11454934084554574
2001-08-27,0.11045829295820482
2001-08-28,0.11045829295820482
2001-08-29,0.11045829295820482
2001-08-30,0.10227619718352299
2001-08-31,0.10227619718352299
2001-09-01,0.09818514929618205
2001-09-02,0.09409410140884114
2001-09-03,0.09000305352150023
2001-09-04,0.08591200563415932
2001-09-05,0.08182095774681838
2001-09-06,0.15545981971895492
2001-09-07,0.20455239436704598
2001-09-08,0.1963702985923641
2001-09-09,0.18818820281768228
2001-09-10,0.19227925070502322
2001-09-11,0.16773296338097768
2001-09-12,0.15136877183161404
2001-09-13,0.14727772394427313
2001-09-14,0.20046134647970512
2001-09-15,0.23318972957843243
2001-09-16,0.20455239436704598
2001-09-17,0.19227925070502322
2001-09-18,0.18818820281768228
2001-09-19,0.18000610704300046
2001-09-20,0.18409715493034137
2001-09-21,0.16773296338097768
2001-09-22,0.15955086760629586
2001-09-23,0.15545981971895492
2001-09-24,0.15136877183161404
2001-09-25,0.14727772394427313
2001-09-26,0.1431866760569322
2001-09-27,0.13909562816959126
2001-09-28,0.13500458028225035
2001-09-29,0.13091353239490944
2001-09-30,0.13091353239490944
2001-10-01,0.13091353239490944
2001-10-02,0.13091353239490944
2001-10-03,0.1268224845075685
2001-10-04,0.14727772394427313
2001-10-05,0.15545981971895492
2001-10-06,0.15545981971895492
2001-10-07,0.15955086760629586
2001-10-08,0.15545981971895492
2001-10-09,0.15955086760629586
2001-10-10,0.15545981971895492
2001-10-11,0.16773296338097768
2001-10-12,0.19227925070502322
2001-10-13,0.18409715493034137
2001-10-14,0.18409715493034137
2001-10-15,0.17182401126831864
2001-10-16,0.16773296338097768
2001-10-17,0.18409715493034137
2001-10-18,0.18409715493034137
2001-10-19,0.18409715493034137
2001-10-20,0.18409715493034137
2001-10-21,0.18409715493034137
2001-10-22,0.17591505915565953
2001-10-23,0.16773296338097768
2001-10-24,0.18409715493034137
2001-10-25,0.20864344225438688
2001-10-26,0.20455239436704598
2001-10-27,0.20046134647970512
2001-10-28,0.20046134647970512
2001-10-29,0.1963702985923641
2001-10-30,0.18818820281768228
2001-10-31,0.1963702985923641
2001-11-01,0.18409715493034137
2001-11-02,0.17182401126831864
2001-11-03,0.15136877183161404
2001-11-04,0.15955086760629586
2001-11-05,0.15545981971895492
2001-11-06,0.16364191549363677
2001-11-07,0.15955086760629586
2001-11-08,0.16364191549363677
2001-11-09,0.17591505915565953
2001-11-10,0.18000610704300046
2001-11-11,0.20046134647970512
2001-11-12,0.19227925070502322
2001-11-13,0.1963702985923641
2001-11-14,0.20046134647970512
2001-11-15,0.20864344225438688
2001-11-16,0.1963702985923641
2001-11-17,0.20046134647970512
2001-11-18,0.20864344225438688
2001-11-19,0.20455239436704598
2001-11-20,0.20455239436704598
2001-11-21,0.21273449014172782
2001-11-22,0.22091658591640964
2001-11-23,0.22091658591640964
2001-11-24,0.2290986816910915
2001-11-25,0.2168255380290687
2001-11-26,0.20864344225438688
2001-11-27,0.19227925070502322
2001-11-28,0.18000610704300046
2001-11-29,0.18000610704300046
2001-11-30,0.18409715493034137
2001-12-01,0.18409715493034137
2001-12-02,0.18409715493034137
2001-12-03,0.19227925070502322
2001-12-04,0.18409715493034137
2001-12-05,0.18000610704300046
2001-12-06,0.18000610704300046
2001-12-07,0.18000610704300046
2001-12-08,0.17182401126831864
2001-12-09,0.16364191549363677
2001-12-10,0.15136877183161404
2001-12-11,0.1431866760569322
2001-12-12,0.13500458028225035
2001-12-13,0.13091353239490944
2001-12-14,0.13500458028225035
2001-12-15,0.13500458028225035
2001-12-16,0.13091353239490944
2001-12-17,0.1268224845075685
2001-12-18,0.1268224845075685
2001-12-19,0.1268224845075685
2001-12-20,0.12273143662022758
2001-12-21,0.12273143662022758
2001-12-22,0.11864038873288665
2001-12-23,0.10636724507086391
2001-12-24,0.10227619718352299
2001-12-25,0.10227619718352299
2001-12-26,0.10227619718352299
2001-12-27,0.09818514929618205
2001-12-28,0.09818514929618205
2001-12-29,0.09000305352150023
2001-12-30,0.09409410140884114
2001-12-31,0.09000305352150023
2002-01-01,0.09000305352150023
2002-01-02,0.08591200563415932
2002-01-03,0.08591200563415932
2002-01-04,0.09000305352150023
2002-01-05,0.09000305352150023
2002-01-06,0.09000305352150023
2002-01-07,0.09000305352150023
2002-01-08,0.09000305352150023
2002-01-09,0.09000305352150023
2002-01-10,0.08591200563415932
2002-01-11,0.08591200563415932
2002-01-12,0.08591200563415932
2002-01-13,0.08591200563415932
2002-01-14,0.09000305352150023
2002-01-15,0.08591200563415932
2002-01-16,0.08182095774681838
2002-01-17,0.07772990985947746
2002-01-18,0.07363886197213657
2002-01-19,0.07363886197213657
2002-01-20,0.07363886197213657
2002-01-21,0.07363886197213657
2002-01-22,0.06954781408479563
2002-01-23,0.07363886197213657
2002-01-24,0.07363886197213657
2002-01-25,0.07772990985947746
2002-01-26,0.08182095774681838
2002-01-27,0.08182095774681838
2002-01-28,0.07772990985947746
2002-01-29,0.07772990985947746
2002-01-30,0.07363886197213657
2002-01-31,0.07363886197213657
2002-02-01,0.06954781408479563
2002-02-02,0.06954781408479563
2002-02-03,0.06954781408479563
2002-02-04,0.06545676619745472
2002-02-05,0.06136571831011379
2002-02-06,0.06136571831011379
2002-02-07,0.05727467042277287
2002-02-08,0.06136571831011379
2002-02-09,0.06136571831011379
2002-02-10,0.06136571831011379
2002-02-11,0.06545676619745472
2002-02-12,0.06545676619745472
2002-02-13,0.06136571831011379
2002-02-14,0.06136571831011379
2002-02-15,0.06545676619745472
2002-02-16,0.06136571831011379
2002-02-17,0.06136571831011379
2002-02-18,0.06136571831011379
2002-02-19,0.06136571831011379
2002-02-20,0.06136571831011379
2002-02-21,0.06136571831011379
2002-02-22,0.06136571831011379
2002-02-23,0.06136571831011379
2002-02-24,0.06136571831011379
2002-02-25,0.06136571831011379
2002-02-26,0.06136571831011379
2002-02-27,0.06136571831011379
2002-02-28,0.05727467042277287
2002-03-01,0.05727467042277287
2002-03-02,0.05727467042277287
2002-03-03,0.053183622535431956
2002-03-04,0.053183622535431956
2002-03-05,0.05727467042277287
2002-03-06,0.053183622535431956
2002-03-07,0.053183622535431956
2002-03-08,0.053183622535431956
2002-03-09,0.053183622535431956
2002-03-10,0.053183622535431956
2002-03-11,0.053183622535431956
2002-03-12,0.049092574648091025
2002-03-13,0.049092574648091025
2002-03-14,0.053183622535431956
2002-03-15,0.053183622535431956
2002-03-16,0.049092574648091025
2002-03-17,0.049092574648091025
2002-03-18,0.053183622535431956
2002-03-19,0.053183622535431956
2002-03-20,0.049092574648091025
2002-03-21,0.049092574648091025
2002-03-22,0.049092574648091025
2002-03-23,0.049092574648091025
2002-03-24,0.049092574648091025
2002-03-25,0.049092574648091025
2002-03-26,0.049092574648091025
2002-03-27,0.045001526760750116
2002-03-28,0.049092574648091025
2002-03-29,0.049092574648091025
2002-03-30,0.049092574648091025
2002-03-31,0.053183622535431956
2002-04-01,0.053183622535431956
2002-04-02,0.053183622535431956
2002-04-03,0.049092574648091025
2002-04-04,0.053183622535431956
2002-04-05,0.053183622535431956
2002-04-06,0.05727467042277287
2002-04-07,0.06136571831011379
2002-04-08,0.06545676619745472
2002-04-09,0.06136571831011379
2002-04-10,0.06136571831011379
2002-04-11,0.06136571831011379
2002-04-12,0.06136571831011379
2002-04-13,0.06954781408479563
2002-04-14,0.11045829295820482
2002-04-15,0.16364191549363677
2002-04-16,0.24546287324045515
2002-04-17,0.40910478873409195
2002-04-18,0.20455239436704598
2002-04-19,0.1431866760569322
2002-04-20,0.13909562816959126
2002-04-21,0.1268224845075685
2002-04-22,0.11864038873288665
2002-04-23,0.11454934084554574
2002-04-24,0.10227619718352299
2002-04-25,0.10636724507086391
2002-04-26,0.10636724507086391
2002-04-27,0.09409410140884114
2002-04-28,0.08591200563415932
2002-04-29,0.09409410140884114
2002-04-30,0.10227619718352299
2002-05-01,0.09818514929618205
2002-05-02,0.10227619718352299
2002-05-03,0.10227619718352299
2002-05-04,0.11045829295820482
2002-05-05,0.12273143662022758
2002-05-06,0.11045829295820482
2002-05-07,0.13091353239490944
2002-05-08,0.12273143662022758
2002-05-09,0.10227619718352299
2002-05-10,0.09000305352150023
2002-05-11,0.08591200563415932
2002-05-12,0.08182095774681838
2002-05-13,0.09000305352150023
2002-05-14,0.16364191549363677
2002-05-15,0.24546287324045515
2002-05-16,0.20455239436704598
2002-05-17,0.2863733521138644
2002-05-18,0.40910478873409195
2002-05-19,0.6136571831011379
2002-05-20,1.6364191549363678
2002-05-21,6.13657183101138
2002-05-22,4.091047887340919
2002-05-23,2.8637335211386437
2002-05-24,2.0455239436704593
2002-05-25,1.840971549303414
2002-05-26,1.6364191549363678
2002-05-27,1.8818820281768232
2002-05-28,3.06828591550569
2002-05-29,6.791139492985927
2002-05-30,16.69147538035095
2002-05-31,26.591811267715975
2002-06-01,19.105193633882095
2002-06-02,15.505071493022086
2002-06-03,10.554903549339572
2002-06-04,5.563825126783651
2002-06-05,5.522914647910241
2002-06-06,7.609349070454111
2002-06-07,7.363886197213656
2002-06-08,6.586587098618881
2002-06-09,5.8092880000241065
2002-06-10,5.522914647910241
2002-06-11,3.313748788746145
2002-06-12,2.5773601690247796
2002-06-13,2.4955392112779613
2002-06-14,2.822823042265235
2002-06-15,3.3546592676195544
2002-06-16,3.4364802253663727
2002-06-17,3.6001221408600093
2002-06-18,3.518301183113191
2002-06-19,3.06828591550569
2002-06-20,2.413718253531142
2002-06-21,2.250076338037506
2002-06-22,2.250076338037506
2002-06-23,2.086434422543869
2002-06-24,2.0455239436704593
2002-06-25,1.840971549303414
2002-06-26,1.6364191549363678
2002-06-27,1.5136877183161404
2002-06-28,1.3909562816959127
2002-06-29,1.2273143662022759
2002-06-30,1.1045829295820482
2002-07-01,1.0227619718352297
2002-07-02,0.9409410140884116
2002-07-03,0.8591200563415932
2002-07-04,0.7772990985947748
2002-07-05,0.7363886197213655
2002-07-06,1.0227619718352297
2002-07-07,0.8182095774681839
2002-07-08,0.7363886197213655
2002-07-09,0.6954781408479563
2002-07-10,0.6136571831011379
2002-07-11,0.5727467042277288
2002-07-12,0.5318362253543195
2002-07-13,0.5318362253543195
2002-07-14,0.45001526760750116
2002-07-15,0.45001526760750116
2002-07-16,0.45001526760750116
2002-07-17,0.5318362253543195
2002-07-18,0.45001526760750116
2002-07-19,0.40910478873409195
2002-07-20,0.40910478873409195
2002-07-21,0.40910478873409195
2002-07-22,0.5727467042277288
2002-07-23,0.45001526760750116
2002-07-24,0.40092269295941024
2002-07-25,0.37637640563536456
2002-07-26,0.36819430986068274
2002-07-27,0.35183011831131905
2002-07-28,0.3313748788746144
2002-07-29,0.31091963943790984
2002-07-30,0.29046440000120527
2002-07-31,0.27410020845184163
2002-08-01,0.2618270647898189
2002-08-02,0.253644969015137
2002-08-03,0.2495539211277961
2002-08-04,0.2372807774657733
2002-08-05,0.2290986816910915
2002-08-06,0.22500763380375058
2002-08-07,0.21273449014172782
2002-08-08,0.21273449014172782
2002-08-09,0.20046134647970512
2002-08-10,0.18818820281768228
2002-08-11,0.18000610704300046
2002-08-12,0.23318972957843243
2002-08-13,0.24546287324045515
2002-08-14,0.20864344225438688
2002-08-15,0.19227925070502322
2002-08-16,0.18000610704300046
2002-08-17,0.16773296338097768
2002-08-18,0.15955086760629586
2002-08-19,0.15545981971895492
2002-08-20,0.15136877183161404
2002-08-21,0.16364191549363677
2002-08-22,0.20864344225438688
2002-08-23,0.17182401126831864
2002-08-24,0.17591505915565953
2002-08-25,0.16773296338097768
2002-08-26,0.15545981971895492
2002-08-27,0.2372807774657733
2002-08-28,0.22500763380375058
2002-08-29,0.2495539211277961
2002-08-30,0.2168255380290687
2002-08-31,0.1963702985923641
2002-09-01,0.18409715493034137
2002-09-02,0.17591505915565953
2002-09-03,0.16773296338097768
2002-09-04,0.15955086760629586
2002-09-05,0.15545981971895492
2002-09-06,0.16773296338097768
2002-09-07,0.20455239436704598
2002-09-08,0.22091658591640964
2002-09-09,0.26591811267715976
2002-09-10,0.24137182535311424
2002-09-11,0.22091658591640964
2002-09-12,0.20864344225438688
2002-09-13,0.20046134647970512
2002-09-14,0.18818820281768228
2002-09-15,0.17591505915565953
2002-09-16,0.16773296338097768
2002-09-17,0.18818820281768228
2002-09-18,0.3150106873252508
2002-09-19,0.29046440000120527
2002-09-20,0.29046440000120527
2002-09-21,0.3027375436632281
2002-09-22,0.29046440000120527
2002-09-23,0.28228230422652345
2002-09-24,0.27410020845184163
2002-09-25,0.2781912563391825
2002-09-26,0.27410020845184163
2002-09-27,0.26591811267715976
2002-09-28,0.25773601690247794
2002-09-29,0.24546287324045515
2002-09-30,0.2372807774657733
2002-10-01,0.24137182535311424
2002-10-02,0.2495539211277961
2002-10-03,0.2495539211277961
2002-10-04,0.253644969015137
2002-10-05,0.2618270647898189
2002-10-06,0.2618270647898189
2002-10-07,0.2863733521138644
2002-10-08,0.27410020845184163
2002-10-09,0.2618270647898189
2002-10-10,0.253644969015137
2002-10-11,0.25773601690247794
2002-10-12,0.24546287324045515
2002-10-13,0.2372807774657733
2002-10-14,0.24546287324045515
2002-10-15,0.2372807774657733
2002-10-16,0.2372807774657733
2002-10-17,0.2290986816910915
2002-10-18,0.2372807774657733
2002-10-19,0.253644969015137
2002-10-20,0.2290986816910915
2002-10-21,0.20455239436704598
2002-10-22,0.1963702985923641
2002-10-23,0.18409715493034137
2002-10-24,0.18818820281768228
2002-10-25,0.1963702985923641
2002-10-26,0.1963702985923641
2002-10-27,0.20455239436704598
2002-10-28,0.20455239436704598
2002-10-29,0.18409715493034137
2002-10-30,0.17182401126831864
2002-10-31,0.18818820281768228
2002-11-01,0.1963702985923641
2002-11-02,0.21273449014172782
2002-11-03,0.2290986816910915
2002-11-04,0.24546287324045515
2002-11-05,0.2618270647898189
2002-11-06,0.2863733521138644
2002-11-07,0.2863733521138644
2002-11-08,0.28228230422652345
2002-11-09,0.28228230422652345
2002-11-10,0.2781912563391825
2002-11-11,0.25773601690247794
2002-11-12,0.23318972957843243
2002-11-13,0.22500763380375058
2002-11-14,0.2168255380290687
2002-11-15,0.20864344225438688
2002-11-16,0.1963702985923641
2002-11-17,0.19227925070502322
2002-11-18,0.18409715493034137
2002-11-19,0.17591505915565953
2002-11-20,0.17591505915565953
2002-11-21,0.17591505915565953
2002-11-22,0.17182401126831864
2002-11-23,0.17182401126831864
2002-11-24,0.17182401126831864
2002-11-25,0.17182401126831864
2002-11-26,0.16364191549363677
2002-11-27,0.16364191549363677
2002-11-28,0.15955086760629586
2002-11-29,0.15545981971895492
2002-11-30,0.14727772394427313
2002-12-01,0.14727772394427313
2002-12-02,0.14727772394427313
2002-12-03,0.14727772394427313
2002-12-04,0.14727772394427313
2002-12-05,0.1431866760569322
2002-12-06,0.13500458028225035
2002-12-07,0.13091353239490944
2002-12-08,0.13091353239490944
2002-12-09,0.1268224845075685
2002-12-10,0.1268224845075685
2002-12-11,0.1268224845075685
2002-12-12,0.12273143662022758
2002-12-13,0.1268224845075685
2002-12-14,0.1268224845075685
2002-12-15,0.1268224845075685
2002-12-16,0.12273143662022758
2002-12-17,0.12273143662022758
2002-12-18,0.11864038873288665
2002-12-19,0.11454934084554574
2002-12-20,0.11045829295820482
2002-12-21,0.11454934084554574
2002-12-22,0.11045829295820482
2002-12-23,0.11045829295820482
2002-12-24,0.10227619718352299
2002-12-25,0.10227619718352299
2002-12-26,0.09818514929618205
2002-12-27,0.09818514929618205
2002-12-28,0.10227619718352299
2002-12-29,0.10636724507086391
2002-12-30,0.10227619718352299
2002-12-31,0.10227619718352299
2003-01-01,0.10227619718352299
2003-01-02,0.09818514929618205
2003-01-03,0.09818514929618205
2003-01-04,0.09818514929618205
2003-01-05,0.09818514929618205
2003-01-06,0.09409410140884114
2003-01-07,0.09409410140884114
2003-01-08,0.09000305352150023
2003-01-09,0.08591200563415932
2003-01-10,0.08182095774681838
2003-01-11,0.07363886197213657
2003-01-12,0.06954781408479563
2003-01-13,0.07363886197213657
2003-01-14,0.07363886197213657
2003-01-15,0.07772990985947746
2003-01-16,0.07772990985947746
2003-01-17,0.07772990985947746
2003-01-18,0.07772990985947746
2003-01-19,0.08182095774681838
2003-01-20,0.08182095774681838
2003-01-21,0.08591200563415932
2003-01-22,0.09000305352150023
2003-01-23,0.09409410140884114
2003-01-24,0.09409410140884114
2003-01-25,0.09409410140884114
2003-01-26,0.09000305352150023
2003-01-27,0.09818514929618205
2003-01-28,0.09409410140884114
2003-01-29,0.09818514929618205
2003-01-30,0.09409410140884114
2003-01-31,0.09818514929618205
2003-02-01,0.10227619718352299
2003-02-02,0.09818514929618205
2003-02-03,0.09818514929618205
2003-02-04,0.10636724507086391
2003-02-05,0.10636724507086391
2003-02-06,0.10636724507086391
2003-02-07,0.10636724507086391
2003-02-08,0.10227619718352299
2003-02-09,0.10227619718352299
2003-02-10,0.10227619718352299
2003-02-11,0.10227619718352299
2003-02-12,0.10227619718352299
2003-02-13,0.10227619718352299
2003-02-14,0.10227619718352299
2003-02-15,0.10227619718352299
2003-02-16,0.09818514929618205
2003-02-17,0.09818514929618205
2003-02-18,0.10227619718352299
2003-02-19,0.10227619718352299
2003-02-20,0.09818514929618205
2003-02-21,0.09409410140884114
2003-02-22,0.09818514929618205
2003-02-23,0.09818514929618205
2003-02-24,0.09818514929618205
2003-02-25,0.09409410140884114
2003-02-26,0.09000305352150023
2003-02-27,0.09000305352150023
2003-02-28,0.08591200563415932
2003-03-01,0.08591200563415932
2003-03-02,0.08591200563415932
2003-03-03,0.08591200563415932
2003-03-04,0.08591200563415932
2003-03-05,0.08591200563415932
2003-03-06,0.09000305352150023
2003-03-07,0.09409410140884114
2003-03-08,0.09818514929618205
2003-03-09,0.09818514929618205
2003-03-10,0.09409410140884114
2003-03-11,0.09409410140884114
2003-03-12,0.09000305352150023
2003-03-13,0.09000305352150023
2003-03-14,0.09000305352150023
2003-03-15,0.09000305352150023
2003-03-16,0.09000305352150023
2003-03-17,0.09000305352150023
2003-03-18,0.09409410140884114
2003-03-19,0.09818514929618205
2003-03-20,0.10636724507086391
2003-03-21,0.10227619718352299
2003-03-22,0.09818514929618205
2003-03-23,0.09818514929618205
2003-03-24,0.09409410140884114
2003-03-25,0.09000305352150023
2003-03-26,0.09000305352150023
2003-03-27,0.09409410140884114
2003-03-28,0.09818514929618205
2003-03-29,0.09818514929618205
2003-03-30,0.09818514929618205
2003-03-31,0.09409410140884114
2003-04-01,0.09409410140884114
2003-04-02,0.09000305352150023
2003-04-03,0.09409410140884114
2003-04-04,0.09409410140884114
2003-04-05,0.09000305352150023
2003-04-06,0.09000305352150023
2003-04-07,0.09000305352150023
2003-04-08,0.09000305352150023
2003-04-09,0.09409410140884114
2003-04-10,0.1268224845075685
2003-04-11,0.24546287324045515
2003-04-12,0.45001526760750116
2003-04-13,0.6545676619745471
2003-04-14,1.0227619718352297
2003-04-15,1.2273143662022759
2003-04-16,1.6364191549363678
2003-04-17,1.2273143662022759
2003-04-18,0.6136571831011379
2003-04-19,0.40910478873409195
2003-04-20,0.32728383098727354
2003-04-21,0.3191017352125917
2003-04-22,0.36410326197334186
2003-04-23,0.34773907042397817
2003-04-24,0.36819430986068274
2003-04-25,0.40501374084675107
2003-04-26,0.5318362253543195
2003-04-27,0.4909257464809103
2003-04-28,0.40910478873409195
2003-04-29,0.40910478873409195
2003-04-30,0.45001526760750116
2003-05-01,0.40910478873409195
2003-05-02,0.40092269295941024
2003-05-03,0.45001526760750116
2003-05-04,0.3968316450720692
2003-05-05,0.3722853577480236
2003-05-06,0.35592116619866
2003-05-07,0.35592116619866
2003-05-08,0.3191017352125917
2003-05-09,0.30682859155056896
2003-05-10,0.29046440000120527
2003-05-11,0.28228230422652345
2003-05-12,0.2863733521138644
2003-05-13,0.31091963943790984
2003-05-14,0.36819430986068274
2003-05-15,0.5318362253543195
2003-05-16,0.8182095774681839
2003-05-17,1.0227619718352297
2003-05-18,1.1045829295820482
2003-05-19,1.2273143662022759
2003-05-20,1.4318667605693218
2003-05-21,1.2273143662022759
2003-05-22,1.3500458028225035
2003-05-23,2.822823042265235
2003-05-24,6.791139492985927
2003-05-25,13.25499515498458
2003-05-26,16.568743943730723
2003-05-27,18.08243166204686
2003-05-28,21.641643324033467
2003-05-29,26.38725887334893
2003-05-30,22.33712146488142
2003-05-31,24.137182535311425
2003-06-01,17.83696878880641
2003-06-02,8.713932000036158
2003-06-03,5.686556563403878
2003-06-04,4.336510760581374
2003-06-05,3.313748788746145
2003-06-06,2.8637335211386437
2003-06-07,2.6182706478981883
2003-06-08,2.5773601690247796
2003-06-09,4.2137793239611465
2003-06-10,7.15933380284661
2003-06-11,8.223006253555248
2003-06-12,6.913870929606155
2003-06-13,6.668408056365699
2003-06-14,6.259303267631608
2003-06-15,5.64564608453047
2003-06-16,5.318362253543196
2003-06-17,5.03198890142933
2003-06-18,4.704705070442057
2003-06-19,4.459242197201602
2003-06-20,3.8455850141004646
2003-06-21,3.2728383098727356
2003-06-22,2.6182706478981883
2003-06-23,2.2091658591640964
2003-06-24,2.250076338037506
2003-06-25,2.127344901417278
2003-06-26,2.250076338037506
2003-06-27,2.7819125633918254
2003-06-28,3.2728383098727356
2003-06-29,3.231927830999327
2003-06-30,2.8637335211386437
2003-07-01,2.7819125633918254
2003-07-02,2.4955392112779613
2003-07-03,2.168255380290687
2003-07-04,1.840971549303414
2003-07-05,1.6364191549363678
2003-07-06,1.472777239442731
2003-07-07,1.3909562816959127
2003-07-08,1.3091353239490942
2003-07-09,1.2273143662022759
2003-07-10,1.1454934084554576
2003-07-11,1.063672450708639
2003-07-12,0.9818514929618206
2003-07-13,0.9000305352150023
2003-07-14,0.8182095774681839
2003-07-15,0.7772990985947748
2003-07-16,0.7363886197213655
2003-07-17,0.6954781408479563
2003-07-18,0.6545676619745471
2003-07-19,0.6136571831011379
2003-07-20,0.6136571831011379
2003-07-21,0.5727467042277288
2003-07-22,0.5318362253543195
2003-07-23,0.4909257464809103
2003-07-24,0.4909257464809103
2003-07-25,0.4909257464809103
2003-07-26,0.4909257464809103
2003-07-27,0.45001526760750116
2003-07-28,0.45001526760750116
2003-07-29,0.40910478873409195
2003-07-30,0.40501374084675107
2003-07-31,0.38455850141004644
2003-08-01,0.3722853577480236
2003-08-02,0.35183011831131905
2003-08-03,0.33546592676195536
2003-08-04,0.33546592676195536
2003-08-05,0.3231927830999327
2003-08-06,0.30682859155056896
2003-08-07,0.29046440000120527
2003-08-08,0.28228230422652345
2003-08-09,0.27410020845184163
2003-08-10,0.26591811267715976
2003-08-11,0.253644969015137
2003-08-12,0.253644969015137
2003-08-13,0.24137182535311424
2003-08-14,0.2372807774657733
2003-08-15,0.2290986816910915
2003-08-16,0.2168255380290687
2003-08-17,0.2986464957758871
2003-08-18,0.40910478873409195
2003-08-19,0.3150106873252508
2003-08-20,0.28228230422652345
2003-08-21,0.2618270647898189
2003-08-22,0.2495539211277961
2003-08-23,0.24137182535311424
2003-08-24,0.2372807774657733
2003-08-25,0.2290986816910915
2003-08-26,0.22091658591640964
2003-08-27,0.22091658591640964
2003-08-28,0.2168255380290687
2003-08-29,0.22500763380375058
2003-08-30,0.23318972957843243
2003-08-31,0.24546287324045515
2003-09-01,0.22500763380375058
2003-09-02,0.21273449014172782
2003-09-03,0.20455239436704598
2003-09-04,0.20046134647970512
2003-09-05,0.19227925070502322
2003-09-06,0.20455239436704598
2003-09-07,0.20864344225438688
2003-09-08,0.2168255380290687
2003-09-09,0.253644969015137
2003-09-10,0.2700091605645007
2003-09-11,0.28228230422652345
2003-09-12,0.3191017352125917
2003-09-13,0.32728383098727354
2003-09-14,0.3150106873252508
2003-09-15,0.3191017352125917
2003-09-16,0.30682859155056896
2003-09-17,0.32728383098727354
2003-09-18,0.31091963943790984
2003-09-19,0.30682859155056896
2003-09-20,0.2986464957758871
2003-09-21,0.29046440000120527
2003-09-22,0.28228230422652345
2003-09-23,0.27410020845184163
2003-09-24,0.26591811267715976
2003-09-25,0.2618270647898189
2003-09-26,0.253644969015137
2003-09-27,0.2495539211277961
2003-09-28,0.24137182535311424
2003-09-29,0.2372807774657733
2003-09-30,0.2372807774657733
2003-10-01,0.2372807774657733
2003-10-02,0.2372807774657733
2003-10-03,0.23318972957843243
2003-10-04,0.2290986816910915
2003-10-05,0.22500763380375058
2003-10-06,0.22091658591640964
2003-10-07,0.2168255380290687
2003-10-08,0.2168255380290687
2003-10-09,0.21273449014172782
2003-10-10,0.2168255380290687
2003-10-11,0.21273449014172782
2003-10-12,0.20864344225438688
2003-10-13,0.2372807774657733
2003-10-14,0.22500763380375058
2003-10-15,0.2372807774657733
2003-10-16,0.2290986816910915
2003-10-17,0.24137182535311424
2003-10-18,0.25773601690247794
2003-10-19,0.24546287324045515
2003-10-20,0.2372807774657733
2003-10-21,0.23318972957843243
2003-10-22,0.22500763380375058
2003-10-23,0.22091658591640964
2003-10-24,0.20455239436704598
2003-10-25,0.1963702985923641
2003-10-26,0.22091658591640964
2003-10-27,0.22500763380375058
2003-10-28,0.23318972957843243
2003-10-29,0.1963702985923641
2003-10-30,0.17182401126831864
2003-10-31,0.15545981971895492
2003-11-01,0.16364191549363677
2003-11-02,0.17182401126831864
2003-11-03,0.18000610704300046
2003-11-04,0.18818820281768228
2003-11-05,0.1963702985923641
2003-11-06,0.18818820281768228
2003-11-07,0.20455239436704598
2003-11-08,0.22091658591640964
2003-11-09,0.253644969015137
2003-11-10,0.2700091605645007
2003-11-11,0.2618270647898189
2003-11-12,0.26591811267715976
2003-11-13,0.2618270647898189
2003-11-14,0.25773601690247794
2003-11-15,0.24546287324045515
2003-11-16,0.23318972957843243
2003-11-17,0.2290986816910915
2003-11-18,0.2372807774657733
2003-11-19,0.2290986816910915
2003-11-20,0.22091658591640964
2003-11-21,0.23318972957843243
2003-11-22,0.24137182535311424
2003-11-23,0.22091658591640964
2003-11-24,0.20864344225438688
2003-11-25,0.20455239436704598
2003-11-26,0.20046134647970512
2003-11-27,0.20455239436704598
2003-11-28,0.20455239436704598
2003-11-29,0.20455239436704598
2003-11-30,0.20046134647970512
2003-12-01,0.20046134647970512
2003-12-02,0.20455239436704598
2003-12-03,0.21273449014172782
2003-12-04,0.22091658591640964
2003-12-05,0.2168255380290687
2003-12-06,0.2168255380290687
2003-12-07,0.21273449014172782
2003-12-08,0.21273449014172782
2003-12-09,0.20864344225438688
2003-12-10,0.19227925070502322
2003-12-11,0.19227925070502322
2003-12-12,0.18818820281768228
2003-12-13,0.18000610704300046
2003-12-14,0.17591505915565953
2003-12-15,0.17182401126831864
2003-12-16,0.18000610704300046
2003-12-17,0.17591505915565953
2003-12-18,0.16773296338097768
2003-12-19,0.16364191549363677
2003-12-20,0.15955086760629586
2003-12-21,0.15545981971895492
2003-12-22,0.15136877183161404
2003-12-23,0.14727772394427313
2003-12-24,0.14727772394427313
2003-12-25,0.14727772394427313
2003-12-26,0.15545981971895492
2003-12-27,0.17182401126831864
2003-12-28,0.18000610704300046
2003-12-29,0.18818820281768228
2003-12-30,0.19227925070502322
2003-12-31,0.18000610704300046
2004-01-01,0.17182401126831864
2004-01-02,0.17591505915565953
2004-01-03,0.16773296338097768
2004-01-04,0.16773296338097768
2004-01-05,0.16773296338097768
2004-01-06,0.16364191549363677
2004-01-07,0.16773296338097768
2004-01-08,0.16364191549363677
2004-01-09,0.15955086760629586
2004-01-10,0.15545981971895492
2004-01-11,0.15136877183161404
2004-01-12,0.14727772394427313
2004-01-13,0.1431866760569322
2004-01-14,0.1431866760569322
2004-01-15,0.13909562816959126
2004-01-16,0.13500458028225035
2004-01-17,0.13091353239490944
2004-01-18,0.13091353239490944
2004-01-19,0.13091353239490944
2004-01-20,0.13500458028225035
2004-01-21,0.13091353239490944
2004-01-22,0.1268224845075685
2004-01-23,0.13091353239490944
2004-01-24,0.13091353239490944
2004-01-25,0.12273143662022758
2004-01-26,0.11864038873288665
2004-01-27,0.11454934084554574
2004-01-28,0.11454934084554574
2004-01-29,0.11454934084554574
2004-01-30,0.11454934084554574
2004-01-31,0.11454934084554574
2004-02-01,0.11045829295820482
2004-02-02,0.10636724507086391
2004-02-03,0.10636724507086391
2004-02-04,0.10636724507086391
2004-02-05,0.10636724507086391
2004-02-06,0.10636724507086391
2004-02-07,0.10636724507086391
2004-02-08,0.10636724507086391
2004-02-09,0.11045829295820482
2004-02-10,0.11454934084554574
2004-02-11,0.11454934084554574
2004-02-12,0.11454934084554574
2004-02-13,0.11454934084554574
2004-02-14,0.11045829295820482
2004-02-15,0.11045829295820482
2004-02-16,0.11045829295820482
2004-02-17,0.11045829295820482
2004-02-18,0.11045829295820482
2004-02-19,0.11045829295820482
2004-02-20,0.11045829295820482
2004-02-21,0.10636724507086391
2004-02-22,0.10227619718352299
2004-02-23,0.10227619718352299
2004-02-24,0.10227619718352299
2004-02-25,0.10227619718352299
2004-02-26,0.10636724507086391
2004-02-27,0.11454934084554574
2004-02-28,0.12273143662022758
2004-02-29,0.12273143662022758
2004-03-01,0.12273143662022758
2004-03-02,0.11864038873288665
2004-03-03,0.11864038873288665
2004-03-04,0.11864038873288665
2004-03-05,0.11864038873288665
2004-03-06,0.11454934084554574
2004-03-07,0.11454934084554574
2004-03-08,0.11454934084554574
2004-03-09,0.11454934084554574
2004-03-10,0.11864038873288665
2004-03-11,0.11045829295820482
2004-03-12,0.11045829295820482
2004-03-13,0.11454934084554574
2004-03-14,0.11045829295820482
2004-03-15,0.11045829295820482
2004-03-16,0.11864038873288665
2004-03-17,0.11864038873288665
2004-03-18,0.11864038873288665
2004-03-19,0.11454934084554574
2004-03-20,0.11864038873288665
2004-03-21,0.12273143662022758
2004-03-22,0.1268224845075685
2004-03-23,0.12273143662022758
2004-03-24,0.11454934084554574
2004-03-25,0.1268224845075685
2004-03-26,0.13500458028225035
2004-03-27,0.13500458028225035
2004-03-28,0.13091353239490944
2004-03-29,0.13091353239490944
2004-03-30,0.13909562816959126
2004-03-31,0.14727772394427313
2004-04-01,0.16773296338097768
2004-04-02,0.1963702985923641
2004-04-03,0.21273449014172782
2004-04-04,0.2372807774657733
2004-04-05,0.2618270647898189
2004-04-06,0.31091963943790984
2004-04-07,0.32728383098727354
2004-04-08,0.3027375436632281
2004-04-09,0.2863733521138644
2004-04-10,0.2700091605645007
2004-04-11,0.2863733521138644
2004-04-12,0.31091963943790984
2004-04-13,0.33546592676195536
2004-04-14,0.36410326197334186
2004-04-15,0.34773907042397817
2004-04-16,0.34773907042397817
2004-04-17,0.36410326197334186
2004-04-18,0.36819430986068274
2004-04-19,0.34773907042397817
2004-04-20,0.35183011831131905
2004-04-21,0.34773907042397817
2004-04-22,0.32728383098727354
2004-04-23,0.31091963943790984
2004-04-24,0.3027375436632281
2004-04-25,0.31091963943790984
2004-04-26,0.32728383098727354
2004-04-27,0.3886495492973874
2004-04-28,0.45001526760750116
2004-04-29,0.40910478873409195
2004-04-30,0.45001526760750116
2004-05-01,0.4909257464809103
2004-05-02,0.5727467042277288
2004-05-03,0.8182095774681839
2004-05-04,0.9409410140884116
2004-05-05,1.9227925070502323
2004-05-06,4.786526028188876
2004-05-07,6.13657183101138
2004-05-08,7.2002442817200185
2004-05-09,6.300213746505017
2004-05-10,4.541063154948421
2004-05-11,6.382034704251835
2004-05-12,4.2137793239611465
2004-05-13,2.700091605645007
2004-05-14,2.086434422543869
2004-05-15,1.8000610704300046
2004-05-16,1.8818820281768232
2004-05-17,1.9227925070502323
2004-05-18,2.9046440000120533
2004-05-19,5.850198478897515
2004-05-20,5.195630816922968
2004-05-21,5.03198890142933
2004-05-22,4.2137793239611465
2004-05-23,3.641032619733419
2004-05-24,3.0273754366322807
2004-05-25,2.290986816910915
2004-05-26,1.9227925070502323
2004-05-27,1.8000610704300046
2004-05-28,2.4546287324045517
2004-05-29,4.295600281707966
2004-05-30,2.741002084518416
2004-05-31,2.2091658591640964
2004-06-01,1.9637029859236412
2004-06-02,2.00461346479705
2004-06-03,3.3546592676195544
2004-06-04,6.586587098618881
2004-06-05,8.509379605669112
2004-06-06,9.941246366238435
2004-06-07,8.10027481693502
2004-06-08,6.872960450732745
2004-06-09,6.259303267631608
2004-06-10,5.727467042277287
2004-06-11,4.459242197201602
2004-06-12,3.681943098606828
2004-06-13,3.06828591550569
2004-06-14,2.700091605645007
2004-06-15,2.700091605645007
2004-06-16,2.659181126771598
2004-06-17,2.250076338037506
2004-06-18,2.0455239436704593
2004-06-19,1.8818820281768232
2004-06-20,1.840971549303414
2004-06-21,1.840971549303414
2004-06-22,1.6364191549363678
2004-06-23,1.9227925070502323
2004-06-24,2.290986816910915
2004-06-25,2.4955392112779613
2004-06-26,2.2091658591640964
2004-06-27,1.9227925070502323
2004-06-28,1.9637029859236412
2004-06-29,2.9046440000120533
2004-06-30,2.5773601690247796
2004-07-01,4.704705070442057
2004-07-02,3.2728383098727356
2004-07-03,2.53644969015137
2004-07-04,2.290986816910915
2004-07-05,3.3955697464929635
2004-07-06,3.8046745352270555
2004-07-07,2.700091605645007
2004-07-08,2.250076338037506
2004-07-09,2.00461346479705
2004-07-10,1.7591505915565955
2004-07-11,1.5955086760629587
2004-07-12,1.4318667605693218
2004-07-13,1.3909562816959127
2004-07-14,1.268224845075685
2004-07-15,1.5955086760629587
2004-07-16,1.9637029859236412
2004-07-17,1.7182401126831863
2004-07-18,1.4318667605693218
2004-07-19,1.2273143662022759
2004-07-20,1.1454934084554576
2004-07-21,1.063672450708639
2004-07-22,1.063672450708639
2004-07-23,1.2273143662022759
2004-07-24,1.2273143662022759
2004-07-25,1.1454934084554576
2004-07-26,1.0227619718352297
2004-07-27,0.9000305352150023
2004-07-28,1.1045829295820482
2004-07-29,0.9818514929618206
2004-07-30,0.8591200563415932
2004-07-31,0.7772990985947748
2004-08-01,0.7363886197213655
2004-08-02,0.6954781408479563
2004-08-03,0.6545676619745471
2004-08-04,0.6545676619745471
2004-08-05,0.6136571831011379
2004-08-06,0.5727467042277288
2004-08-07,0.5318362253543195
2004-08-08,0.4909257464809103
2004-08-09,0.4909257464809103
2004-08-10,0.4909257464809103
2004-08-11,0.45001526760750116
2004-08-12,0.45001526760750116
2004-08-13,0.40910478873409195
2004-08-14,0.3968316450720692
2004-08-15,0.37637640563536456
2004-08-16,0.3600122140860009
2004-08-17,0.3600122140860009
2004-08-18,0.45001526760750116
2004-08-19,0.40501374084675107
2004-08-20,0.40910478873409195
2004-08-21,0.37637640563536456
2004-08-22,0.3600122140860009
2004-08-23,0.36819430986068274
2004-08-24,0.33546592676195536
2004-08-25,0.38455850141004644
2004-08-26,0.45001526760750116
2004-08-27,0.45001526760750116
2004-08-28,0.40501374084675107
2004-08-29,0.36819430986068274
2004-08-30,0.3436480225366373
2004-08-31,0.3231927830999327
2004-09-01,0.30682859155056896
2004-09-02,0.31091963943790984
2004-09-03,0.4909257464809103
2004-09-04,0.45001526760750116
2004-09-05,0.40092269295941024
2004-09-06,0.36819430986068274
2004-09-07,0.3436480225366373
2004-09-08,0.3231927830999327
2004-09-09,0.30682859155056896
2004-09-10,0.2986464957758871
2004-09-11,0.29046440000120527
2004-09-12,0.27410020845184163
2004-09-13,0.40910478873409195
2004-09-14,0.40910478873409195
2004-09-15,0.40910478873409195
2004-09-16,0.3804674535227055
2004-09-17,0.35592116619866
2004-09-18,0.32728383098727354
2004-09-19,0.3804674535227055
2004-09-20,0.6545676619745471
2004-09-21,0.6954781408479563
2004-09-22,0.6136571831011379
2004-09-23,0.6136571831011379
2004-09-24,0.6136571831011379
2004-09-25,0.5727467042277288
2004-09-26,0.5318362253543195
2004-09-27,0.5727467042277288
2004-09-28,0.5727467042277288
2004-09-29,0.5318362253543195
2004-09-30,0.5318362253543195
2004-10-01,0.4909257464809103
2004-10-02,0.4909257464809103
2004-10-03,0.4909257464809103
2004-10-04,0.45001526760750116
2004-10-05,0.45001526760750116
2004-10-06,0.45001526760750116
2004-10-07,0.40910478873409195
2004-10-08,0.40910478873409195
2004-10-09,0.40910478873409195
2004-10-10,0.3927405971847282
2004-10-11,0.3804674535227055
2004-10-12,0.38455850141004644
2004-10-13,0.3968316450720692
2004-10-14,0.40910478873409195
2004-10-15,0.40910478873409195
2004-10-16,0.40910478873409195
2004-10-17,0.45001526760750116
2004-10-18,0.40910478873409195
2004-10-19,0.45001526760750116
2004-10-20,0.45001526760750116
2004-10-21,0.4909257464809103
2004-10-22,0.45001526760750116
2004-10-23,0.45001526760750116
2004-10-24,0.45001526760750116
2004-10-25,0.40910478873409195
2004-10-26,0.3886495492973874
2004-10-27,0.3886495492973874
2004-10-28,0.3968316450720692
2004-10-29,0.40092269295941024
2004-10-30,0.3886495492973874
2004-10-31,0.36819430986068274
2004-11-01,0.32728383098727354
2004-11-02,0.34773907042397817
2004-11-03,0.36819430986068274
2004-11-04,0.34773907042397817
2004-11-05,0.32728383098727354
2004-11-06,0.3191017352125917
2004-11-07,0.3191017352125917
2004-11-08,0.3150106873252508
2004-11-09,0.3191017352125917
2004-11-10,0.3191017352125917
2004-11-11,0.2863733521138644
2004-11-12,0.2781912563391825
2004-11-13,0.2781912563391825
2004-11-14,0.26591811267715976
2004-11-15,0.24137182535311424
2004-11-16,0.253644969015137
2004-11-17,0.2781912563391825
2004-11-18,0.26591811267715976
2004-11-19,0.2618270647898189
2004-11-20,0.2618270647898189
2004-11-21,0.26591811267715976
2004-11-22,0.25773601690247794
2004-11-23,0.2495539211277961
2004-11-24,0.24546287324045515
2004-11-25,0.2372807774657733
2004-11-26,0.26591811267715976
2004-11-27,0.2863733521138644
2004-11-28,0.2863733521138644
2004-11-29,0.30682859155056896
2004-11-30,0.3027375436632281
2004-12-01,0.3027375436632281
2004-12-02,0.3027375436632281
2004-12-03,0.2986464957758871
2004-12-04,0.2986464957758871
2004-12-05,0.2986464957758871
2004-12-06,0.28228230422652345
2004-12-07,0.2700091605645007
2004-12-08,0.26591811267715976
2004-12-09,0.2618270647898189
2004-12-10,0.25773601690247794
2004-12-11,0.2618270647898189
2004-12-12,0.25773601690247794
2004-12-13,0.24137182535311424
2004-12-14,0.23318972957843243
2004-12-15,0.2290986816910915
2004-12-16,0.2168255380290687
2004-12-17,0.20864344225438688
2004-12-18,0.19227925070502322
2004-12-19,0.18818820281768228
2004-12-20,0.18409715493034137
2004-12-21,0.18409715493034137
2004-12-22,0.18000610704300046
2004-12-23,0.16773296338097768
2004-12-24,0.15955086760629586
2004-12-25,0.16364191549363677
2004-12-26,0.15545981971895492
2004-12-27,0.15136877183161404
2004-12-28,0.14727772394427313
2004-12-29,0.1431866760569322
2004-12-30,0.14727772394427313
2004-12-31,0.1431866760569322
2005-01-01,0.1431866760569322
2005-01-02,0.1431866760569322
2005-01-03,0.1431866760569322
2005-01-04,0.15545981971895492
2005-01-05,0.14727772394427313
2005-01-06,0.13909562816959126
2005-01-07,0.13909562816959126
2005-01-08,0.1431866760569322
2005-01-09,0.13909562816959126
2005-01-10,0.1431866760569322
2005-01-11,0.1431866760569322
2005-01-12,0.13909562816959126
2005-01-13,0.13500458028225035
2005-01-14,0.13909562816959126
2005-01-15,0.13091353239490944
2005-01-16,0.13091353239490944
2005-01-17,0.13500458028225035
2005-01-18,0.13091353239490944
2005-01-19,0.13091353239490944
2005-01-20,0.13091353239490944
2005-01-21,0.1268224845075685
2005-01-22,0.12273143662022758
2005-01-23,0.11864038873288665
2005-01-24,0.11864038873288665
2005-01-25,0.11454934084554574
2005-01-26,0.11454934084554574
2005-01-27,0.11864038873288665
2005-01-28,0.11864038873288665
2005-01-29,0.11864038873288665
2005-01-30,0.11864038873288665
2005-01-31,0.11864038873288665
2005-02-01,0.11454934084554574
2005-02-02,0.11454934084554574
2005-02-03,0.11454934084554574
2005-02-04,0.11045829295820482
2005-02-05,0.11045829295820482
2005-02-06,0.11454934084554574
2005-02-07,0.11045829295820482
2005-02-08,0.11045829295820482
2005-02-09,0.10636724507086391
2005-02-10,0.10227619718352299
2005-02-11,0.10227619718352299
2005-02-12,0.10227619718352299
2005-02-13,0.10227619718352299
2005-02-14,0.10227619718352299
2005-02-15,0.10227619718352299
2005-02-16,0.10227619718352299
2005-02-17,0.09818514929618205
2005-02-18,0.09818514929618205
2005-02-19,0.09818514929618205
2005-02-20,0.09818514929618205
2005-02-21,0.09818514929618205
2005-02-22,0.09818514929618205
2005-02-23,0.09409410140884114
2005-02-24,0.09000305352150023
2005-02-25,0.08591200563415932
2005-02-26,0.08591200563415932
2005-02-27,0.08591200563415932
2005-02-28,0.08591200563415932
2005-03-01,0.08182095774681838
2005-03-02,0.08591200563415932
2005-03-03,0.08182095774681838
2005-03-04,0.08182095774681838
2005-03-05,0.08182095774681838
2005-03-06,0.08591200563415932
2005-03-07,0.09000305352150023
2005-03-08,0.09000305352150023
2005-03-09,0.09409410140884114
2005-03-10,0.09000305352150023
2005-03-11,0.08591200563415932
2005-03-12,0.08591200563415932
2005-03-13,0.09000305352150023
2005-03-14,0.09000305352150023
2005-03-15,0.09409410140884114
2005-03-16,0.09409410140884114
2005-03-17,0.09409410140884114
2005-03-18,0.09409410140884114
2005-03-19,0.09409410140884114
2005-03-20,0.09000305352150023
2005-03-21,0.08591200563415932
2005-03-22,0.08591200563415932
2005-03-23,0.09000305352150023
2005-03-24,0.09000305352150023
2005-03-25,0.09000305352150023
2005-03-26,0.08591200563415932
2005-03-27,0.08591200563415932
2005-03-28,0.09000305352150023
2005-03-29,0.09000305352150023
2005-03-30,0.08591200563415932
2005-03-31,0.08591200563415932
2005-04-01,0.08182095774681838
2005-04-02,0.09000305352150023
2005-04-03,0.09000305352150023
2005-04-04,0.08591200563415932
2005-04-05,0.08591200563415932
2005-04-06,0.09000305352150023
2005-04-07,0.12273143662022758
2005-04-08,0.13091353239490944
2005-04-09,0.11864038873288665
2005-04-10,0.11864038873288665
2005-04-11,0.11045829295820482
2005-04-12,0.11045829295820482
2005-04-13,0.11864038873288665
2005-04-14,0.1268224845075685
2005-04-15,0.10636724507086391
2005-04-16,0.11045829295820482
2005-04-17,0.12273143662022758
2005-04-18,0.20455239436704598
2005-04-19,0.32728383098727354
2005-04-20,0.24546287324045515
2005-04-21,0.22091658591640964
2005-04-22,0.20455239436704598
2005-04-23,0.24546287324045515
2005-04-24,0.2863733521138644
2005-04-25,0.4909257464809103
2005-04-26,0.45001526760750116
2005-04-27,0.40910478873409195
2005-04-28,0.40092269295941024
2005-04-29,0.3886495492973874
2005-04-30,0.36819430986068274
2005-05-01,0.35183011831131905
2005-05-02,0.3191017352125917
2005-05-03,0.29455544788854626
2005-05-04,0.3027375436632281
2005-05-05,0.32728383098727354
2005-05-06,0.4909257464809103
2005-05-07,0.6954781408479563
2005-05-08,0.7772990985947748
2005-05-09,0.8591200563415932
2005-05-10,1.0227619718352297
2005-05-11,0.9409410140884116
2005-05-12,0.9000305352150023
2005-05-13,0.8591200563415932
2005-05-14,0.9000305352150023
2005-05-15,1.0227619718352297
2005-05-16,1.6364191549363678
2005-05-17,2.9864649577588716
2005-05-18,3.681943098606828
2005-05-19,5.318362253543196
2005-05-20,12.27314366202276
2005-05-21,20.4552394367046
2005-05-22,15.873265802882768
2005-05-23,19.637029859236414
2005-05-24,17.67332687331277
2005-05-25,9.532141577504342
2005-05-26,5.236541295796377
2005-05-27,3.9274059718472825
2005-05-28,4.459242197201602
2005-05-29,4.868346985935694
2005-05-30,3.3955697464929635
2005-05-31,2.822823042265235
2005-06-01,2.7819125633918254
2005-06-02,2.741002084518416
2005-06-03,3.2728383098727356
2005-06-04,4.254689802834556
2005-06-05,5.850198478897515
2005-06-06,10.677634985959799
2005-06-07,10.718545464833209
2005-06-08,5.563825126783651
2005-06-09,4.295600281707966
2005-06-10,3.5592116619866006
2005-06-11,3.6001221408600093
2005-06-12,4.6637945915686485
2005-06-13,5.686556563403878
2005-06-14,5.441093690163423
2005-06-15,7.813901464821156
2005-06-16,15.136877183161404
2005-06-17,24.79175019728597
2005-06-18,23.973540619817786
2005-06-19,19.187014591628913
2005-06-20,18.573357408527773
2005-06-21,13.991383774705945
2005-06-22,12.068591267655712
2005-06-23,11.29129216906094
2005-06-24,10.677634985959799
2005-06-25,7.404796676087065
2005-06-26,6.750229014112517
2005-06-27,5.768377521150697
2005-06-28,4.827436507062284
2005-06-29,6.218392788758198
2005-06-30,4.950167943682513
2005-07-01,4.091047887340919
2005-07-02,4.05013740846751
2005-07-03,3.8046745352270555
2005-07-04,3.109196394379099
2005-07-05,2.741002084518416
2005-07-06,2.4955392112779613
2005-07-07,2.3318972957843243
2005-07-08,2.168255380290687
2005-07-09,2.0455239436704593
2005-07-10,1.8818820281768232
2005-07-11,1.7591505915565955
2005-07-12,1.5545981971895495
2005-07-13,1.472777239442731
2005-07-14,1.3500458028225035
2005-07-15,1.3091353239490942
2005-07-16,1.2273143662022759
2005-07-17,1.1045829295820482
2005-07-18,1.0227619718352297
2005-07-19,0.9818514929618206
2005-07-20,0.8591200563415932
2005-07-21,0.7772990985947748
2005-07-22,0.7363886197213655
2005-07-23,0.6954781408479563
2005-07-24,0.6545676619745471
2005-07-25,0.6954781408479563
2005-07-26,0.8182095774681839
2005-07-27,0.6954781408479563
2005-07-28,0.6545676619745471
2005-07-29,0.6136571831011379
2005-07-30,0.6136571831011379
2005-07-31,0.5318362253543195
2005-08-01,0.5318362253543195
2005-08-02,0.4909257464809103
2005-08-03,0.4909257464809103
2005-08-04,0.45001526760750116
2005-08-05,0.45001526760750116
2005-08-06,0.40501374084675107
2005-08-07,0.3886495492973874
2005-08-08,0.36410326197334186
2005-08-09,0.3804674535227055
2005-08-10,0.36819430986068274
2005-08-11,0.3886495492973874
2005-08-12,0.40910478873409195
2005-08-13,0.3804674535227055
2005-08-14,0.35592116619866
2005-08-15,0.32728383098727354
2005-08-16,0.30682859155056896
2005-08-17,0.3313748788746144
2005-08-18,0.3436480225366373
2005-08-19,0.37637640563536456
2005-08-20,0.3231927830999327
2005-08-21,0.29455544788854626
2005-08-22,0.2863733521138644
2005-08-23,0.2986464957758871
2005-08-24,0.29046440000120527
2005-08-25,0.2618270647898189
2005-08-26,0.25773601690247794
2005-08-27,0.24137182535311424
2005-08-28,0.23318972957843243
2005-08-29,0.22500763380375058
2005-08-30,0.21273449014172782
2005-08-31,0.20864344225438688
2005-09-01,0.20046134647970512
2005-09-02,0.1963702985923641
2005-09-03,0.18818820281768228
2005-09-04,0.18000610704300046
2005-09-05,0.18000610704300046
2005-09-06,0.17182401126831864
2005-09-07,0.16773296338097768
2005-09-08,0.15955086760629586
2005-09-09,0.15545981971895492
2005-09-10,0.1431866760569322
2005-09-11,0.1431866760569322
2005-09-12,0.15955086760629586
2005-09-13,0.19227925070502322
2005-09-14,0.18818820281768228
2005-09-15,0.17591505915565953
2005-09-16,0.16364191549363677
2005-09-17,0.15545981971895492
2005-09-18,0.15545981971895492
2005-09-19,0.15545981971895492
2005-09-20,0.14727772394427313
2005-09-21,0.14727772394427313
2005-09-22,0.16773296338097768
2005-09-23,0.15545981971895492
2005-09-24,0.1963702985923641
2005-09-25,0.20864344225438688
2005-09-26,0.18818820281768228
2005-09-27,0.17182401126831864
2005-09-28,0.16773296338097768
2005-09-29,0.15955086760629586
2005-09-30,0.15545981971895492
2005-10-01,0.15136877183161404
2005-10-02,0.1431866760569322
2005-10-03,0.2290986816910915
2005-10-04,0.253644969015137
2005-10-05,0.2290986816910915
2005-10-06,0.2290986816910915
2005-10-07,0.2290986816910915
2005-10-08,0.2290986816910915
2005-10-09,0.25773601690247794
2005-10-10,0.2290986816910915
2005-10-11,0.22091658591640964
2005-10-12,0.22091658591640964
2005-10-13,0.20864344225438688
2005-10-14,0.20455239436704598
2005-10-15,0.20864344225438688
2005-10-16,0.20864344225438688
2005-10-17,0.20455239436704598
2005-10-18,0.20046134647970512
2005-10-19,0.1963702985923641
2005-10-20,0.1963702985923641
2005-10-21,0.19227925070502322
2005-10-22,0.18000610704300046
2005-10-23,0.17591505915565953
2005-10-24,0.17182401126831864
2005-10-25,0.16773296338097768
2005-10-26,0.16364191549363677
2005-10-27,0.15955086760629586
2005-10-28,0.15955086760629586
2005-10-29,0.16773296338097768
2005-10-30,0.16364191549363677
2005-10-31,0.13909562816959126
2005-11-01,0.16364191549363677
2005-11-02,0.15545981971895492
2005-11-03,0.1431866760569322
2005-11-04,0.13909562816959126
2005-11-05,0.1431866760569322
2005-11-06,0.14727772394427313
2005-11-07,0.15955086760629586
2005-11-08,0.1431866760569322
2005-11-09,0.1431866760569322
2005-11-10,0.14727772394427313
2005-11-11,0.15545981971895492
2005-11-12,0.15136877183161404
2005-11-13,0.15136877183161404
2005-11-14,0.15955086760629586
2005-11-15,0.15545981971895492
2005-11-16,0.16773296338097768
2005-11-17,0.16773296338097768
2005-11-18,0.15955086760629586
2005-11-19,0.15955086760629586
2005-11-20,0.15545981971895492
2005-11-21,0.15136877183161404
2005-11-22,0.14727772394427313
2005-11-23,0.1431866760569322
2005-11-24,0.13909562816959126
2005-11-25,0.13500458028225035
2005-11-26,0.14727772394427313
2005-11-27,0.15955086760629586
2005-11-28,0.16773296338097768
2005-11-29,0.16773296338097768
2005-11-30,0.16364191549363677
2005-12-01,0.16364191549363677
2005-12-02,0.16364191549363677
2005-12-03,0.15955086760629586
2005-12-04,0.15545981971895492
2005-12-05,0.15136877183161404
2005-12-06,0.15545981971895492
2005-12-07,0.15955086760629586
2005-12-08,0.15545981971895492
2005-12-09,0.16364191549363677
2005-12-10,0.16364191549363677
2005-12-11,0.15955086760629586
2005-12-12,0.15955086760629586
2005-12-13,0.15545981971895492
2005-12-14,0.15955086760629586
2005-12-15,0.15955086760629586
2005-12-16,0.15955086760629586
2005-12-17,0.15545981971895492
2005-12-18,0.14727772394427313
2005-12-19,0.13909562816959126
2005-12-20,0.1431866760569322
2005-12-21,0.1431866760569322
2005-12-22,0.1431866760569322
2005-12-23,0.1431866760569322
2005-12-24,0.1431866760569322
2005-12-25,0.1431866760569322
2005-12-26,0.1431866760569322
2005-12-27,0.14727772394427313
2005-12-28,0.1431866760569322
2005-12-29,0.13909562816959126
2005-12-30,0.1431866760569322
2005-12-31,0.13909562816959126
2006-01-01,0.13500458028225035
2006-01-02,0.12273143662022758
2006-01-03,0.12273143662022758
2006-01-04,0.12273143662022758
2006-01-05,0.12273143662022758
2006-01-06,0.12273143662022758
2006-01-07,0.12273143662022758
2006-01-08,0.12273143662022758
2006-01-09,0.1268224845075685
2006-01-10,0.12273143662022758
2006-01-11,0.11864038873288665
2006-01-12,0.11864038873288665
2006-01-13,0.11864038873288665
2006-01-14,0.12273143662022758
2006-01-15,0.11864038873288665
2006-01-16,0.11864038873288665
2006-01-17,0.11454934084554574
2006-01-18,0.11454934084554574
2006-01-19,0.11454934084554574
2006-01-20,0.11045829295820482
2006-01-21,0.10636724507086391
2006-01-22,0.10636724507086391
2006-01-23,0.10636724507086391
2006-01-24,0.10227619718352299
2006-01-25,0.10227619718352299
2006-01-26,0.10227619718352299
2006-01-27,0.10227619718352299
2006-01-28,0.10636724507086391
2006-01-29,0.10636724507086391
2006-01-30,0.11045829295820482
2006-01-31,0.11045829295820482
2006-02-01,0.11045829295820482
2006-02-02,0.11045829295820482
2006-02-03,0.11045829295820482
2006-02-04,0.11454934084554574
2006-02-05,0.11045829295820482
2006-02-06,0.11045829295820482
2006-02-07,0.10636724507086391
2006-02-08,0.09818514929618205
2006-02-09,0.09409410140884114
2006-02-10,0.09000305352150023
2006-02-11,0.09000305352150023
2006-02-12,0.08591200563415932
2006-02-13,0.09000305352150023
2006-02-14,0.09000305352150023
2006-02-15,0.09000305352150023
2006-02-16,0.09409410140884114
2006-02-17,0.09000305352150023
2006-02-18,0.08591200563415932
2006-02-19,0.08182095774681838
2006-02-20,0.08182095774681838
2006-02-21,0.08182095774681838
2006-02-22,0.08182095774681838
2006-02-23,0.08182095774681838
2006-02-24,0.08591200563415932
2006-02-25,0.09000305352150023
2006-02-26,0.09000305352150023
2006-02-27,0.09000305352150023
2006-02-28,0.09000305352150023
2006-03-01,0.09000305352150023
2006-03-02,0.09000305352150023
2006-03-03,0.08591200563415932
2006-03-04,0.08591200563415932
2006-03-05,0.08591200563415932
2006-03-06,0.08591200563415932
2006-03-07,0.08591200563415932
2006-03-08,0.08591200563415932
2006-03-09,0.08591200563415932
2006-03-10,0.08591200563415932
2006-03-11,0.08182095774681838
2006-03-12,0.08182095774681838
2006-03-13,0.08182095774681838
2006-03-14,0.08591200563415932
2006-03-15,0.08591200563415932
2006-03-16,0.08591200563415932
2006-03-17,0.08591200563415932
2006-03-18,0.08591200563415932
2006-03-19,0.08591200563415932
2006-03-20,0.08591200563415932
2006-03-21,0.08591200563415932
2006-03-22,0.08591200563415932
2006-03-23,0.08591200563415932
2006-03-24,0.09000305352150023
2006-03-25,0.09000305352150023
2006-03-26,0.09000305352150023
2006-03-27,0.09409410140884114
2006-03-28,0.09409410140884114
2006-03-29,0.09409410140884114
2006-03-30,0.09000305352150023
2006-03-31,0.09409410140884114
2006-04-01,0.09818514929618205
2006-04-02,0.09000305352150023
2006-04-03,0.09000305352150023
2006-04-04,0.09000305352150023
2006-04-05,0.09818514929618205
2006-04-06,0.11045829295820482
2006-04-07,0.12273143662022758
2006-04-08,0.13500458028225035
2006-04-09,0.15136877183161404
2006-04-10,0.17591505915565953
2006-04-11,0.17591505915565953
2006-04-12,0.3191017352125917
2006-04-13,0.3395569746492963
2006-04-14,0.34773907042397817
2006-04-15,0.40910478873409195
2006-04-16,0.6136571831011379
2006-04-17,0.6954781408479563
2006-04-18,0.5318362253543195
2006-04-19,0.4909257464809103
2006-04-20,0.4909257464809103
2006-04-21,0.4909257464809103
2006-04-22,0.4909257464809103
2006-04-23,0.6545676619745471
2006-04-24,0.5727467042277288
2006-04-25,0.5318362253543195
2006-04-26,0.4909257464809103
2006-04-27,0.4909257464809103
2006-04-28,0.4909257464809103
2006-04-29,0.5318362253543195
2006-04-30,0.5727467042277288
2006-05-01,0.5727467042277288
2006-05-02,0.6545676619745471
2006-05-03,0.6136571831011379
2006-05-04,0.6136571831011379
2006-05-05,0.7363886197213655
2006-05-06,0.9000305352150023
2006-05-07,0.9409410140884116
2006-05-08,0.8182095774681839
2006-05-09,0.8591200563415932
2006-05-10,0.9409410140884116
2006-05-11,0.8182095774681839
2006-05-12,0.8182095774681839
2006-05-13,0.9000305352150023
2006-05-14,1.2273143662022759
2006-05-15,2.0455239436704593
2006-05-16,4.500152676075012
2006-05-17,7.282065239466838
2006-05-18,9.573052056377753
2006-05-19,11.904949352162078
2006-05-20,14.768682873300719
2006-05-21,16.486922985983906
2006-05-22,14.277757126819807
2006-05-23,16.77329633809777
2006-05-24,12.477696056389805
2006-05-25,10.677634985959799
2006-05-26,12.109501746529123
2006-05-27,13.623189464845261
2006-05-28,10.391261633845936
2006-05-29,5.277451774669786
2006-05-30,3.6001221408600093
2006-05-31,2.8637335211386437
2006-06-01,2.945554478885462
2006-06-02,4.2137793239611465
2006-06-03,5.972929915517743
2006-06-04,6.954781408479564
2006-06-05,6.832049971859336
2006-06-06,5.522914647910241
2006-06-07,5.195630816922968
2006-06-08,5.60473560565706
2006-06-09,6.054750873264561
2006-06-10,4.909257464809103
2006-06-11,3.3546592676195544
2006-06-12,2.8637335211386437
2006-06-13,2.700091605645007
2006-06-14,2.413718253531142
2006-06-15,2.127344901417278
2006-06-16,1.7591505915565955
2006-06-17,1.5545981971895495
2006-06-18,1.3909562816959127
2006-06-19,1.268224845075685
2006-06-20,1.2273143662022759
2006-06-21,1.1045829295820482
2006-06-22,1.1045829295820482
2006-06-23,0.9818514929618206
2006-06-24,0.9409410140884116
2006-06-25,0.8591200563415932
2006-06-26,0.8182095774681839
2006-06-27,0.7772990985947748
2006-06-28,0.8182095774681839
2006-06-29,0.7772990985947748
2006-06-30,0.6954781408479563
2006-07-01,0.6954781408479563
2006-07-02,0.6954781408479563
2006-07-03,0.6954781408479563
2006-07-04,0.6545676619745471
2006-07-05,0.6136571831011379
2006-07-06,0.5727467042277288
2006-07-07,0.5318362253543195
2006-07-08,0.5318362253543195
2006-07-09,0.4909257464809103
2006-07-10,0.4909257464809103
2006-07-11,0.45001526760750116
2006-07-12,0.40910478873409195
2006-07-13,0.40092269295941024
2006-07-14,0.36819430986068274
2006-07-15,0.34773907042397817
2006-07-16,0.32728383098727354
2006-07-17,0.30682859155056896
2006-07-18,0.29046440000120527
2006-07-19,0.2781912563391825
2006-07-20,0.2700091605645007
2006-07-21,0.2700091605645007
2006-07-22,0.2495539211277961
2006-07-23,0.23318972957843243
2006-07-24,0.2290986816910915
2006-07-25,0.2290986816910915
2006-07-26,0.2290986816910915
2006-07-27,0.21273449014172782
2006-07-28,0.1963702985923641
2006-07-29,0.18409715493034137
2006-07-30,0.18000610704300046
2006-07-31,0.17182401126831864
2006-08-01,0.18000610704300046
2006-08-02,0.1963702985923641
2006-08-03,0.17591505915565953
2006-08-04,0.15955086760629586
2006-08-05,0.15545981971895492
2006-08-06,0.15136877183161404
2006-08-07,0.14727772394427313
2006-08-08,0.13500458028225035
2006-08-09,0.13091353239490944
2006-08-10,0.12273143662022758
2006-08-11,0.11864038873288665
2006-08-12,0.11864038873288665
2006-08-13,0.12273143662022758
2006-08-14,0.11864038873288665
2006-08-15,0.11045829295820482
2006-08-16,0.11864038873288665
2006-08-17,0.11454934084554574
2006-08-18,0.10636724507086391
2006-08-19,0.10227619718352299
2006-08-20,0.10227619718352299
2006-08-21,0.09818514929618205
2006-08-22,0.09409410140884114
2006-08-23,0.09000305352150023
2006-08-24,0.08591200563415932
2006-08-25,0.09000305352150023
2006-08-26,0.11045829295820482
2006-08-27,0.18818820281768228
2006-08-28,0.13091353239490944
2006-08-29,0.12273143662022758
2006-08-30,0.11454934084554574
2006-08-31,0.11045829295820482
2006-09-01,0.10636724507086391
2006-09-02,0.10636724507086391
2006-09-03,0.10636724507086391
2006-09-04,0.10227619718352299
2006-09-05,0.09818514929618205
2006-09-06,0.09818514929618205
2006-09-07,0.09818514929618205
2006-09-08,0.09818514929618205
2006-09-09,0.09818514929618205
2006-09-10,0.09818514929618205
2006-09-11,0.09818514929618205
2006-09-12,0.09409410140884114
2006-09-13,0.09000305352150023
2006-09-14,0.08591200563415932
2006-09-15,0.10227619718352299
2006-09-16,0.22500763380375058
2006-09-17,0.20864344225438688
2006-09-18,0.20046134647970512
2006-09-19,0.2168255380290687
2006-09-20,0.24137182535311424
2006-09-21,0.26591811267715976
2006-09-22,0.2781912563391825
2006-09-23,0.26591811267715976
2006-09-24,0.2781912563391825
2006-09-25,0.29455544788854626
2006-09-26,0.3191017352125917
2006-09-27,0.33546592676195536
2006-09-28,0.33546592676195536
2006-09-29,0.3927405971847282
2006-09-30,0.45001526760750116
2006-10-01,0.45001526760750116
2006-10-02,0.4909257464809103
2006-10-03,0.5318362253543195
2006-10-04,0.5318362253543195
2006-10-05,0.5318362253543195
2006-10-06,0.6136571831011379
2006-10-07,0.7363886197213655
2006-10-08,0.7772990985947748
2006-10-09,0.7772990985947748
2006-10-10,0.6954781408479563
2006-10-11,0.6954781408479563
2006-10-12,0.6545676619745471
2006-10-13,0.6545676619745471
2006-10-14,0.6136571831011379
2006-10-15,0.6136571831011379
2006-10-16,0.6136571831011379
2006-10-17,0.5727467042277288
2006-10-18,0.5318362253543195
2006-10-19,0.5318362253543195
2006-10-20,0.5318362253543195
2006-10-21,0.4909257464809103
2006-10-22,0.4909257464809103
2006-10-23,0.4909257464809103
2006-10-24,0.45001526760750116
2006-10-25,0.45001526760750116
2006-10-26,0.40910478873409195
2006-10-27,0.40910478873409195
2006-10-28,0.40910478873409195
2006-10-29,0.40092269295941024
2006-10-30,0.38455850141004644
2006-10-31,0.36819430986068274
2006-11-01,0.3600122140860009
2006-11-02,0.36819430986068274
2006-11-03,0.40910478873409195
2006-11-04,0.40910478873409195
2006-11-05,0.40910478873409195
2006-11-06,0.3968316450720692
2006-11-07,0.40092269295941024
2006-11-08,0.40092269295941024
2006-11-09,0.40501374084675107
2006-11-10,0.36819430986068274
2006-11-11,0.34773907042397817
2006-11-12,0.36410326197334186
2006-11-13,0.35592116619866
2006-11-14,0.3600122140860009
2006-11-15,0.34773907042397817
2006-11-16,0.35592116619866
2006-11-17,0.34773907042397817
2006-11-18,0.3395569746492963
2006-11-19,0.33546592676195536
2006-11-20,0.35183011831131905
2006-11-21,0.3436480225366373
2006-11-22,0.3231927830999327
2006-11-23,0.31091963943790984
2006-11-24,0.3027375436632281
2006-11-25,0.29046440000120527
2006-11-26,0.2863733521138644
2006-11-27,0.2863733521138644
2006-11-28,0.2986464957758871
2006-11-29,0.2863733521138644
2006-11-30,0.26591811267715976
2006-12-01,0.26591811267715976
2006-12-02,0.2618270647898189
2006-12-03,0.2495539211277961
2006-12-04,0.2495539211277961
2006-12-05,0.2495539211277961
2006-12-06,0.2372807774657733
2006-12-07,0.2372807774657733
2006-12-08,0.22500763380375058
2006-12-09,0.2168255380290687
2006-12-10,0.20864344225438688
2006-12-11,0.20455239436704598
2006-12-12,0.1963702985923641
2006-12-13,0.1963702985923641
2006-12-14,0.18409715493034137
2006-12-15,0.1963702985923641
2006-12-16,0.1963702985923641
2006-12-17,0.18818820281768228
2006-12-18,0.18000610704300046
2006-12-19,0.17182401126831864
2006-12-20,0.16773296338097768
2006-12-21,0.16773296338097768
2006-12-22,0.17182401126831864
2006-12-23,0.17182401126831864
2006-12-24,0.17591505915565953
2006-12-25,0.17182401126831864
2006-12-26,0.17591505915565953
2006-12-27,0.17182401126831864
2006-12-28,0.16773296338097768
2006-12-29,0.16364191549363677
2006-12-30,0.15545981971895492
2006-12-31,0.15136877183161404
2007-01-01,0.14727772394427313
2007-01-02,0.1431866760569322
2007-01-03,0.13909562816959126
2007-01-04,0.1431866760569322
2007-01-05,0.13909562816959126
2007-01-06,0.13500458028225035
2007-01-07,0.13500458028225035
2007-01-08,0.13500458028225035
2007-01-09,0.13500458028225035
2007-01-10,0.13909562816959126
2007-01-11,0.1431866760569322
2007-01-12,0.1431866760569322
2007-01-13,0.13500458028225035
2007-01-14,0.13091353239490944
2007-01-15,0.1268224845075685
2007-01-16,0.12273143662022758
2007-01-17,0.11864038873288665
2007-01-18,0.11864038873288665
2007-01-19,0.11864038873288665
2007-01-20,0.11454934084554574
2007-01-21,0.11454934084554574
2007-01-22,0.11454934084554574
2007-01-23,0.11454934084554574
2007-01-24,0.11454934084554574
2007-01-25,0.11454934084554574
2007-01-26,0.11864038873288665
2007-01-27,0.11454934084554574
2007-01-28,0.11045829295820482
2007-01-29,0.10636724507086391
2007-01-30,0.10636724507086391
2007-01-31,0.10636724507086391
2007-02-01,0.10636724507086391
2007-02-02,0.10227619718352299
2007-02-03,0.10227619718352299
2007-02-04,0.11454934084554574
2007-02-05,0.1268224845075685
2007-02-06,0.13500458028225035
2007-02-07,0.1431866760569322
2007-02-08,0.15136877183161404
2007-02-09,0.15955086760629586
2007-02-10,0.16364191549363677
2007-02-11,0.16364191549363677
2007-02-12,0.15955086760629586
2007-02-13,0.16364191549363677
2007-02-14,0.15955086760629586
2007-02-15,0.15955086760629586
2007-02-16,0.15545981971895492
2007-02-17,0.15545981971895492
2007-02-18,0.15545981971895492
2007-02-19,0.15545981971895492
2007-02-20,0.15545981971895492
2007-02-21,0.15136877183161404
2007-02-22,0.15545981971895492
2007-02-23,0.15545981971895492
2007-02-24,0.15545981971895492
2007-02-25,0.15545981971895492
2007-02-26,0.15136877183161404
2007-02-27,0.15955086760629586
2007-02-28,0.15955086760629586
2007-03-01,0.15955086760629586
2007-03-02,0.15955086760629586
2007-03-03,0.16364191549363677
2007-03-04,0.16364191549363677
2007-03-05,0.15955086760629586
2007-03-06,0.15545981971895492
2007-03-07,0.15545981971895492
2007-03-08,0.15955086760629586
2007-03-09,0.15545981971895492
2007-03-10,0.15545981971895492
2007-03-11,0.15545981971895492
2007-03-12,0.15545981971895492
2007-03-13,0.15955086760629586
2007-03-14,0.16773296338097768
2007-03-15,0.15545981971895492
2007-03-16,0.15136877183161404
2007-03-17,0.15955086760629586
2007-03-18,0.16364191549363677
2007-03-19,0.15955086760629586
2007-03-20,0.16773296338097768
2007-03-21,0.16773296338097768
2007-03-22,0.16773296338097768
2007-03-23,0.16364191549363677
2007-03-24,0.15955086760629586
2007-03-25,0.16364191549363677
2007-03-26,0.17591505915565953
2007-03-27,0.18000610704300046
2007-03-28,0.18000610704300046
2007-03-29,0.11045829295820482
2007-03-30,0.15545981971895492
2007-03-31,0.2290986816910915
2007-04-01,0.27410020845184163
2007-04-02,0.29455544788854626
2007-04-03,0.27410020845184163
2007-04-04,0.253644969015137
2007-04-05,0.2495539211277961
2007-04-06,0.24137182535311424
2007-04-07,0.2372807774657733
2007-04-08,0.2372807774657733
2007-04-09,0.24546287324045515
2007-04-10,0.2372807774657733
2007-04-11,0.23318972957843243
2007-04-12,0.2290986816910915
2007-04-13,0.22091658591640964
2007-04-14,0.2290986816910915
2007-04-15,0.2495539211277961
2007-04-16,0.2781912563391825
2007-04-17,0.40910478873409195
2007-04-18,0.9000305352150023
2007-04-19,0.9818514929618206
2007-04-20,0.6136571831011379
2007-04-21,0.4909257464809103
2007-04-22,0.3968316450720692
2007-04-23,0.3804674535227055
2007-04-24,0.38455850141004644
2007-04-25,0.40092269295941024
2007-04-26,0.40092269295941024
2007-04-27,0.40910478873409195
2007-04-28,0.5727467042277288
2007-04-29,1.0227619718352297
2007-04-30,2.0455239436704593
2007-05-01,2.4546287324045517
2007-05-02,8.182095774681837
2007-05-03,9.000305352150024
2007-05-04,7.2002442817200185
2007-05-05,3.2728383098727356
2007-05-06,1.6364191549363678
2007-05-07,1.840971549303414
2007-05-08,2.0455239436704593
2007-05-09,2.4546287324045517
2007-05-10,3.6001221408600093
2007-05-11,6.954781408479564
2007-05-12,10.595814028212983
2007-05-13,12.886800845123897
2007-05-14,9.532141577504342
2007-05-15,6.013840394391152
2007-05-16,6.422945183125244
2007-05-17,9.450320619757523
2007-05-18,11.577665521174803
2007-05-19,13.418637070478217
2007-05-20,12.845890366250488
2007-05-21,9.16394726764366
2007-05-22,5.482004169036832
2007-05-23,3.518301183113191
2007-05-24,2.741002084518416
2007-05-25,2.4955392112779613
2007-05-26,2.250076338037506
2007-05-27,3.641032619733419
2007-05-28,10.432172112719345
2007-05-29,8.427558647922293
2007-05-30,3.8046745352270555
2007-05-31,2.822823042265235
2007-06-01,2.8637335211386437
2007-06-02,3.681943098606828
2007-06-03,5.972929915517743
2007-06-04,6.995691887352972
2007-06-05,11.004918816947074
2007-06-06,9.736693971871388
2007-06-07,5.277451774669786
2007-06-08,4.541063154948421
2007-06-09,4.827436507062284
2007-06-10,6.709318535239109
2007-06-11,10.18670923947889
2007-06-12,8.754842478909568
2007-06-13,6.832049971859336
2007-06-14,7.65025954932752
2007-06-15,8.182095774681837
2007-06-16,8.345737690175476
2007-06-17,6.750229014112517
2007-06-18,4.868346985935694
2007-06-19,3.477390704239782
2007-06-20,3.231927830999327
2007-06-21,3.231927830999327
2007-06-22,3.1910173521259173
2007-06-23,2.9046440000120533
2007-06-24,2.5773601690247796
2007-06-25,2.250076338037506
2007-06-26,2.00461346479705
2007-06-27,1.7591505915565955
2007-06-28,1.5545981971895495
2007-06-29,1.3909562816959127
2007-06-30,1.268224845075685
2007-07-01,1.1864038873288667
2007-07-02,1.063672450708639
2007-07-03,0.9818514929618206
2007-07-04,0.9409410140884116
2007-07-05,0.8591200563415932
2007-07-06,0.8182095774681839
2007-07-07,0.7772990985947748
2007-07-08,0.7772990985947748
2007-07-09,0.6954781408479563
2007-07-10,0.6545676619745471
2007-07-11,0.6136571831011379
2007-07-12,0.5727467042277288
2007-07-13,0.5318362253543195
2007-07-14,0.5318362253543195
2007-07-15,0.4909257464809103
2007-07-16,0.4909257464809103
2007-07-17,0.4909257464809103
2007-07-18,0.45001526760750116
2007-07-19,0.40910478873409195
2007-07-20,0.45001526760750116
2007-07-21,0.3968316450720692
2007-07-22,0.36410326197334186
2007-07-23,0.34773907042397817
2007-07-24,0.3395569746492963
2007-07-25,0.3600122140860009
2007-07-26,0.5727467042277288
2007-07-27,0.45001526760750116
2007-07-28,0.40910478873409195
2007-07-29,0.3804674535227055
2007-07-30,0.35592116619866
2007-07-31,0.3436480225366373
2007-08-01,0.32728383098727354
2007-08-02,0.3150106873252508
2007-08-03,0.31091963943790984
2007-08-04,0.30682859155056896
2007-08-05,0.3027375436632281
2007-08-06,0.3436480225366373
2007-08-07,0.2863733521138644
2007-08-08,0.26591811267715976
2007-08-09,0.2495539211277961
2007-08-10,0.2372807774657733
2007-08-11,0.22500763380375058
2007-08-12,0.2168255380290687
2007-08-13,0.20864344225438688
2007-08-14,0.20864344225438688
2007-08-15,0.20046134647970512
2007-08-16,0.18409715493034137
2007-08-17,0.18000610704300046
2007-08-18,0.18409715493034137
2007-08-19,0.17591505915565953
2007-08-20,0.17591505915565953
2007-08-21,0.16773296338097768
2007-08-22,0.17591505915565953
2007-08-23,0.20864344225438688
2007-08-24,0.19227925070502322
2007-08-25,0.18000610704300046
2007-08-26,0.16364191549363677
2007-08-27,0.15545981971895492
2007-08-28,0.15136877183161404
2007-08-29,0.14727772394427313
2007-08-30,0.1431866760569322
2007-08-31,0.13500458028225035
2007-09-01,0.13500458028225035
2007-09-02,0.13091353239490944
2007-09-03,0.1268224845075685
2007-09-04,0.12273143662022758
2007-09-05,0.13500458028225035
2007-09-06,0.21273449014172782
2007-09-07,0.16773296338097768
2007-09-08,0.15955086760629586
2007-09-09,0.17591505915565953
2007-09-10,0.18000610704300046
2007-09-11,0.16773296338097768
2007-09-12,0.15136877183161404
2007-09-13,0.14727772394427313
2007-09-14,0.14727772394427313
2007-09-15,0.1431866760569322
2007-09-16,0.13500458028225035
2007-09-17,0.13500458028225035
2007-09-18,0.1963702985923641
2007-09-19,0.22500763380375058
2007-09-20,0.20864344225438688
2007-09-21,0.18000610704300046
2007-09-22,0.16773296338097768
2007-09-23,0.2986464957758871
2007-09-24,0.27410020845184163
2007-09-25,0.253644969015137
2007-09-26,0.23318972957843243
2007-09-27,0.22091658591640964
2007-09-28,0.21273449014172782
2007-09-29,0.21273449014172782
2007-09-30,0.2618270647898189
2007-10-01,0.253644969015137
2007-10-02,0.2618270647898189
2007-10-03,0.253644969015137
2007-10-04,0.2986464957758871
2007-10-05,0.4909257464809103
2007-10-06,0.6954781408479563
2007-10-07,0.6545676619745471
2007-10-08,0.6136571831011379
2007-10-09,0.6136571831011379
2007-10-10,0.6545676619745471
2007-10-11,0.6545676619745471
2007-10-12,0.5727467042277288
2007-10-13,0.5727467042277288
2007-10-14,0.5727467042277288
2007-10-15,0.5318362253543195
2007-10-16,0.5318362253543195
2007-10-17,0.5318362253543195
2007-10-18,0.5318362253543195
2007-10-19,0.45001526760750116
2007-10-20,0.4909257464809103
2007-10-21,0.5318362253543195
2007-10-22,0.5318362253543195
2007-10-23,0.4909257464809103
2007-10-24,0.45001526760750116
2007-10-25,0.45001526760750116
2007-10-26,0.40910478873409195
2007-10-27,0.45001526760750116
2007-10-28,0.45001526760750116
2007-10-29,0.40910478873409195
2007-10-30,0.40910478873409195
2007-10-31,0.36819430986068274
2007-11-01,0.40910478873409195
2007-11-02,0.40910478873409195
2007-11-03,0.40910478873409195
2007-11-04,0.3886495492973874
2007-11-05,0.3886495492973874
2007-11-06,0.36819430986068274
2007-11-07,0.36819430986068274
2007-11-08,0.36819430986068274
2007-11-09,0.36819430986068274
2007-11-10,0.36819430986068274
2007-11-11,0.36819430986068274
2007-11-12,0.34773907042397817
2007-11-13,0.32728383098727354
2007-11-14,0.32728383098727354
2007-11-15,0.32728383098727354
2007-11-16,0.34773907042397817
2007-11-17,0.3436480225366373
2007-11-18,0.3436480225366373
2007-11-19,0.33546592676195536
2007-11-20,0.3231927830999327
2007-11-21,0.31091963943790984
2007-11-22,0.32728383098727354
2007-11-23,0.32728383098727354
2007-11-24,0.3191017352125917
2007-11-25,0.34773907042397817
2007-11-26,0.32728383098727354
2007-11-27,0.30682859155056896
2007-11-28,0.2986464957758871
2007-11-29,0.2863733521138644
2007-11-30,0.2863733521138644
2007-12-01,0.2863733521138644
2007-12-02,0.26591811267715976
2007-12-03,0.2781912563391825
2007-12-04,0.2700091605645007
2007-12-05,0.2863733521138644
2007-12-06,0.2700091605645007
2007-12-07,0.2618270647898189
2007-12-08,0.25773601690247794
2007-12-09,0.253644969015137
2007-12-10,0.253644969015137
2007-12-11,0.2495539211277961
2007-12-12,0.24546287324045515
2007-12-13,0.24137182535311424
2007-12-14,0.24137182535311424
2007-12-15,0.2290986816910915
2007-12-16,0.22500763380375058
2007-12-17,0.22091658591640964
2007-12-18,0.22091658591640964
2007-12-19,0.2168255380290687
2007-12-20,0.2168255380290687
2007-12-21,0.2168255380290687
2007-12-22,0.21273449014172782
2007-12-23,0.20864344225438688
2007-12-24,0.20864344225438688
2007-12-25,0.21273449014172782
2007-12-26,0.21273449014172782
2007-12-27,0.20455239436704598
2007-12-28,0.1963702985923641
2007-12-29,0.19227925070502322
2007-12-30,0.19227925070502322
2007-12-31,0.19227925070502322
2008-01-01,0.18818820281768228
2008-01-02,0.18818820281768228
2008-01-03,0.18818820281768228
2008-01-04,0.18818820281768228
2008-01-05,0.18409715493034137
2008-01-06,0.18818820281768228
2008-01-07,0.18818820281768228
2008-01-08,0.18818820281768228
2008-01-09,0.18818820281768228
2008-01-10,0.18409715493034137
2008-01-11,0.18000610704300046
2008-01-12,0.18000610704300046
2008-01-13,0.17591505915565953
2008-01-14,0.17591505915565953
2008-01-15,0.16773296338097768
2008-01-16,0.16773296338097768
2008-01-17,0.16364191549363677
2008-01-18,0.17182401126831864
2008-01-19,0.17591505915565953
2008-01-20,0.17591505915565953
2008-01-21,0.18000610704300046
2008-01-22,0.17591505915565953
2008-01-23,0.16773296338097768
2008-01-24,0.17182401126831864
2008-01-25,0.18000610704300046
2008-01-26,0.18409715493034137
2008-01-27,0.18818820281768228
2008-01-28,0.18409715493034137
2008-01-29,0.18818820281768228
2008-01-30,0.18409715493034137
2008-01-31,0.18818820281768228
2008-02-01,0.18000610704300046
2008-02-02,0.17591505915565953
2008-02-03,0.16773296338097768
2008-02-04,0.15955086760629586
2008-02-05,0.15545981971895492
2008-02-06,0.15545981971895492
2008-02-07,0.15545981971895492
2008-02-08,0.15545981971895492
2008-02-09,0.15545981971895492
2008-02-10,0.15955086760629586
2008-02-11,0.15545981971895492
2008-02-12,0.15545981971895492
2008-02-13,0.15955086760629586
2008-02-14,0.15955086760629586
2008-02-15,0.15545981971895492
2008-02-16,0.15136877183161404
2008-02-17,0.15136877183161404
2008-02-18,0.14727772394427313
2008-02-19,0.14727772394427313
2008-02-20,0.1431866760569322
2008-02-21,0.13909562816959126
2008-02-22,0.13500458028225035
2008-02-23,0.13500458028225035
2008-02-24,0.13500458028225035
2008-02-25,0.13091353239490944
2008-02-26,0.1268224845075685
2008-02-27,0.1268224845075685
2008-02-28,0.12273143662022758
2008-02-29,0.12273143662022758
2008-03-01,0.12273143662022758
2008-03-02,0.12273143662022758
2008-03-03,0.13091353239490944
2008-03-04,0.13091353239490944
2008-03-05,0.13091353239490944
2008-03-06,0.1268224845075685
2008-03-07,0.1268224845075685
2008-03-08,0.1268224845075685
2008-03-09,0.1268224845075685
2008-03-10,0.12273143662022758
2008-03-11,0.12273143662022758
2008-03-12,0.12273143662022758
2008-03-13,0.11864038873288665
2008-03-14,0.11864038873288665
2008-03-15,0.11864038873288665
2008-03-16,0.11864038873288665
2008-03-17,0.11454934084554574
2008-03-18,0.11864038873288665
2008-03-19,0.11864038873288665
2008-03-20,0.11864038873288665
2008-03-21,0.11864038873288665
2008-03-22,0.11864038873288665
2008-03-23,0.12273143662022758
2008-03-24,0.12273143662022758
2008-03-25,0.12273143662022758
2008-03-26,0.11864038873288665
2008-03-27,0.11864038873288665
2008-03-28,0.11864038873288665
2008-03-29,0.11864038873288665
2008-03-30,0.12273143662022758
2008-03-31,0.12273143662022758
2008-04-01,0.11864038873288665
2008-04-02,0.11864038873288665
2008-04-03,0.11864038873288665
2008-04-04,0.11454934084554574
2008-04-05,0.11454934084554574
2008-04-06,0.11454934084554574
2008-04-07,0.11864038873288665
2008-04-08,0.11864038873288665
2008-04-09,0.11864038873288665
2008-04-10,0.11864038873288665
2008-04-11,0.11864038873288665
2008-04-12,0.12273143662022758
2008-04-13,0.12273143662022758
2008-04-14,0.13091353239490944
2008-04-15,0.18409715493034137
2008-04-16,0.17182401126831864
2008-04-17,0.16364191549363677
2008-04-18,0.15955086760629586
2008-04-19,0.15545981971895492
2008-04-20,0.15545981971895492
2008-04-21,0.15136877183161404
2008-04-22,0.14727772394427313
2008-04-23,0.1431866760569322
2008-04-24,0.1431866760569322
2008-04-25,0.14727772394427313
2008-04-26,0.14727772394427313
2008-04-27,0.14727772394427313
2008-04-28,0.15545981971895492
2008-04-29,0.16364191549363677
2008-04-30,0.2863733521138644
2008-05-01,0.24546287324045515
2008-05-02,0.18409715493034137
2008-05-03,0.20455239436704598
2008-05-04,0.22500763380375058
2008-05-05,0.24546287324045515
2008-05-06,0.32728383098727354
2008-05-07,0.4909257464809103
2008-05-08,0.36819430986068274
2008-05-09,0.32728383098727354
2008-05-10,0.30682859155056896
2008-05-11,0.2863733521138644
2008-05-12,0.32728383098727354
2008-05-13,0.26591811267715976
2008-05-14,0.26591811267715976
2008-05-15,0.24546287324045515
2008-05-16,0.32728383098727354
2008-05-17,0.8182095774681839
2008-05-18,1.2273143662022759
2008-05-19,1.6364191549363678
2008-05-20,3.2728383098727356
2008-05-21,10.2276197183523
2008-05-22,12.27314366202276
2008-05-23,5.727467042277287
2008-05-24,4.131958366214328
2008-05-25,2.8637335211386437
2008-05-26,2.5773601690247796
2008-05-27,1.9637029859236412
2008-05-28,1.840971549303414
2008-05-29,2.413718253531142
2008-05-30,3.313748788746145
2008-05-31,4.295600281707966
2008-06-01,5.400183211290014
2008-06-02,8.591200563415931
2008-06-03,12.64133797188344
2008-06-04,8.795752957782977
2008-06-05,4.909257464809103
2008-06-06,3.5592116619866006
2008-06-07,2.741002084518416
2008-06-08,2.250076338037506
2008-06-09,1.9637029859236412
2008-06-10,2.168255380290687
2008-06-11,2.0455239436704593
2008-06-12,1.7182401126831863
2008-06-13,1.6773296338097772
2008-06-14,2.086434422543869
2008-06-15,5.03198890142933
2008-06-16,12.31405414089617
2008-06-17,18.696088845148005
2008-06-18,21.88710619727392
2008-06-19,19.309746028249137
2008-06-20,17.67332687331277
2008-06-21,18.655178366274594
2008-06-22,19.187014591628913
2008-06-23,22.950778647982556
2008-06-24,22.050748112767558
2008-06-25,22.009837633894147
2008-06-26,17.918789746553227
2008-06-27,15.75053436626254
2008-06-28,12.31405414089617
2008-06-29,11.29129216906094
2008-06-30,12.31405414089617
2008-07-01,12.068591267655712
2008-07-02,13.74592090146549
2008-07-03,10.964008338073665
2008-07-04,10.14579876060548
2008-07-05,8.63211104228934
2008-07-06,7.036602366226382
2008-07-07,5.236541295796377
2008-07-08,4.418331718328193
2008-07-09,3.7637640563536463
2008-07-10,3.3546592676195544
2008-07-11,2.9864649577588716
2008-07-12,2.4955392112779613
2008-07-13,2.086434422543869
2008-07-14,1.8818820281768232
2008-07-15,1.7591505915565955
2008-07-16,1.6773296338097772
2008-07-17,1.5955086760629587
2008-07-18,1.5955086760629587
2008-07-19,1.472777239442731
2008-07-20,1.3091353239490942
2008-07-21,1.1864038873288667
2008-07-22,1.1454934084554576
2008-07-23,1.3909562816959127
2008-07-24,1.2273143662022759
2008-07-25,1.1045829295820482
2008-07-26,1.0227619718352297
2008-07-27,0.9000305352150023
2008-07-28,0.8182095774681839
2008-07-29,0.7363886197213655
2008-07-30,0.6954781408479563
2008-07-31,0.6545676619745471
2008-08-01,0.6136571831011379
2008-08-02,0.5727467042277288
2008-08-03,0.5318362253543195
2008-08-04,0.4909257464809103
2008-08-05,0.4909257464809103
2008-08-06,0.45001526760750116
2008-08-07,0.45001526760750116
2008-08-08,0.45001526760750116
2008-08-09,0.40910478873409195
2008-08-10,0.40910478873409195
2008-08-11,0.40092269295941024
2008-08-12,0.37637640563536456
2008-08-13,0.35592116619866
2008-08-14,0.3600122140860009
2008-08-15,0.3927405971847282
2008-08-16,0.37637640563536456
2008-08-17,0.3600122140860009
2008-08-18,0.3395569746492963
2008-08-19,0.3231927830999327
2008-08-20,0.30682859155056896
2008-08-21,0.29046440000120527
2008-08-22,0.2781912563391825
2008-08-23,0.2700091605645007
2008-08-24,0.2618270647898189
2008-08-25,0.253644969015137
2008-08-26,0.2495539211277961
2008-08-27,0.24137182535311424
2008-08-28,0.23318972957843243
2008-08-29,0.2290986816910915
2008-08-30,0.22500763380375058
2008-08-31,0.22091658591640964
2008-09-01,0.29046440000120527
2008-09-02,0.3395569746492963
2008-09-03,0.3231927830999327
2008-09-04,0.3313748788746144
2008-09-05,0.34773907042397817
2008-09-06,0.34773907042397817
2008-09-07,0.36819430986068274
2008-09-08,0.3886495492973874
2008-09-09,0.3886495492973874
2008-09-10,0.40910478873409195
2008-09-11,0.40910478873409195
2008-09-12,0.40910478873409195
2008-09-13,0.45001526760750116
2008-09-14,0.4909257464809103
2008-09-15,0.45001526760750116
2008-09-16,0.45001526760750116
2008-09-17,0.40910478873409195
2008-09-18,0.40910478873409195
2008-09-19,0.40910478873409195
2008-09-20,0.3886495492973874
2008-09-21,0.45001526760750116
2008-09-22,0.5318362253543195
2008-09-23,0.5318362253543195
2008-09-24,0.4909257464809103
2008-09-25,0.4909257464809103
2008-09-26,0.4909257464809103
2008-09-27,0.45001526760750116
2008-09-28,0.45001526760750116
2008-09-29,0.45001526760750116
2008-09-30,0.40910478873409195
2008-10-01,0.40910478873409195
2008-10-02,0.40910478873409195
2008-10-03,0.40910478873409195
2008-10-04,0.40501374084675107
2008-10-05,0.5318362253543195
2008-10-06,0.5318362253543195
2008-10-07,0.4909257464809103
2008-10-08,0.4909257464809103
2008-10-09,0.4909257464809103
2008-10-10,0.4909257464809103
2008-10-11,0.4909257464809103
2008-10-12,0.4909257464809103
2008-10-13,0.45001526760750116
2008-10-14,0.45001526760750116
2008-10-15,0.4909257464809103
2008-10-16,0.45001526760750116
2008-10-17,0.45001526760750116
2008-10-18,0.45001526760750116
2008-10-19,0.45001526760750116
2008-10-20,0.45001526760750116
2008-10-21,0.45001526760750116
2008-10-22,0.4909257464809103
2008-10-23,0.4909257464809103
2008-10-24,0.40910478873409195
2008-10-25,0.3886495492973874
2008-10-26,0.36819430986068274
2008-10-27,0.36819430986068274
2008-10-28,0.36819430986068274
2008-10-29,0.36819430986068274
2008-10-30,0.36819430986068274
2008-10-31,0.3886495492973874
2008-11-01,0.35592116619866
2008-11-02,0.36410326197334186
2008-11-03,0.3804674535227055
2008-11-04,0.36819430986068274
2008-11-05,0.36819430986068274
2008-11-06,0.3886495492973874
2008-11-07,0.40501374084675107
2008-11-08,0.40910478873409195
2008-11-09,0.3722853577480236
2008-11-10,0.3395569746492963
2008-11-11,0.3313748788746144
2008-11-12,0.32728383098727354
2008-11-13,0.35183011831131905
2008-11-14,0.3927405971847282
2008-11-15,0.40910478873409195
2008-11-16,0.40092269295941024
2008-11-17,0.3804674535227055
2008-11-18,0.3722853577480236
2008-11-19,0.3722853577480236
2008-11-20,0.3804674535227055
2008-11-21,0.40501374084675107
2008-11-22,0.38455850141004644
2008-11-23,0.36819430986068274
2008-11-24,0.3395569746492963
2008-11-25,0.3191017352125917
2008-11-26,0.30682859155056896
2008-11-27,0.28228230422652345
2008-11-28,0.2700091605645007
2008-11-29,0.2700091605645007
2008-11-30,0.2863733521138644
2008-12-01,0.2986464957758871
2008-12-02,0.29046440000120527
2008-12-03,0.30682859155056896
2008-12-04,0.29455544788854626
2008-12-05,0.2781912563391825
2008-12-06,0.2863733521138644
2008-12-07,0.2618270647898189
2008-12-08,0.253644969015137
2008-12-09,0.24546287324045515
2008-12-10,0.24546287324045515
2008-12-11,0.24137182535311424
2008-12-12,0.2372807774657733
2008-12-13,0.2290986816910915
2008-12-14,0.22500763380375058
2008-12-15,0.20455239436704598
2008-12-16,0.22091658591640964
2008-12-17,0.2372807774657733
2008-12-18,0.24137182535311424
2008-12-19,0.24546287324045515
2008-12-20,0.24546287324045515
2008-12-21,0.253644969015137
2008-12-22,0.24546287324045515
2008-12-23,0.253644969015137
2008-12-24,0.24546287324045515
2008-12-25,0.22500763380375058
2008-12-26,0.2290986816910915
2008-12-27,0.23318972957843243
2008-12-28,0.22091658591640964
2008-12-29,0.20864344225438688
2008-12-30,0.18409715493034137
2008-12-31,0.18000610704300046
2009-01-01,0.18000610704300046
2009-01-02,0.18409715493034137
2009-01-03,0.18000610704300046
2009-01-04,0.18818820281768228
2009-01-05,0.17182401126831864
2009-01-06,0.16364191549363677
2009-01-07,0.14727772394427313
2009-01-08,0.18409715493034137
2009-01-09,0.21273449014172782
2009-01-10,0.1963702985923641
2009-01-11,0.17591505915565953
2009-01-12,0.16364191549363677
2009-01-13,0.15955086760629586
2009-01-14,0.15136877183161404
2009-01-15,0.1431866760569322
2009-01-16,0.13500458028225035
2009-01-17,0.1268224845075685
2009-01-18,0.11864038873288665
2009-01-19,0.11045829295820482
2009-01-20,0.10227619718352299
2009-01-21,0.10636724507086391
2009-01-22,0.10636724507086391
2009-01-23,0.10636724507086391
2009-01-24,0.11454934084554574
2009-01-25,0.11454934084554574
2009-01-26,0.11454934084554574
2009-01-27,0.11454934084554574
2009-01-28,0.11864038873288665
2009-01-29,0.13500458028225035
2009-01-30,0.1268224845075685
2009-01-31,0.11864038873288665
2009-02-01,0.11045829295820482
2009-02-02,0.10636724507086391
2009-02-03,0.10636724507086391
2009-02-04,0.10227619718352299
2009-02-05,0.09818514929618205
2009-02-06,0.09818514929618205
2009-02-07,0.09818514929618205
2009-02-08,0.09818514929618205
2009-02-09,0.10227619718352299
2009-02-10,0.10227619718352299
2009-02-11,0.09818514929618205
2009-02-12,0.10227619718352299
2009-02-13,0.09818514929618205
2009-02-14,0.09818514929618205
2009-02-15,0.10636724507086391
2009-02-16,0.10227619718352299
2009-02-17,0.10227619718352299
2009-02-18,0.10636724507086391
2009-02-19,0.11045829295820482
2009-02-20,0.10636724507086391
2009-02-21,0.11045829295820482
2009-02-22,0.10227619718352299
2009-02-23,0.09409410140884114
2009-02-24,0.09818514929618205
2009-02-25,0.09818514929618205
2009-02-26,0.11045829295820482
2009-02-27,0.11045829295820482
2009-02-28,0.11045829295820482
2009-03-01,0.11045829295820482
2009-03-02,0.11045829295820482
2009-03-03,0.10636724507086391
2009-03-04,0.10227619718352299
2009-03-05,0.09409410140884114
2009-03-06,0.09818514929618205
2009-03-07,0.09409410140884114
2009-03-08,0.09818514929618205
2009-03-09,0.09818514929618205
2009-03-10,0.09818514929618205
2009-03-11,0.09818514929618205
2009-03-12,0.10227619718352299
2009-03-13,0.10636724507086391
2009-03-14,0.11454934084554574
2009-03-15,0.11454934084554574
2009-03-16,0.11045829295820482
2009-03-17,0.10227619718352299
2009-03-18,0.10227619718352299
2009-03-19,0.09818514929618205
2009-03-20,0.09818514929618205
2009-03-21,0.11045829295820482
2009-03-22,0.11864038873288665
2009-03-23,0.10227619718352299
2009-03-24,0.11454934084554574
2009-03-25,0.11864038873288665
2009-03-26,0.12273143662022758
2009-03-27,0.11864038873288665
2009-03-28,0.11454934084554574
2009-03-29,0.11864038873288665
2009-03-30,0.11864038873288665
2009-03-31,0.13091353239490944
2009-04-01,0.13091353239490944
2009-04-02,0.1268224845075685
2009-04-03,0.1268224845075685
2009-04-04,0.12273143662022758
2009-04-05,0.1268224845075685
2009-04-06,0.13091353239490944
2009-04-07,0.13091353239490944
2009-04-08,0.13091353239490944
2009-04-09,0.13500458028225035
2009-04-10,0.1268224845075685
2009-04-11,0.13500458028225035
2009-04-12,0.13909562816959126
2009-04-13,0.14727772394427313
2009-04-14,0.13909562816959126
2009-04-15,0.1431866760569322
2009-04-16,0.15136877183161404
2009-04-17,0.13909562816959126
2009-04-18,0.1431866760569322
2009-04-19,0.15955086760629586
2009-04-20,0.15955086760629586
2009-04-21,0.20455239436704598
2009-04-22,0.32728383098727354
2009-04-23,0.4909257464809103
2009-04-24,0.45001526760750116
2009-04-25,0.40910478873409195
2009-04-26,0.36819430986068274
2009-04-27,0.32728383098727354
2009-04-28,0.2863733521138644
2009-04-29,0.32728383098727354
2009-04-30,0.30682859155056896
2009-05-01,0.2863733521138644
2009-05-02,0.24546287324045515
2009-05-03,0.25773601690247794
2009-05-04,0.2618270647898189
2009-05-05,0.25773601690247794
2009-05-06,0.253644969015137
2009-05-07,0.253644969015137
2009-05-08,0.24546287324045515
2009-05-09,0.24546287324045515
2009-05-10,0.253644969015137
2009-05-11,0.2618270647898189
2009-05-12,0.2700091605645007
2009-05-13,0.2781912563391825
2009-05-14,0.2863733521138644
2009-05-15,0.3150106873252508
2009-05-16,0.40910478873409195
2009-05-17,0.4909257464809103
2009-05-18,0.8182095774681839
2009-05-19,1.1454934084554576
2009-05-20,4.091047887340919
2009-05-21,11.045829295820482
2009-05-22,9.409410140884114
2009-05-23,11.454934084554575
2009-05-24,12.968621802870713
2009-05-25,13.173174197237762
2009-05-26,11.16856073244071
2009-05-27,8.059364338061611
2009-05-28,10.882187380326846
2009-05-29,14.768682873300719
2009-05-30,17.386953521198908
2009-05-31,15.586892450768902
2009-06-01,11.864038873288667
2009-06-02,7.322975718340246
2009-06-03,4.950167943682513
2009-06-04,5.563825126783651
2009-06-05,7.854811943694565
2009-06-06,9.000305352150024
2009-06-07,4.909257464809103
2009-06-08,3.681943098606828
2009-06-09,3.7637640563536463
2009-06-10,3.722853577480237
2009-06-11,3.3546592676195544
2009-06-12,3.1910173521259173
2009-06-13,3.6001221408600093
2009-06-14,8.263916732428656
2009-06-15,11.454934084554575
2009-06-16,8.918484394403205
2009-06-17,10.06397780285866
2009-06-18,12.68224845075685
2009-06-19,9.900335887365026
2009-06-20,9.941246366238435
2009-06-21,11.373113126807755
2009-06-22,9.286678704263887
2009-06-23,6.5047661408720625
2009-06-24,6.218392788758198
2009-06-25,6.709318535239109
2009-06-26,6.218392788758198
2009-06-27,5.154720338049559
2009-06-28,4.172868845087738
2009-06-29,3.886495492973874
2009-06-30,3.681943098606828
2009-07-01,3.641032619733419
2009-07-02,3.4364802253663727
2009-07-03,3.3955697464929635
2009-07-04,3.477390704239782
2009-07-05,3.1501068732525086
2009-07-06,2.9864649577588716
2009-07-07,2.5773601690247796
2009-07-08,2.250076338037506
2009-07-09,2.00461346479705
2009-07-10,1.7591505915565955
2009-07-11,1.5545981971895495
2009-07-12,1.472777239442731
2009-07-13,1.472777239442731
2009-07-14,1.472777239442731
2009-07-15,1.3091353239490942
2009-07-16,1.1864038873288667
2009-07-17,1.063672450708639
2009-07-18,0.9818514929618206
2009-07-19,1.0227619718352297
2009-07-20,1.1864038873288667
2009-07-21,1.1045829295820482
2009-07-22,0.9818514929618206
2009-07-23,0.9409410140884116
2009-07-24,0.9000305352150023
2009-07-25,0.8591200563415932
2009-07-26,0.8182095774681839
2009-07-27,0.8182095774681839
2009-07-28,1.1454934084554576
2009-07-29,1.063672450708639
2009-07-30,0.9409410140884116
2009-07-31,0.8591200563415932
2009-08-01,0.8182095774681839
2009-08-02,0.7772990985947748
2009-08-03,0.7363886197213655
2009-08-04,0.6954781408479563
2009-08-05,0.6545676619745471
2009-08-06,0.6136571831011379
2009-08-07,0.6136571831011379
2009-08-08,0.6954781408479563
2009-08-09,0.6545676619745471
2009-08-10,0.6136571831011379
2009-08-11,0.5727467042277288
2009-08-12,0.5318362253543195
2009-08-13,0.5318362253543195
2009-08-14,0.4909257464809103
2009-08-15,0.7772990985947748
2009-08-16,0.9000305352150023
2009-08-17,0.8591200563415932
2009-08-18,0.7772990985947748
2009-08-19,0.8182095774681839
2009-08-20,0.7772990985947748
2009-08-21,0.6954781408479563
2009-08-22,0.6545676619745471
2009-08-23,0.6136571831011379
2009-08-24,0.6545676619745471
2009-08-25,0.6545676619745471
2009-08-26,0.6136571831011379
2009-08-27,0.5727467042277288
2009-08-28,0.5727467042277288
2009-08-29,0.5318362253543195
2009-08-30,0.5318362253543195
2009-08-31,0.4909257464809103
2009-09-01,0.4909257464809103
2009-09-02,0.4909257464809103
2009-09-03,0.4909257464809103
2009-09-04,0.45001526760750116
2009-09-05,0.45001526760750116
2009-09-06,0.45001526760750116
2009-09-07,0.40910478873409195
2009-09-08,0.40092269295941024
2009-09-09,0.38455850141004644
2009-09-10,0.3722853577480236
2009-09-11,0.3600122140860009
2009-09-12,0.3600122140860009
2009-09-13,0.3722853577480236
2009-09-14,0.36410326197334186
2009-09-15,0.34773907042397817
2009-09-16,0.36819430986068274
2009-09-17,0.3395569746492963
2009-09-18,0.3313748788746144
2009-09-19,0.32728383098727354
2009-09-20,0.3436480225366373
2009-09-21,0.35183011831131905
2009-09-22,0.33546592676195536
2009-09-23,0.3313748788746144
2009-09-24,0.3191017352125917
2009-09-25,0.31091963943790984
2009-09-26,0.3027375436632281
2009-09-27,0.29455544788854626
2009-09-28,0.29046440000120527
2009-09-29,0.2863733521138644
2009-09-30,0.29455544788854626
2009-10-01,0.31091963943790984
2009-10-02,0.3150106873252508
2009-10-03,0.3027375436632281
2009-10-04,0.30682859155056896
2009-10-05,0.2986464957758871
2009-10-06,0.29455544788854626
2009-10-07,0.2986464957758871
2009-10-08,0.30682859155056896
2009-10-09,0.31091963943790984
2009-10-10,0.3150106873252508
2009-10-11,0.3191017352125917
2009-10-12,0.3231927830999327
2009-10-13,0.32728383098727354
2009-10-14,0.3231927830999327
2009-10-15,0.32728383098727354
2009-10-16,0.31091963943790984
2009-10-17,0.3027375436632281
2009-10-18,0.29455544788854626
2009-10-19,0.3027375436632281
2009-10-20,0.3027375436632281
2009-10-21,0.2863733521138644
2009-10-22,0.2781912563391825
2009-10-23,0.2618270647898189
2009-10-24,0.253644969015137
2009-10-25,0.24546287324045515
2009-10-26,0.2618270647898189
2009-10-27,0.26591811267715976
2009-10-28,0.2618270647898189
2009-10-29,0.2700091605645007
2009-10-30,0.2618270647898189
2009-10-31,0.2618270647898189
2009-11-01,0.2700091605645007
2009-11-02,0.29046440000120527
2009-11-03,0.29046440000120527
2009-11-04,0.2618270647898189
2009-11-05,0.24137182535311424
2009-11-06,0.2290986816910915
2009-11-07,0.2168255380290687
2009-11-08,0.20455239436704598
2009-11-09,0.20046134647970512
2009-11-10,0.21273449014172782
2009-11-11,0.20864344225438688
2009-11-12,0.20455239436704598
2009-11-13,0.22091658591640964
2009-11-14,0.24546287324045515
2009-11-15,0.2618270647898189
2009-11-16,0.25773601690247794
2009-11-17,0.27410020845184163
2009-11-18,0.26591811267715976
2009-11-19,0.2618270647898189
2009-11-20,0.253644969015137
2009-11-21,0.2618270647898189
2009-11-22,0.2495539211277961
2009-11-23,0.253644969015137
2009-11-24,0.253644969015137
2009-11-25,0.2618270647898189
2009-11-26,0.25773601690247794
2009-11-27,0.24137182535311424
2009-11-28,0.2372807774657733
2009-11-29,0.2290986816910915
2009-11-30,0.22091658591640964
2009-12-01,0.2168255380290687
2009-12-02,0.20455239436704598
2009-12-03,0.18818820281768228
2009-12-04,0.17591505915565953
2009-12-05,0.17182401126831864
2009-12-06,0.16773296338097768
2009-12-07,0.13500458028225035
2009-12-08,0.1431866760569322
2009-12-09,0.13500458028225035
2009-12-10,0.13091353239490944
2009-12-11,0.13091353239490944
2009-12-12,0.13500458028225035
2009-12-13,0.1268224845075685
2009-12-14,0.12273143662022758
2009-12-15,0.12273143662022758
2009-12-16,0.12273143662022758
2009-12-17,0.12273143662022758
2009-12-18,0.12273143662022758
2009-12-19,0.12273143662022758
2009-12-20,0.12273143662022758
2009-12-21,0.11864038873288665
2009-12-22,0.11454934084554574
2009-12-23,0.11454934084554574
2009-12-24,0.11045829295820482
2009-12-25,0.10227619718352299
2009-12-26,0.10227619718352299
2009-12-27,0.09818514929618205
2009-12-28,0.09818514929618205
2009-12-29,0.09818514929618205
2009-12-30,0.10227619718352299
2009-12-31,0.11045829295820482
2010-01-01,0.11454934084554574
2010-01-02,0.11864038873288665
2010-01-03,0.11864038873288665
2010-01-04,0.12273143662022758
2010-01-05,0.11864038873288665
2010-01-06,0.11864038873288665
2010-01-07,0.11864038873288665
2010-01-08,0.11454934084554574
2010-01-09,0.11045829295820482
2010-01-10,0.10636724507086391
2010-01-11,0.10227619718352299
2010-01-12,0.09818514929618205
2010-01-13,0.09818514929618205
2010-01-14,0.09409410140884114
2010-01-15,0.09409410140884114
2010-01-16,0.09409410140884114
2010-01-17,0.09409410140884114
2010-01-18,0.09000305352150023
2010-01-19,0.08591200563415932
2010-01-20,0.08591200563415932
2010-01-21,0.08182095774681838
2010-01-22,0.07772990985947746
2010-01-23,0.08182095774681838
2010-01-24,0.08591200563415932
2010-01-25,0.09000305352150023
2010-01-26,0.09000305352150023
2010-01-27,0.09000305352150023
2010-01-28,0.08591200563415932
2010-01-29,0.08182095774681838
2010-01-30,0.08182095774681838
2010-01-31,0.08182095774681838
2010-02-01,0.08182095774681838
2010-02-02,0.08182095774681838
2010-02-03,0.07772990985947746
2010-02-04,0.07772990985947746
2010-02-05,0.07772990985947746
2010-02-06,0.07772990985947746
2010-02-07,0.07772990985947746
2010-02-08,0.07363886197213657
2010-02-09,0.07363886197213657
2010-02-10,0.07772990985947746
2010-02-11,0.07772990985947746
2010-02-12,0.07772990985947746
2010-02-13,0.08182095774681838
2010-02-14,0.08591200563415932
2010-02-15,0.08591200563415932
2010-02-16,0.09000305352150023
2010-02-17,0.09409410140884114
2010-02-18,0.09409410140884114
2010-02-19,0.09000305352150023
2010-02-20,0.09818514929618205
2010-02-21,0.09409410140884114
2010-02-22,0.08182095774681838
2010-02-23,0.07772990985947746
2010-02-24,0.07772990985947746
2010-02-25,0.07772990985947746
2010-02-26,0.07772990985947746
2010-02-27,0.07772990985947746
2010-02-28,0.07772990985947746
2010-03-01,0.07363886197213657
2010-03-02,0.07363886197213657
2010-03-03,0.06954781408479563
2010-03-04,0.06954781408479563
2010-03-05,0.06954781408479563
2010-03-06,0.07363886197213657
2010-03-07,0.07363886197213657
2010-03-08,0.07363886197213657
2010-03-09,0.06954781408479563
2010-03-10,0.07363886197213657
2010-03-11,0.07363886197213657
2010-03-12,0.06954781408479563
2010-03-13,0.06954781408479563
2010-03-14,0.06954781408479563
2010-03-15,0.06954781408479563
2010-03-16,0.06954781408479563
2010-03-17,0.06954781408479563
2010-03-18,0.06954781408479563
2010-03-19,0.07772990985947746
2010-03-20,0.07772990985947746
2010-03-21,0.07772990985947746
2010-03-22,0.07772990985947746
2010-03-23,0.07772990985947746
2010-03-24,0.07772990985947746
2010-03-25,0.07363886197213657
2010-03-26,0.07772990985947746
2010-03-27,0.08182095774681838
2010-03-28,0.08182095774681838
2010-03-29,0.08182095774681838
2010-03-30,0.07772990985947746
2010-03-31,0.07772990985947746
2010-04-01,0.08182095774681838
2010-04-02,0.08182095774681838
2010-04-03,0.08591200563415932
2010-04-04,0.08591200563415932
2010-04-05,0.08591200563415932
2010-04-06,0.08182095774681838
2010-04-07,0.08182095774681838
2010-04-08,0.08591200563415932
2010-04-09,0.08591200563415932
2010-04-10,0.08182095774681838
2010-04-11,0.08182095774681838
2010-04-12,0.09000305352150023
2010-04-13,0.09409410140884114
2010-04-14,0.09818514929618205
2010-04-15,0.09818514929618205
2010-04-16,0.11454934084554574
2010-04-17,0.13091353239490944
2010-04-18,0.16364191549363677
2010-04-19,0.21273449014172782
2010-04-20,0.36819430986068274
2010-04-21,0.8182095774681839
2010-04-22,0.6954781408479563
2010-04-23,0.4909257464809103
2010-04-24,0.33546592676195536
2010-04-25,0.24546287324045515
2010-04-26,0.253644969015137
2010-04-27,0.24546287324045515
2010-04-28,0.2372807774657733
2010-04-29,0.2863733521138644
2010-04-30,0.2781912563391825
2010-05-01,0.2618270647898189
2010-05-02,0.2372807774657733
2010-05-03,0.2372807774657733
2010-05-04,0.2168255380290687
2010-05-05,0.2495539211277961
2010-05-06,0.2781912563391825
2010-05-07,0.29046440000120527
2010-05-08,0.29046440000120527
2010-05-09,0.27410020845184163
2010-05-10,0.2618270647898189
2010-05-11,0.24546287324045515
2010-05-12,0.2372807774657733
2010-05-13,0.2290986816910915
2010-05-14,0.253644969015137
2010-05-15,0.29455544788854626
2010-05-16,0.32728383098727354
2010-05-17,0.36819430986068274
2010-05-18,0.45001526760750116
2010-05-19,0.6954781408479563
2010-05-20,0.9000305352150023
2010-05-21,1.6364191549363678
2010-05-22,1.9227925070502323
2010-05-23,2.6182706478981883
2010-05-24,2.3728077746577334
2010-05-25,1.6773296338097772
2010-05-26,1.3091353239490942
2010-05-27,1.472777239442731
2010-05-28,2.8637335211386437
2010-05-29,6.13657183101138
2010-05-30,4.909257464809103
2010-05-31,4.091047887340919
2010-06-01,5.441093690163423
2010-06-02,5.768377521150697
2010-06-03,11.16856073244071
2010-06-04,17.182401126831863
2010-06-05,19.92340321135028
2010-06-06,11.618576000048213
2010-06-07,22.255300507134603
2010-06-08,18.614267887401184
2010-06-09,13.459547549351624
2010-06-10,24.587197802918926
2010-06-11,17.918789746553227
2010-06-12,7.691170028200929
2010-06-13,4.704705070442057
2010-06-14,4.377421239454784
2010-06-15,8.223006253555248
2010-06-16,16.24146011274345
2010-06-17,14.727772394427312
2010-06-18,5.686556563403878
2010-06-19,7.322975718340246
2010-06-20,12.354964619769577
2010-06-21,12.804979887377078
2010-06-22,10.268530197225708
2010-06-23,8.223006253555248
2010-06-24,8.591200563415931
2010-06-25,9.409410140884114
2010-06-26,9.082126309896841
2010-06-27,6.954781408479564
2010-06-28,6.341124225378425
2010-06-29,5.686556563403878
2010-06-30,5.727467042277287
2010-07-01,5.195630816922968
2010-07-02,4.500152676075012
2010-07-03,3.641032619733419
2010-07-04,3.0273754366322807
2010-07-05,2.413718253531142
2010-07-06,2.290986816910915
2010-07-07,1.9227925070502323
2010-07-08,1.6364191549363678
2010-07-09,1.472777239442731
2010-07-10,1.472777239442731
2010-07-11,1.472777239442731
2010-07-12,1.4318667605693218
2010-07-13,1.3091353239490942
2010-07-14,1.1864038873288667
2010-07-15,1.063672450708639
2010-07-16,0.9818514929618206
2010-07-17,0.9000305352150023
2010-07-18,0.9409410140884116
2010-07-19,0.8591200563415932
2010-07-20,0.8182095774681839
2010-07-21,0.7772990985947748
2010-07-22,0.7772990985947748
2010-07-23,0.6954781408479563
2010-07-24,0.6545676619745471
2010-07-25,0.6136571831011379
2010-07-26,0.5727467042277288
2010-07-27,0.6136571831011379
2010-07-28,0.5727467042277288
2010-07-29,0.6136571831011379
2010-07-30,0.5318362253543195
2010-07-31,0.4909257464809103
2010-08-01,0.4909257464809103
2010-08-02,0.4909257464809103
2010-08-03,0.4909257464809103
2010-08-04,0.4909257464809103
2010-08-05,0.45001526760750116
2010-08-06,0.40910478873409195
2010-08-07,0.3927405971847282
2010-08-08,0.3722853577480236
2010-08-09,0.35592116619866
2010-08-10,0.33546592676195536
2010-08-11,0.3191017352125917
2010-08-12,0.30682859155056896
2010-08-13,0.3027375436632281
2010-08-14,0.3231927830999327
2010-08-15,0.3150106873252508
2010-08-16,0.2863733521138644
2010-08-17,0.27410020845184163
2010-08-18,0.25773601690247794
2010-08-19,0.24137182535311424
2010-08-20,0.23318972957843243
2010-08-21,0.22500763380375058
2010-08-22,0.21273449014172782
2010-08-23,0.2781912563391825
2010-08-24,0.24137182535311424
2010-08-25,0.23318972957843243
2010-08-26,0.23318972957843243
2010-08-27,0.2290986816910915
2010-08-28,0.3150106873252508
2010-08-29,0.29455544788854626
2010-08-30,0.2781912563391825
2010-08-31,0.2986464957758871
2010-09-01,0.27410020845184163
2010-09-02,0.27410020845184163
2010-09-03,0.253644969015137
2010-09-04,0.24546287324045515
2010-09-05,0.23318972957843243
2010-09-06,0.23318972957843243
2010-09-07,0.22500763380375058
2010-09-08,0.2168255380290687
2010-09-09,0.21273449014172782
2010-09-10,0.2495539211277961
2010-09-11,0.25773601690247794
2010-09-12,0.24546287324045515
2010-09-13,0.2290986816910915
2010-09-14,0.2168255380290687
2010-09-15,0.22091658591640964
2010-09-16,0.21273449014172782
2010-09-17,0.20455239436704598
2010-09-18,0.20046134647970512
2010-09-19,0.19227925070502322
2010-09-20,0.18000610704300046
2010-09-21,0.18000610704300046
2010-09-22,0.18000610704300046
2010-09-23,0.20046134647970512
2010-09-24,0.18818820281768228
2010-09-25,0.18409715493034137
2010-09-26,0.18000610704300046
2010-09-27,0.17591505915565953
2010-09-28,0.17182401126831864
2010-09-29,0.16773296338097768
2010-09-30,0.16773296338097768
2010-10-01,0.16773296338097768
2010-10-02,0.16364191549363677
2010-10-03,0.15955086760629586
2010-10-04,0.15955086760629586
2010-10-05,0.15545981971895492
2010-10-06,0.15545981971895492
2010-10-07,0.15955086760629586
2010-10-08,0.1963702985923641
2010-10-09,0.22500763380375058
2010-10-10,0.26591811267715976
2010-10-11,0.2618270647898189
2010-10-12,0.26591811267715976
2010-10-13,0.2372807774657733
2010-10-14,0.22500763380375058
2010-10-15,0.2168255380290687
2010-10-16,0.21273449014172782
2010-10-17,0.20864344225438688
2010-10-18,0.20864344225438688
2010-10-19,0.20046134647970512
2010-10-20,0.1963702985923641
2010-10-21,0.19227925070502322
2010-10-22,0.18818820281768228
2010-10-23,0.18818820281768228
2010-10-24,0.18409715493034137
2010-10-25,0.18409715493034137
2010-10-26,0.18409715493034137
2010-10-27,0.18000610704300046
2010-10-28,0.17182401126831864
2010-10-29,0.1963702985923641
2010-10-30,0.2168255380290687
2010-10-31,0.21273449014172782
2010-11-01,0.20455239436704598
2010-11-02,0.20455239436704598
2010-11-03,0.1963702985923641
2010-11-04,0.18409715493034137
2010-11-05,0.18818820281768228
2010-11-06,0.18818820281768228
2010-11-07,0.18409715493034137
2010-11-08,0.18000610704300046
2010-11-09,0.18409715493034137
2010-11-10,0.17182401126831864
2010-11-11,0.16773296338097768
2010-11-12,0.16364191549363677
2010-11-13,0.17182401126831864
2010-11-14,0.16773296338097768
2010-11-15,0.17182401126831864
2010-11-16,0.17591505915565953
2010-11-17,0.18000610704300046
2010-11-18,0.18000610704300046
2010-11-19,0.18000610704300046
2010-11-20,0.18409715493034137
2010-11-21,0.17182401126831864
2010-11-22,0.17182401126831864
2010-11-23,0.17591505915565953
2010-11-24,0.17591505915565953
2010-11-25,0.16773296338097768
2010-11-26,0.16773296338097768
2010-11-27,0.15955086760629586
2010-11-28,0.15545981971895492
2010-11-29,0.15545981971895492
2010-11-30,0.15545981971895492
2010-12-01,0.15136877183161404
2010-12-02,0.15136877183161404
2010-12-03,0.15136877183161404
2010-12-04,0.15136877183161404
2010-12-05,0.1431866760569322
2010-12-06,0.13909562816959126
2010-12-07,0.13909562816959126
2010-12-08,0.13091353239490944
2010-12-09,0.13500458028225035
2010-12-10,0.13091353239490944
2010-12-11,0.13500458028225035
2010-12-12,0.13909562816959126
2010-12-13,0.1431866760569322
2010-12-14,0.13500458028225035
2010-12-15,0.13500458028225035
2010-12-16,0.13909562816959126
2010-12-17,0.13091353239490944
2010-12-18,0.1268224845075685
2010-12-19,0.12273143662022758
2010-12-20,0.12273143662022758
2010-12-21,0.12273143662022758
2010-12-22,0.11864038873288665
2010-12-23,0.11864038873288665
2010-12-24,0.11864038873288665
2010-12-25,0.10636724507086391
2010-12-26,0.10636724507086391
2010-12-27,0.10636724507086391
2010-12-28,0.10227619718352299
2010-12-29,0.10227619718352299
2010-12-30,0.09818514929618205
2010-12-31,0.09000305352150023
2011-01-01,0.09000305352150023
2011-01-02,0.09409410140884114
2011-01-03,0.09409410140884114
2011-01-04,0.09000305352150023
2011-01-05,0.08591200563415932
2011-01-06,0.08591200563415932
2011-01-07,0.08591200563415932
2011-01-08,0.08591200563415932
2011-01-09,0.08591200563415932
2011-01-10,0.08591200563415932
2011-01-11,0.07772990985947746
2011-01-12,0.07772990985947746
2011-01-13,0.08182095774681838
2011-01-14,0.07772990985947746
2011-01-15,0.07772990985947746
2011-01-16,0.07772990985947746
2011-01-17,0.07772990985947746
2011-01-18,0.08182095774681838
2011-01-19,0.08182095774681838
2011-01-20,0.09409410140884114
2011-01-21,0.09409410140884114
2011-01-22,0.09409410140884114
2011-01-23,0.09000305352150023
2011-01-24,0.09409410140884114
2011-01-25,0.09409410140884114
2011-01-26,0.09818514929618205
2011-01-27,0.09818514929618205
2011-01-28,0.09409410140884114
2011-01-29,0.09409410140884114
2011-01-30,0.09000305352150023
2011-01-31,0.08591200563415932
2011-02-01,0.09000305352150023
2011-02-02,0.09000305352150023
2011-02-03,0.09000305352150023
2011-02-04,0.09409410140884114
2011-02-05,0.09409410140884114
2011-02-06,0.09409410140884114
2011-02-07,0.09818514929618205
2011-02-08,0.09818514929618205
2011-02-09,0.09409410140884114
2011-02-10,0.09000305352150023
2011-02-11,0.09000305352150023
2011-02-12,0.09000305352150023
2011-02-13,0.09000305352150023
2011-02-14,0.09000305352150023
2011-02-15,0.08591200563415932
2011-02-16,0.08591200563415932
2011-02-17,0.08591200563415932
2011-02-18,0.08591200563415932
2011-02-19,0.08591200563415932
2011-02-20,0.09000305352150023
2011-02-21,0.09409410140884114
2011-02-22,0.09818514929618205
2011-02-23,0.09409410140884114
2011-02-24,0.09409410140884114
2011-02-25,0.09409410140884114
2011-02-26,0.09000305352150023
2011-02-27,0.07772990985947746
2011-02-28,0.08591200563415932
2011-03-01,0.09000305352150023
2011-03-02,0.09000305352150023
2011-03-03,0.09000305352150023
2011-03-04,0.08591200563415932
2011-03-05,0.08591200563415932
2011-03-06,0.08591200563415932
2011-03-07,0.09000305352150023
2011-03-08,0.09000305352150023
2011-03-09,0.09000305352150023
2011-03-10,0.09000305352150023
2011-03-11,0.09000305352150023
2011-03-12,0.09000305352150023
2011-03-13,0.09000305352150023
2011-03-14,0.09000305352150023
2011-03-15,0.09000305352150023
2011-03-16,0.08591200563415932
2011-03-17,0.09000305352150023
2011-03-18,0.09409410140884114
2011-03-19,0.08591200563415932
2011-03-20,0.08182095774681838
2011-03-21,0.09409410140884114
2011-03-22,0.09818514929618205
2011-03-23,0.09818514929618205
2011-03-24,0.09818514929618205
2011-03-25,0.09409410140884114
2011-03-26,0.09818514929618205
2011-03-27,0.10227619718352299
2011-03-28,0.10227619718352299
2011-03-29,0.10636724507086391
2011-03-30,0.10636724507086391
2011-03-31,0.11454934084554574
2011-04-01,0.11864038873288665
2011-04-02,0.11864038873288665
2011-04-03,0.11045829295820482
2011-04-04,0.12273143662022758
2011-04-05,0.12273143662022758
2011-04-06,0.12273143662022758
2011-04-07,0.12273143662022758
2011-04-08,0.12273143662022758
2011-04-09,0.12273143662022758
2011-04-10,0.12273143662022758
2011-04-11,0.13091353239490944
2011-04-12,0.13500458028225035
2011-04-13,0.13500458028225035
2011-04-14,0.13500458028225035
2011-04-15,0.13091353239490944
2011-04-16,0.13500458028225035
2011-04-17,0.13091353239490944
2011-04-18,0.13091353239490944
2011-04-19,0.13909562816959126
2011-04-20,0.1431866760569322
2011-04-21,0.14727772394427313
2011-04-22,0.15136877183161404
2011-04-23,0.15545981971895492
2011-04-24,0.15955086760629586
2011-04-25,0.15545981971895492
2011-04-26,0.15136877183161404
2011-04-27,0.15136877183161404
2011-04-28,0.15545981971895492
2011-04-29,0.15136877183161404
2011-04-30,0.15136877183161404
2011-05-01,0.15955086760629586
2011-05-02,0.16364191549363677
2011-05-03,0.16364191549363677
2011-05-04,0.16364191549363677
2011-05-05,0.16364191549363677
2011-05-06,0.18000610704300046
2011-05-07,0.18818820281768228
2011-05-08,0.23318972957843243
2011-05-09,0.2618270647898189
2011-05-10,0.2863733521138644
2011-05-11,0.30682859155056896
2011-05-12,0.3191017352125917
2011-05-13,0.36819430986068274
2011-05-14,0.4909257464809103
2011-05-15,0.4909257464809103
2011-05-16,0.6136571831011379
2011-05-17,0.7772990985947748
2011-05-18,0.5318362253543195
2011-05-19,0.4909257464809103
2011-05-20,0.40910478873409195
2011-05-21,0.4909257464809103
2011-05-22,0.6545676619745471
2011-05-23,0.8591200563415932
2011-05-24,0.9818514929618206
2011-05-25,0.9818514929618206
2011-05-26,0.9818514929618206
2011-05-27,1.063672450708639
2011-05-28,0.8591200563415932
2011-05-29,0.7772990985947748
2011-05-30,0.7363886197213655
2011-05-31,0.8591200563415932
2011-06-01,2.4546287324045517
2011-06-02,3.8455850141004646
2011-06-03,5.11380985917615
2011-06-04,4.377421239454784
2011-06-05,4.336510760581374
2011-06-06,5.154720338049559
2011-06-07,7.936632901441384
2011-06-08,9.450320619757523
2011-06-09,8.959394873276613
2011-06-10,6.913870929606155
2011-06-11,5.60473560565706
2011-06-12,7.036602366226382
2011-06-13,10.14579876060548
2011-06-14,14.482309521186856
2011-06-15,14.236846647946402
2011-06-16,15.341429577528448
2011-06-17,11.782217915541848
2011-06-18,8.14118529580843
2011-06-19,8.918484394403205
2011-06-20,8.673021521162749
2011-06-21,11.618576000048213
2011-06-22,17.059669690211635
2011-06-23,24.4644663662987
2011-06-24,30.805590591677127
2011-06-25,27.205468450817115
2011-06-26,23.973540619817786
2011-06-27,16.28237059161686
2011-06-28,19.309746028249137
2011-06-29,35.26483278887873
2011-06-30,33.30112980295509
2011-07-01,19.51429842261619
2011-07-02,16.486922985983906
2011-07-03,16.118728676123222
2011-07-04,14.31866760569322
2011-07-05,11.823128394415258
2011-07-06,11.74130743666844
2011-07-07,10.677634985959799
2011-07-08,10.759455943706618
2011-07-09,8.836663436656385
2011-07-10,6.913870929606155
2011-07-11,6.382034704251835
2011-07-12,7.0775128450997915
2011-07-13,8.468469126795704
2011-07-14,6.013840394391152
2011-07-15,4.786526028188876
2011-07-16,3.968316450720692
2011-07-17,3.518301183113191
2011-07-18,3.6001221408600093
2011-07-19,3.3955697464929635
2011-07-20,3.109196394379099
2011-07-21,2.53644969015137
2011-07-22,2.127344901417278
2011-07-23,1.9227925070502323
2011-07-24,1.8000610704300046
2011-07-25,1.840971549303414
2011-07-26,1.7182401126831863
2011-07-27,1.5955086760629587
2011-07-28,1.5136877183161404
2011-07-29,1.3909562816959127
2011-07-30,1.268224845075685
2011-07-31,1.1864038873288667
2011-08-01,1.1864038873288667
2011-08-02,1.2273143662022759
2011-08-03,1.1454934084554576
2011-08-04,1.063672450708639
2011-08-05,1.0227619718352297
2011-08-06,0.9409410140884116
2011-08-07,0.9000305352150023
2011-08-08,0.8591200563415932
2011-08-09,0.9409410140884116
2011-08-10,0.8591200563415932
2011-08-11,0.8182095774681839
2011-08-12,0.7363886197213655
2011-08-13,0.6954781408479563
2011-08-14,0.6545676619745471
2011-08-15,0.6545676619745471
2011-08-16,0.6545676619745471
2011-08-17,0.6136571831011379
2011-08-18,0.5727467042277288
2011-08-19,0.5318362253543195
2011-08-20,0.5318362253543195
2011-08-21,0.4909257464809103
2011-08-22,0.4909257464809103
2011-08-23,0.45001526760750116
2011-08-24,0.45001526760750116
2011-08-25,0.45001526760750116
2011-08-26,0.45001526760750116
2011-08-27,0.45001526760750116
2011-08-28,0.40910478873409195
2011-08-29,0.45001526760750116
2011-08-30,0.40910478873409195
2011-08-31,0.40910478873409195
2011-09-01,0.3968316450720692
2011-09-02,0.38455850141004644
2011-09-03,0.3722853577480236
2011-09-04,0.36819430986068274
2011-09-05,0.3600122140860009
2011-09-06,0.34773907042397817
2011-09-07,0.3395569746492963
2011-09-08,0.3313748788746144
2011-09-09,0.3231927830999327
2011-09-10,0.3150106873252508
2011-09-11,0.30682859155056896
2011-09-12,0.2986464957758871
2011-09-13,0.2986464957758871
2011-09-14,0.3600122140860009
2011-09-15,0.3722853577480236
2011-09-16,0.3313748788746144
2011-09-17,0.35183011831131905
2011-09-18,0.3600122140860009
2011-09-19,0.3313748788746144
2011-09-20,0.3191017352125917
2011-09-21,0.3150106873252508
2011-09-22,0.30682859155056896
2011-09-23,0.2986464957758871
2011-09-24,0.29046440000120527
2011-09-25,0.2863733521138644
2011-09-26,0.2781912563391825
2011-09-27,0.27410020845184163
2011-09-28,0.2700091605645007
2011-09-29,0.26591811267715976
2011-09-30,0.2618270647898189
2011-10-01,0.25773601690247794
2011-10-02,0.253644969015137
2011-10-03,0.253644969015137
2011-10-04,0.2495539211277961
2011-10-05,0.24546287324045515
2011-10-06,0.2618270647898189
2011-10-07,0.45001526760750116
2011-10-08,0.3886495492973874
2011-10-09,0.36819430986068274
2011-10-10,0.3722853577480236
2011-10-11,0.36410326197334186
2011-10-12,0.3600122140860009
2011-10-13,0.3436480225366373
2011-10-14,0.3395569746492963
2011-10-15,0.34773907042397817
2011-10-16,0.3600122140860009
2011-10-17,0.36819430986068274
2011-10-18,0.37637640563536456
2011-10-19,0.3722853577480236
2011-10-20,0.36819430986068274
2011-10-21,0.36410326197334186
2011-10-22,0.36410326197334186
2011-10-23,0.35592116619866
2011-10-24,0.35183011831131905
2011-10-25,0.3436480225366373
2011-10-26,0.3191017352125917
2011-10-27,0.3027375436632281
2011-10-28,0.3191017352125917
2011-10-29,0.32728383098727354
2011-10-30,0.31091963943790984
2011-10-31,0.29455544788854626
2011-11-01,0.29455544788854626
2011-11-02,0.2863733521138644
2011-11-03,0.3191017352125917
2011-11-04,0.35183011831131905
2011-11-05,0.34773907042397817
2011-11-06,0.34773907042397817
2011-11-07,0.3395569746492963
2011-11-08,0.32728383098727354
2011-11-09,0.32728383098727354
2011-11-10,0.3436480225366373
2011-11-11,0.36819430986068274
2011-11-12,0.38455850141004644
2011-11-13,0.38455850141004644
2011-11-14,0.37637640563536456
2011-11-15,0.37637640563536456
2011-11-16,0.36410326197334186
2011-11-17,0.3600122140860009
2011-11-18,0.35592116619866
2011-11-19,0.36410326197334186
2011-11-20,0.33546592676195536
2011-11-21,0.3150106873252508
2011-11-22,0.30682859155056896
2011-11-23,0.29455544788854626
2011-11-24,0.29046440000120527
2011-11-25,0.2863733521138644
2011-11-26,0.28228230422652345
2011-11-27,0.27410020845184163
2011-11-28,0.2700091605645007
2011-11-29,0.2618270647898189
2011-11-30,0.25773601690247794
2011-12-01,0.25773601690247794
2011-12-02,0.2618270647898189
2011-12-03,0.25773601690247794
2011-12-04,0.25773601690247794
2011-12-05,0.2495539211277961
2011-12-06,0.2495539211277961
2011-12-07,0.2495539211277961
2011-12-08,0.2495539211277961
2011-12-09,0.24546287324045515
2011-12-10,0.23318972957843243
2011-12-11,0.23318972957843243
2011-12-12,0.2290986816910915
2011-12-13,0.22500763380375058
2011-12-14,0.22091658591640964
2011-12-15,0.22500763380375058
2011-12-16,0.22091658591640964
2011-12-17,0.2168255380290687
2011-12-18,0.21273449014172782
2011-12-19,0.21273449014172782
2011-12-20,0.20864344225438688
2011-12-21,0.20864344225438688
2011-12-22,0.20864344225438688
2011-12-23,0.20455239436704598
2011-12-24,0.20455239436704598
2011-12-25,0.20046134647970512
2011-12-26,0.20046134647970512
2011-12-27,0.1963702985923641
2011-12-28,0.1963702985923641
2011-12-29,0.1963702985923641
2011-12-30,0.20046134647970512
2011-12-31,0.20046134647970512
2012-01-01,0.20455239436704598
2012-01-02,0.1963702985923641
2012-01-03,0.19227925070502322
2012-01-04,0.18818820281768228
2012-01-05,0.18818820281768228
2012-01-06,0.18000610704300046
2012-01-07,0.18000610704300046
2012-01-08,0.17591505915565953
2012-01-09,0.17591505915565953
2012-01-10,0.18000610704300046
2012-01-11,0.18409715493034137
2012-01-12,0.18000610704300046
2012-01-13,0.18000610704300046
2012-01-14,0.18000610704300046
2012-01-15,0.18000610704300046
2012-01-16,0.17591505915565953
2012-01-17,0.17182401126831864
2012-01-18,0.16773296338097768
2012-01-19,0.17591505915565953
2012-01-20,0.18409715493034137
2012-01-21,0.18818820281768228
2012-01-22,0.18818820281768228
2012-01-23,0.18818820281768228
2012-01-24,0.18409715493034137
2012-01-25,0.18000610704300046
2012-01-26,0.17591505915565953
2012-01-27,0.17591505915565953
2012-01-28,0.17182401126831864
2012-01-29,0.16773296338097768
2012-01-30,0.16773296338097768
2012-01-31,0.16364191549363677
2012-02-01,0.16364191549363677
2012-02-02,0.15955086760629586
2012-02-03,0.15136877183161404
2012-02-04,0.15136877183161404
2012-02-05,0.14727772394427313
2012-02-06,0.1431866760569322
2012-02-07,0.1431866760569322
2012-02-08,0.1431866760569322
2012-02-09,0.13909562816959126
2012-02-10,0.13500458028225035
2012-02-11,0.13500458028225035
2012-02-12,0.13091353239490944
2012-02-13,0.1268224845075685
2012-02-14,0.12273143662022758
2012-02-15,0.11864038873288665
2012-02-16,0.11454934084554574
2012-02-17,0.11045829295820482
2012-02-18,0.11045829295820482
2012-02-19,0.10636724507086391
2012-02-20,0.11045829295820482
2012-02-21,0.10636724507086391
2012-02-22,0.11045829295820482
2012-02-23,0.11045829295820482
2012-02-24,0.11045829295820482
2012-02-25,0.11045829295820482
2012-02-26,0.11045829295820482
2012-02-27,0.10227619718352299
2012-02-28,0.10636724507086391
2012-02-29,0.10636724507086391
2012-03-01,0.10636724507086391
2012-03-02,0.10636724507086391
2012-03-03,0.11864038873288665
2012-03-04,0.13500458028225035
2012-03-05,0.13909562816959126
2012-03-06,0.13500458028225035
2012-03-07,0.1268224845075685
2012-03-08,0.12273143662022758
2012-03-09,0.13091353239490944
2012-03-10,0.13500458028225035
2012-03-11,0.13091353239490944
2012-03-12,0.12273143662022758
2012-03-13,0.11454934084554574
2012-03-14,0.13909562816959126
2012-03-15,0.13091353239490944
2012-03-16,0.13500458028225035
2012-03-17,0.13500458028225035
2012-03-18,0.11864038873288665
2012-03-19,0.11045829295820482
2012-03-20,0.11045829295820482
2012-03-21,0.11045829295820482
2012-03-22,0.11045829295820482
2012-03-23,0.12273143662022758
2012-03-24,0.14727772394427313
2012-03-25,0.15545981971895492
2012-03-26,0.1963702985923641
2012-03-27,0.16773296338097768
2012-03-28,0.14727772394427313
2012-03-29,0.14727772394427313
2012-03-30,0.14727772394427313
2012-03-31,0.17591505915565953
2012-04-01,0.29046440000120527
2012-04-02,0.36410326197334186
2012-04-03,0.3191017352125917
2012-04-04,0.2618270647898189
2012-04-05,0.2700091605645007
2012-04-06,0.2781912563391825
2012-04-07,0.29046440000120527
2012-04-08,0.29455544788854626
2012-04-09,0.27410020845184163
2012-04-10,0.2781912563391825
2012-04-11,0.32728383098727354
2012-04-12,0.4909257464809103
2012-04-13,0.8182095774681839
2012-04-14,0.5727467042277288
2012-04-15,0.45001526760750116
2012-04-16,0.45001526760750116
2012-04-17,0.40910478873409195
2012-04-18,0.3927405971847282
2012-04-19,0.36819430986068274
2012-04-20,0.35592116619866
2012-04-21,0.3600122140860009
2012-04-22,0.40910478873409195
2012-04-23,0.5727467042277288
2012-04-24,0.8182095774681839
2012-04-25,1.0227619718352297
2012-04-26,1.3091353239490942
2012-04-27,1.840971549303414
2012-04-28,1.7182401126831863
2012-04-29,1.5136877183161404
2012-04-30,1.3091353239490942
2012-05-01,1.3091353239490942
2012-05-02,1.1864038873288667
2012-05-03,1.063672450708639
2012-05-04,1.0227619718352297
2012-05-05,0.9818514929618206
2012-05-06,1.0227619718352297
2012-05-07,1.1454934084554576
2012-05-08,1.063672450708639
2012-05-09,1.1864038873288667
2012-05-10,1.7182401126831863
2012-05-11,2.00461346479705
2012-05-12,2.00461346479705
2012-05-13,1.9637029859236412
2012-05-14,2.741002084518416
2012-05-15,4.622884112695239
2012-05-16,6.872960450732745
2012-05-17,8.509379605669112
2012-05-18,8.14118529580843
2012-05-19,5.60473560565706
2012-05-20,4.295600281707966
2012-05-21,5.563825126783651
2012-05-22,9.327589183137297
2012-05-23,7.445707154960474
2012-05-24,4.622884112695239
2012-05-25,3.4364802253663727
2012-05-26,3.641032619733419
2012-05-27,5.482004169036832
2012-05-28,3.8046745352270555
2012-05-29,3.231927830999327
2012-05-30,3.2728383098727356
2012-05-31,3.1501068732525086
2012-06-01,5.768377521150697
2012-06-02,12.723158929630259
2012-06-03,22.58258433812188
2012-06-04,19.71885081698323
2012-06-05,20.4552394367046
2012-06-06,14.686861915553902
2012-06-07,7.732080507074339
2012-06-08,7.609349070454111
2012-06-09,8.14118529580843
2012-06-10,6.832049971859336
2012-06-11,4.827436507062284
2012-06-12,4.622884112695239
2012-06-13,5.850198478897515
2012-06-14,6.872960450732745
2012-06-15,6.341124225378425
2012-06-16,6.218392788758198
2012-06-17,6.09566135213797
2012-06-18,6.832049971859336
2012-06-19,5.563825126783651
2012-06-20,4.336510760581374
2012-06-21,3.477390704239782
2012-06-22,3.5592116619866006
2012-06-23,4.05013740846751
2012-06-24,4.091047887340919
2012-06-25,3.8046745352270555
2012-06-26,3.681943098606828
2012-06-27,3.313748788746145
2012-06-28,2.659181126771598
2012-06-29,2.290986816910915
2012-06-30,2.086434422543869
2012-07-01,1.9227925070502323
2012-07-02,1.8818820281768232
2012-07-03,2.290986816910915
2012-07-04,1.8000610704300046
2012-07-05,1.6364191549363678
2012-07-06,1.5955086760629587
2012-07-07,1.4318667605693218
2012-07-08,1.3091353239490942
2012-07-09,1.1864038873288667
2012-07-10,1.1045829295820482
2012-07-11,1.0227619718352297
2012-07-12,0.9409410140884116
2012-07-13,0.9000305352150023
2012-07-14,0.8591200563415932
2012-07-15,1.063672450708639
2012-07-16,0.9000305352150023
2012-07-17,0.9000305352150023
2012-07-18,0.8182095774681839
2012-07-19,0.7363886197213655
2012-07-20,0.6954781408479563
2012-07-21,0.6545676619745471
2012-07-22,0.6136571831011379
2012-07-23,0.6136571831011379
2012-07-24,0.5727467042277288
2012-07-25,0.5318362253543195
2012-07-26,0.5318362253543195
2012-07-27,0.4909257464809103
2012-07-28,0.4909257464809103
2012-07-29,0.45001526760750116
2012-07-30,0.45001526760750116
2012-07-31,0.40910478873409195
2012-08-01,0.3804674535227055
2012-08-02,0.3600122140860009
2012-08-03,0.3395569746492963
2012-08-04,0.33546592676195536
2012-08-05,0.3150106873252508
2012-08-06,0.2986464957758871
2012-08-07,0.29046440000120527
2012-08-08,0.2781912563391825
2012-08-09,0.27410020845184163
2012-08-10,0.2700091605645007
2012-08-11,0.40910478873409195
2012-08-12,0.3436480225366373
2012-08-13,0.30682859155056896
2012-08-14,0.2863733521138644
2012-08-15,0.2700091605645007
2012-08-16,0.26591811267715976
2012-08-17,0.253644969015137
2012-08-18,0.24546287324045515
2012-08-19,0.23318972957843243
2012-08-20,0.2290986816910915
2012-08-21,0.22091658591640964
2012-08-22,0.20864344225438688
2012-08-23,0.20455239436704598
2012-08-24,0.1963702985923641
2012-08-25,0.18818820281768228
2012-08-26,0.18000610704300046
2012-08-27,0.17591505915565953
2012-08-28,0.17182401126831864
2012-08-29,0.16364191549363677
2012-08-30,0.15955086760629586
2012-08-31,0.15955086760629586
2012-09-01,0.15955086760629586
2012-09-02,0.15545981971895492
2012-09-03,0.15136877183161404
2012-09-04,0.1431866760569322
2012-09-05,0.13909562816959126
2012-09-06,0.13500458028225035
2012-09-07,0.15136877183161404
2012-09-08,0.1431866760569322
2012-09-09,0.13909562816959126
2012-09-10,0.13500458028225035
2012-09-11,0.13500458028225035
2012-09-12,0.13091353239490944
2012-09-13,0.13091353239490944
2012-09-14,0.13091353239490944
2012-09-15,0.1268224845075685
2012-09-16,0.1268224845075685
2012-09-17,0.13500458028225035
2012-09-18,0.13091353239490944
2012-09-19,0.1268224845075685
2012-09-20,0.12273143662022758
2012-09-21,0.12273143662022758
2012-09-22,0.12273143662022758
2012-09-23,0.11864038873288665
2012-09-24,0.11864038873288665
2012-09-25,0.1268224845075685
2012-09-26,0.13500458028225035
2012-09-27,0.1431866760569322
2012-09-28,0.13500458028225035
2012-09-29,0.1268224845075685
2012-09-30,0.1268224845075685
2012-10-01,0.12273143662022758
2012-10-02,0.11864038873288665
2012-10-03,0.11864038873288665
2012-10-04,0.11864038873288665
2012-10-05,0.13500458028225035
2012-10-06,0.12273143662022758
2012-10-07,0.13500458028225035
2012-10-08,0.13091353239490944
2012-10-09,0.13909562816959126
2012-10-10,0.13500458028225035
2012-10-11,0.15136877183161404
2012-10-12,0.1431866760569322
2012-10-13,0.13909562816959126
2012-10-14,0.13091353239490944
2012-10-15,0.1268224845075685
2012-10-16,0.12273143662022758
2012-10-17,0.11454934084554574
2012-10-18,0.11454934084554574
2012-10-19,0.12273143662022758
2012-10-20,0.13091353239490944
2012-10-21,0.1268224845075685
2012-10-22,0.13091353239490944
2012-10-23,0.13500458028225035
2012-10-24,0.13909562816959126
2012-10-25,0.14727772394427313
2012-10-26,0.15545981971895492
2012-10-27,0.15136877183161404
2012-10-28,0.15136877183161404
2012-10-29,0.15545981971895492
2012-10-30,0.15136877183161404
2012-10-31,0.1431866760569322
2012-11-01,0.1431866760569322
2012-11-02,0.13091353239490944
2012-11-03,0.12273143662022758
2012-11-04,0.13091353239490944
2012-11-05,0.13091353239490944
2012-11-06,0.13091353239490944
2012-11-07,0.1268224845075685
2012-11-08,0.13091353239490944
2012-11-09,0.12273143662022758
2012-11-10,0.11864038873288665
2012-11-11,0.11454934084554574
2012-11-12,0.11454934084554574
2012-11-13,0.12273143662022758
2012-11-14,0.13909562816959126
2012-11-15,0.13500458028225035
2012-11-16,0.1431866760569322
2012-11-17,0.14727772394427313
2012-11-18,0.15545981971895492
2012-11-19,0.16364191549363677
2012-11-20,0.17182401126831864
2012-11-21,0.17182401126831864
2012-11-22,0.16364191549363677
2012-11-23,0.15955086760629586
2012-11-24,0.16364191549363677
2012-11-25,0.16364191549363677
2012-11-26,0.16773296338097768
2012-11-27,0.16773296338097768
2012-11-28,0.15955086760629586
2012-11-29,0.15545981971895492
2012-11-30,0.15136877183161404
2012-12-01,0.15545981971895492
2012-12-02,0.15955086760629586
2012-12-03,0.15545981971895492
2012-12-04,0.15545981971895492
2012-12-05,0.15545981971895492
2012-12-06,0.15545981971895492
2012-12-07,0.15136877183161404
2012-12-08,0.15545981971895492
2012-12-09,0.15136877183161404
2012-12-10,0.15136877183161404
2012-12-11,0.15136877183161404
2012-12-12,0.15136877183161404
2012-12-13,0.14727772394427313
2012-12-14,0.1431866760569322
2012-12-15,0.1431866760569322
2012-12-16,0.1431866760569322
2012-12-17,0.1431866760569322
2012-12-18,0.1431866760569322
2012-12-19,0.13909562816959126
2012-12-20,0.1431866760569322
2012-12-21,0.15136877183161404
2012-12-22,0.15136877183161404
2012-12-23,0.15545981971895492
2012-12-24,0.15545981971895492
2012-12-25,0.15545981971895492
2012-12-26,0.15545981971895492
2012-12-27,0.15955086760629586
2012-12-28,0.15545981971895492
2012-12-29,0.15136877183161404
2012-12-30,0.15136877183161404
2012-12-31,0.14727772394427313
2013-01-01,0.14727772394427313
2013-01-02,0.14727772394427313
2013-01-03,0.1431866760569322
2013-01-04,0.1431866760569322
2013-01-05,0.13909562816959126
2013-01-06,0.13500458028225035
2013-01-07,0.13500458028225035
2013-01-08,0.13500458028225035
2013-01-09,0.13091353239490944
2013-01-10,0.1268224845075685
2013-01-11,0.13091353239490944
2013-01-12,0.13091353239490944
2013-01-13,0.1268224845075685
2013-01-14,0.12273143662022758
2013-01-15,0.11864038873288665
2013-01-16,0.12273143662022758
2013-01-17,0.11864038873288665
2013-01-18,0.11864038873288665
2013-01-19,0.11864038873288665
2013-01-20,0.11454934084554574
2013-01-21,0.11454934084554574
2013-01-22,0.11045829295820482
2013-01-23,0.11045829295820482
2013-01-24,0.10636724507086391
2013-01-25,0.10636724507086391
2013-01-26,0.10636724507086391
2013-01-27,0.11045829295820482
2013-01-28,0.11045829295820482
2013-01-29,0.11045829295820482
2013-01-30,0.11045829295820482
2013-01-31,0.11454934084554574
2013-02-01,0.11454934084554574
2013-02-02,0.11454934084554574
2013-02-03,0.11864038873288665
2013-02-04,0.11454934084554574
2013-02-05,0.11045829295820482
2013-02-06,0.11045829295820482
2013-02-07,0.11045829295820482
2013-02-08,0.11045829295820482
2013-02-09,0.11045829295820482
2013-02-10,0.10636724507086391
2013-02-11,0.10636724507086391
2013-02-12,0.10227619718352299
2013-02-13,0.10227619718352299
2013-02-14,0.10227619718352299
2013-02-15,0.10227619718352299
2013-02-16,0.10227619718352299
2013-02-17,0.10636724507086391
2013-02-18,0.10636724507086391
2013-02-19,0.10227619718352299
2013-02-20,0.10227619718352299
2013-02-21,0.10227619718352299
2013-02-22,0.09818514929618205
2013-02-23,0.09818514929618205
2013-02-24,0.09818514929618205
2013-02-25,0.09818514929618205
2013-02-26,0.09818514929618205
2013-02-27,0.09818514929618205
2013-02-28,0.09818514929618205
2013-03-01,0.09818514929618205
2013-03-02,0.09818514929618205
2013-03-03,0.09818514929618205
2013-03-04,0.09818514929618205
2013-03-05,0.09818514929618205
2013-03-06,0.09818514929618205
2013-03-07,0.09818514929618205
2013-03-08,0.09818514929618205
2013-03-09,0.09818514929618205
2013-03-10,0.09409410140884114
2013-03-11,0.09000305352150023
2013-03-12,0.09409410140884114
2013-03-13,0.09000305352150023
2013-03-14,0.09000305352150023
2013-03-15,0.09000305352150023
2013-03-16,0.09409410140884114
2013-03-17,0.09409410140884114
2013-03-18,0.09409410140884114
2013-03-19,0.09409410140884114
2013-03-20,0.09409410140884114
2013-03-21,0.09409410140884114
2013-03-22,0.09409410140884114
2013-03-23,0.09409410140884114
2013-03-24,0.09409410140884114
2013-03-25,0.09000305352150023
2013-03-26,0.09000305352150023
2013-03-27,0.09000305352150023
2013-03-28,0.09000305352150023
2013-03-29,0.09000305352150023
2013-03-30,0.09409410140884114
2013-03-31,0.09409410140884114
2013-04-01,0.09409410140884114
2013-04-02,0.09000305352150023
2013-04-03,0.09409410140884114
2013-04-04,0.09409410140884114
2013-04-05,0.10636724507086391
2013-04-06,0.10636724507086391
2013-04-07,0.10636724507086391
2013-04-08,0.10636724507086391
2013-04-09,0.10227619718352299
2013-04-10,0.10227619718352299
2013-04-11,0.10227619718352299
2013-04-12,0.10227619718352299
2013-04-13,0.10227619718352299
2013-04-14,0.10227619718352299
2013-04-15,0.10227619718352299
2013-04-16,0.10227619718352299
2013-04-17,0.09818514929618205
2013-04-18,0.09818514929618205
2013-04-19,0.09818514929618205
2013-04-20,0.09818514929618205
2013-04-21,0.09818514929618205
2013-04-22,0.09818514929618205
2013-04-23,0.10227619718352299
2013-04-24,0.10636724507086391
2013-04-25,0.11045829295820482
2013-04-26,0.11454934084554574
2013-04-27,0.13500458028225035
2013-04-28,0.15136877183161404
2013-04-29,0.15136877183161404
2013-04-30,0.13500458028225035
2013-05-01,0.12273143662022758
2013-05-02,0.12273143662022758
2013-05-03,0.12273143662022758
2013-05-04,0.13091353239490944
2013-05-05,0.1268224845075685
2013-05-06,0.13091353239490944
2013-05-07,0.16364191549363677
2013-05-08,0.22091658591640964
2013-05-09,0.26591811267715976
2013-05-10,0.2863733521138644
2013-05-11,0.40910478873409195
2013-05-12,1.840971549303414
2013-05-13,3.2728383098727356
2013-05-14,2.659181126771598
2013-05-15,4.091047887340919
2013-05-16,4.091047887340919
2013-05-17,4.500152676075012
2013-05-18,6.13657183101138
2013-05-19,4.091047887340919
2013-05-20,3.2728383098727356
2013-05-21,2.659181126771598
2013-05-22,2.7819125633918254
2013-05-23,4.091047887340919
2013-05-24,7.15933380284661
2013-05-25,6.13657183101138
2013-05-26,6.13657183101138
2013-05-27,6.545676619745471
2013-05-28,5.318362253543196
2013-05-29,4.091047887340919
2013-05-30,3.477390704239782
2013-05-31,3.2728383098727356
2013-06-01,3.1910173521259173
2013-06-02,4.131958366214328
2013-06-03,6.913870929606155
2013-06-04,5.07289938030274
2013-06-05,3.722853577480237
2013-06-06,4.418331718328193
2013-06-07,6.832049971859336
2013-06-08,11.782217915541848
2013-06-09,11.16856073244071
2013-06-10,18.000610704300048
2013-06-11,19.105193633882095
2013-06-12,15.75053436626254
2013-06-13,15.30051909865504
2013-06-14,10.391261633845936
2013-06-15,6.545676619745471
2013-06-16,5.318362253543196
2013-06-17,5.686556563403878
2013-06-18,5.563825126783651
2013-06-19,4.950167943682513
2013-06-20,4.459242197201602
2013-06-21,3.6001221408600093
2013-06-22,3.722853577480237
2013-06-23,3.518301183113191
2013-06-24,2.700091605645007
2013-06-25,2.5773601690247796
2013-06-26,2.4955392112779613
2013-06-27,2.4955392112779613
2013-06-28,2.4546287324045517
2013-06-29,2.250076338037506
2013-06-30,2.0455239436704593
2013-07-01,1.8818820281768232
2013-07-02,1.7182401126831863
2013-07-03,1.5545981971895495
2013-07-04,1.5136877183161404
2013-07-05,2.659181126771598
2013-07-06,1.840971549303414
2013-07-07,1.5136877183161404
2013-07-08,1.3091353239490942
2013-07-09,1.1454934084554576
2013-07-10,1.0227619718352297
2013-07-11,0.9409410140884116
2013-07-12,0.9409410140884116
2013-07-13,0.8591200563415932
2013-07-14,0.8182095774681839
2013-07-15,0.7363886197213655
2013-07-16,0.6954781408479563
2013-07-17,0.6545676619745471
2013-07-18,0.6136571831011379
2013-07-19,0.5727467042277288
2013-07-20,0.5318362253543195
2013-07-21,0.4909257464809103
2013-07-22,0.4909257464809103
2013-07-23,0.45001526760750116
2013-07-24,0.45001526760750116
2013-07-25,0.40910478873409195
2013-07-26,0.3927405971847282
2013-07-27,0.3886495492973874
2013-07-28,0.45001526760750116
2013-07-29,0.40910478873409195
2013-07-30,0.38455850141004644
2013-07-31,0.3804674535227055
2013-08-01,0.35592116619866
2013-08-02,0.3395569746492963
2013-08-03,0.31091963943790984
2013-08-04,0.29455544788854626
2013-08-05,0.28228230422652345
2013-08-06,0.2700091605645007
2013-08-07,0.2618270647898189
2013-08-08,0.253644969015137
2013-08-09,0.253644969015137
2013-08-10,0.2495539211277961
2013-08-11,0.2372807774657733
2013-08-12,0.2290986816910915
2013-08-13,0.24137182535311424
2013-08-14,0.29046440000120527
2013-08-15,0.24546287324045515
2013-08-16,0.2290986816910915
2013-08-17,0.22091658591640964
2013-08-18,0.20864344225438688
2013-08-19,0.20046134647970512
2013-08-20,0.1963702985923641
2013-08-21,0.19227925070502322
2013-08-22,0.19227925070502322
2013-08-23,0.18818820281768228
2013-08-24,0.18409715493034137
2013-08-25,0.18000610704300046
2013-08-26,0.17182401126831864
2013-08-27,0.16773296338097768
2013-08-28,0.16773296338097768
2013-08-29,0.16773296338097768
2013-08-30,0.15955086760629586
2013-08-31,0.15545981971895492
2013-09-01,0.15136877183161404
2013-09-02,0.15136877183161404
2013-09-03,0.15136877183161404
2013-09-04,0.15545981971895492
2013-09-05,0.14727772394427313
2013-09-06,0.1431866760569322
2013-09-07,0.14727772394427313
2013-09-08,0.17182401126831864
2013-09-09,0.20455239436704598
2013-09-10,0.17182401126831864
2013-09-11,0.16773296338097768
2013-09-12,0.16773296338097768
2013-09-13,0.2290986816910915
2013-09-14,0.37637640563536456
2013-09-15,0.9409410140884116
2013-09-16,0.6954781408479563
2013-09-17,0.6954781408479563
2013-09-18,1.3909562816959127
2013-09-19,1.268224845075685
2013-09-20,1.063672450708639
2013-09-21,0.9000305352150023
2013-09-22,0.7772990985947748
2013-09-23,0.7363886197213655
2013-09-24,0.6954781408479563
2013-09-25,0.6545676619745471
2013-09-26,0.7363886197213655
2013-09-27,0.8182095774681839
2013-09-28,0.8591200563415932
2013-09-29,0.8591200563415932
2013-09-30,0.9409410140884116
2013-10-01,1.1045829295820482
2013-10-02,1.063672450708639
2013-10-03,1.1864038873288667
2013-10-04,0.9409410140884116
2013-10-05,1.1045829295820482
2013-10-06,1.2273143662022759
2013-10-07,1.2273143662022759
2013-10-08,1.2273143662022759
2013-10-09,1.1454934084554576
2013-10-10,1.1045829295820482
2013-10-11,1.063672450708639
2013-10-12,0.9818514929618206
2013-10-13,0.9000305352150023
2013-10-14,0.9000305352150023
2013-10-15,0.9000305352150023
2013-10-16,0.8591200563415932
2013-10-17,0.8182095774681839
2013-10-18,0.8182095774681839
2013-10-19,0.7363886197213655
2013-10-20,0.6954781408479563
2013-10-21,0.6954781408479563
2013-10-22,0.6545676619745471
2013-10-23,0.6136571831011379
2013-10-24,0.5727467042277288
2013-10-25,0.6136571831011379
2013-10-26,0.6136571831011379
2013-10-27,0.6136571831011379
2013-10-28,0.5727467042277288
2013-10-29,0.5318362253543195
2013-10-30,0.5318362253543195
2013-10-31,0.45001526760750116
2013-11-01,0.45001526760750116
2013-11-02,0.45001526760750116
2013-11-03,0.40910478873409195
2013-11-04,0.3886495492973874
2013-11-05,0.36819430986068274
2013-11-06,0.40910478873409195
2013-11-07,0.45001526760750116
2013-11-08,0.45001526760750116
2013-11-09,0.45001526760750116
2013-11-10,0.45001526760750116
2013-11-11,0.45001526760750116
2013-11-12,0.40910478873409195
2013-11-13,0.40910478873409195
2013-11-14,0.40910478873409195
2013-11-15,0.3968316450720692
2013-11-16,0.40092269295941024
2013-11-17,0.40501374084675107
2013-11-18,0.3927405971847282
2013-11-19,0.36819430986068274
2013-11-20,0.3722853577480236
2013-11-21,0.37637640563536456
2013-11-22,0.3600122140860009
2013-11-23,0.3722853577480236
2013-11-24,0.3886495492973874
2013-11-25,0.40910478873409195
2013-11-26,0.3927405971847282
2013-11-27,0.3886495492973874
2013-11-28,0.3968316450720692
2013-11-29,0.40092269295941024
2013-11-30,0.40501374084675107
2013-12-01,0.40910478873409195
2013-12-02,0.40501374084675107
2013-12-03,0.40501374084675107
2013-12-04,0.3804674535227055
2013-12-05,0.33546592676195536
2013-12-06,0.3027375436632281
2013-12-07,0.29046440000120527
2013-12-08,0.2863733521138644
2013-12-09,0.2700091605645007
2013-12-10,0.27410020845184163
2013-12-11,0.2700091605645007
2013-12-12,0.2618270647898189
2013-12-13,0.25773601690247794
2013-12-14,0.2495539211277961
2013-12-15,0.24137182535311424
2013-12-16,0.2290986816910915
2013-12-17,0.22091658591640964
2013-12-18,0.22091658591640964
2013-12-19,0.2168255380290687
2013-12-20,0.20864344225438688
2013-12-21,0.20455239436704598
2013-12-22,0.20455239436704598
2013-12-23,0.20046134647970512
2013-12-24,0.20455239436704598
2013-12-25,0.21273449014172782
2013-12-26,0.20455239436704598
2013-12-27,0.18818820281768228
2013-12-28,0.18818820281768228
2013-12-29,0.18818820281768228
2013-12-30,0.19227925070502322
2013-12-31,0.19227925070502322
2014-01-01,0.20046134647970512
2014-01-02,0.20046134647970512
2014-01-03,0.18409715493034137
2014-01-04,0.17182401126831864
2014-01-05,0.18818820281768228
2014-01-06,0.18409715493034137
2014-01-07,0.18000610704300046
2014-01-08,0.18000610704300046
2014-01-09,0.16773296338097768
2014-01-10,0.16773296338097768
2014-01-11,0.17591505915565953
2014-01-12,0.16364191549363677
2014-01-13,0.18000610704300046
2014-01-14,0.18000610704300046
2014-01-15,0.17591505915565953
2014-01-16,0.17182401126831864
2014-01-17,0.16364191549363677
2014-01-18,0.15955086760629586
2014-01-19,0.15545981971895492
2014-01-20,0.15545981971895492
2014-01-21,0.14727772394427313
2014-01-22,0.14727772394427313
2014-01-23,0.1431866760569322
2014-01-24,0.1431866760569322
2014-01-25,0.1431866760569322
2014-01-26,0.13909562816959126
2014-01-27,0.13500458028225035
2014-01-28,0.13091353239490944
2014-01-29,0.13091353239490944
2014-01-30,0.1431866760569322
2014-01-31,0.15545981971895492
2014-02-01,0.15545981971895492
2014-02-02,0.15136877183161404
2014-02-03,0.13909562816959126
2014-02-04,0.13500458028225035
2014-02-05,0.13091353239490944
2014-02-06,0.1268224845075685
2014-02-07,0.12273143662022758
2014-02-08,0.1268224845075685
2014-02-09,0.1268224845075685
2014-02-10,0.13091353239490944
2014-02-11,0.1268224845075685
2014-02-12,0.1268224845075685
2014-02-13,0.1268224845075685
2014-02-14,0.1268224845075685
2014-02-15,0.12273143662022758
2014-02-16,0.11454934084554574
2014-02-17,0.11454934084554574
2014-02-18,0.11864038873288665
2014-02-19,0.11864038873288665
2014-02-20,0.12273143662022758
2014-02-21,0.12273143662022758
2014-02-22,0.1268224845075685
2014-02-23,0.13091353239490944
2014-02-24,0.13091353239490944
2014-02-25,0.13091353239490944
2014-02-26,0.1268224845075685
2014-02-27,0.12273143662022758
2014-02-28,0.11454934084554574
2014-03-01,0.11454934084554574
2014-03-02,0.11045829295820482
2014-03-03,0.11454934084554574
2014-03-04,0.12273143662022758
2014-03-05,0.11045829295820482
2014-03-06,0.11045829295820482
2014-03-07,0.10636724507086391
2014-03-08,0.10636724507086391
2014-03-09,0.10636724507086391
2014-03-10,0.10636724507086391
2014-03-11,0.10636724507086391
2014-03-12,0.11454934084554574
2014-03-13,0.11045829295820482
2014-03-14,0.10636724507086391
2014-03-15,0.11045829295820482
2014-03-16,0.11454934084554574
2014-03-17,0.11045829295820482
2014-03-18,0.11045829295820482
2014-03-19,0.11864038873288665
2014-03-20,0.11864038873288665
2014-03-21,0.11454934084554574
2014-03-22,0.11454934084554574
2014-03-23,0.11454934084554574
2014-03-24,0.11045829295820482
2014-03-25,0.11045829295820482
2014-03-26,0.11864038873288665
2014-03-27,0.1268224845075685
2014-03-28,0.12273143662022758
2014-03-29,0.11864038873288665
2014-03-30,0.11864038873288665
2014-03-31,0.11864038873288665
2014-04-01,0.11454934084554574
2014-04-02,0.11454934084554574
2014-04-03,0.11454934084554574
2014-04-04,0.11454934084554574
2014-04-05,0.11454934084554574
2014-04-06,0.11454934084554574
2014-04-07,0.11864038873288665
2014-04-08,0.11864038873288665
2014-04-09,0.12273143662022758
2014-04-10,0.1268224845075685
2014-04-11,0.1268224845075685
2014-04-12,0.12273143662022758
2014-04-13,0.12273143662022758
2014-04-14,0.12273143662022758
2014-04-15,0.1268224845075685
2014-04-16,0.1268224845075685
2014-04-17,0.13091353239490944
2014-04-18,0.13500458028225035
2014-04-19,0.13500458028225035
2014-04-20,0.1431866760569322
2014-04-21,0.20455239436704598
2014-04-22,0.23318972957843243
2014-04-23,0.3436480225366373
2014-04-24,0.45001526760750116
2014-04-25,0.4909257464809103
2014-04-26,0.6136571831011379
2014-04-27,0.5318362253543195
2014-04-28,0.40910478873409195
2014-04-29,0.32728383098727354
2014-04-30,0.3191017352125917
2014-05-01,0.31091963943790984
2014-05-02,0.36819430986068274
2014-05-03,0.8182095774681839
2014-05-04,2.0455239436704593
2014-05-05,6.13657183101138
2014-05-06,5.318362253543196
2014-05-07,4.091047887340919
2014-05-08,2.4546287324045517
2014-05-09,1.840971549303414
2014-05-10,1.2273143662022759
2014-05-11,1.0227619718352297
2014-05-12,0.8591200563415932
2014-05-13,0.7772990985947748
2014-05-14,0.6954781408479563
2014-05-15,0.6545676619745471
2014-05-16,0.6136571831011379
2014-05-17,0.6545676619745471
2014-05-18,0.7772990985947748
2014-05-19,0.9409410140884116
2014-05-20,1.3909562816959127
2014-05-21,1.7591505915565955
2014-05-22,3.06828591550569
2014-05-23,4.336510760581374
2014-05-24,6.709318535239109
2014-05-25,9.20485774651707
2014-05-26,12.518606535263215
2014-05-27,17.223311605705273
2014-05-28,22.58258433812188
2014-05-29,31.705621126892126
2014-05-30,23.278062478969833
2014-05-31,20.86434422543869
2014-06-01,14.80959335217413
2014-06-02,10.06397780285866
2014-06-03,12.927711323997308
2014-06-04,13.173174197237762
2014-06-05,11.373113126807755
2014-06-06,14.973235267667766
2014-06-07,13.909562816959127
2014-06-08,10.309440676099118
2014-06-09,6.913870929606155
2014-06-10,9.12303678877025
2014-06-11,9.245768225390478
2014-06-12,9.654873014124568
2014-06-13,16.69147538035095
2014-06-14,11.782217915541848
2014-06-15,6.177482309884788
2014-06-16,5.400183211290014
2014-06-17,6.545676619745471
2014-06-18,6.668408056365699
2014-06-19,4.786526028188876
2014-06-20,5.03198890142933
2014-06-21,6.586587098618881
2014-06-22,11.373113126807755
2014-06-23,9.777604450744798
2014-06-24,7.322975718340246
2014-06-25,7.241154760593428
2014-06-26,7.363886197213656
2014-06-27,9.818514929618207
2014-06-28,7.609349070454111
2014-06-29,5.850198478897515
2014-06-30,4.745615549315467
2014-07-01,3.968316450720692
2014-07-02,3.6001221408600093
2014-07-03,3.5592116619866006
2014-07-04,3.641032619733419
2014-07-05,3.477390704239782
2014-07-06,3.231927830999327
2014-07-07,2.9864649577588716
2014-07-08,2.659181126771598
2014-07-09,2.3318972957843243
2014-07-10,2.3318972957843243
2014-07-11,2.3318972957843243
2014-07-12,2.250076338037506
2014-07-13,1.9637029859236412
2014-07-14,1.7182401126831863
2014-07-15,1.5955086760629587
2014-07-16,1.5545981971895495
2014-07-17,1.3909562816959127
2014-07-18,1.268224845075685
2014-07-19,1.1454934084554576
2014-07-20,1.063672450708639
2014-07-21,1.0227619718352297
2014-07-22,0.9409410140884116
2014-07-23,0.8591200563415932
2014-07-24,0.8182095774681839
2014-07-25,0.7772990985947748
2014-07-26,0.7363886197213655
2014-07-27,0.6954781408479563
2014-07-28,0.6545676619745471
2014-07-29,0.6545676619745471
2014-07-30,0.6545676619745471
2014-07-31,0.6136571831011379
2014-08-01,0.6545676619745471
2014-08-02,0.6136571831011379
2014-08-03,0.5727467042277288
2014-08-04,0.5727467042277288
2014-08-05,0.6136571831011379
2014-08-06,0.5727467042277288
2014-08-07,0.5727467042277288
2014-08-08,0.5318362253543195
2014-08-09,0.5318362253543195
2014-08-10,0.4909257464809103
2014-08-11,0.45001526760750116
2014-08-12,0.45001526760750116
2014-08-13,0.40501374084675107
2014-08-14,0.4909257464809103
2014-08-15,0.4909257464809103
2014-08-16,0.38455850141004644
2014-08-17,0.35183011831131905
2014-08-18,0.3313748788746144
2014-08-19,0.3191017352125917
2014-08-20,0.3191017352125917
2014-08-21,0.3150106873252508
2014-08-22,0.30682859155056896
2014-08-23,0.35592116619866
2014-08-24,0.4909257464809103
2014-08-25,0.45001526760750116
2014-08-26,0.45001526760750116
2014-08-27,0.3804674535227055
2014-08-28,0.38455850141004644
2014-08-29,0.37637640563536456
2014-08-30,0.3722853577480236
2014-08-31,0.5318362253543195
2014-09-01,0.6545676619745471
2014-09-02,0.5318362253543195
2014-09-03,0.4909257464809103
2014-09-04,0.45001526760750116
2014-09-05,0.40910478873409195
2014-09-06,0.3968316450720692
2014-09-07,0.37637640563536456
2014-09-08,0.35592116619866
2014-09-09,0.3436480225366373
2014-09-10,0.40501374084675107
2014-09-11,0.5318362253543195
2014-09-12,0.5727467042277288
2014-09-13,0.6136571831011379
2014-09-14,0.6954781408479563
2014-09-15,0.8182095774681839
2014-09-16,0.8591200563415932
2014-09-17,0.8591200563415932
2014-09-18,0.8182095774681839
2014-09-19,0.9409410140884116
2014-09-20,0.8182095774681839
2014-09-21,0.7363886197213655
2014-09-22,0.7363886197213655
2014-09-23,0.7363886197213655
2014-09-24,0.6954781408479563
2014-09-25,0.6545676619745471
2014-09-26,0.6136571831011379
2014-09-27,0.5727467042277288
2014-09-28,0.5727467042277288
2014-09-29,0.5727467042277288
2014-09-30,0.5727467042277288
2014-10-01,0.6136571831011379
2014-10-02,0.6545676619745471
2014-10-03,0.6136571831011379
2014-10-04,0.6136571831011379
2014-10-05,0.5727467042277288
2014-10-06,0.5318362253543195
2014-10-07,0.5318362253543195
2014-10-08,0.5318362253543195
2014-10-09,0.5318362253543195
2014-10-10,0.5318362253543195
2014-10-11,0.4909257464809103
2014-10-12,0.45001526760750116
2014-10-13,0.45001526760750116
2014-10-14,0.45001526760750116
2014-10-15,0.5318362253543195
2014-10-16,0.45001526760750116
2014-10-17,
2014-10-18,
2014-10-19,
2014-10-20,
2014-10-21,
2014-10-22,
2014-10-23,
2014-10-24,
2014-10-25,
2014-10-26,
2014-10-27,
2014-10-28,
2014-10-29,
2014-10-30,
2014-10-31,
2014-11-01,
2014-11-02,
2014-11-03,
2014-11-04,
2014-11-05,
2014-11-06,
2014-11-07,
2014-11-08,
2014-11-09,
2014-11-10,
2014-11-11,
2014-11-12,
2014-11-13,
2014-11-14,
2014-11-15,
2014-11-16,
2014-11-17,
2014-11-18,
2014-11-19,
2014-11-20,
2014-11-21,
2014-11-22,
2014-11-23,
2014-11-24,
2014-11-25,
2014-11-26,
2014-11-27,
2014-11-28,
2014-11-29,
2014-11-30,
2014-12-01,
2014-12-02,
2014-12-03,
2014-12-04,
2014-12-05,
2014-12-06,
2014-12-07,
2014-12-08,
2014-12-09,
2014-12-10,
2014-12-11,
2014-12-12,
2014-12-13,
2014-12-14,
2014-12-15,
2014-12-16,
2014-12-17,
2014-12-18,
2014-12-19,
2014-12-20,
2014-12-21,
2014-12-22,
2014-12-23,
2014-12-24,
2014-12-25,
2014-12-26,
2014-12-27,
2014-12-28,
2014-12-29,
2014-12-30,
2014-12-31,
