date,prcp,srad,tmax,tmin,vprp
1980-01-01,18.83,84.31,9.57,4.56,840.24
1980-01-02,13.49,70.67,9.38,4.61,834.49
1980-01-03,4.59,113.71,8.12,-1.53,623.24
1980-01-04,1.8,79.13,6.04,-0.54,582.83
1980-01-05,0.62,88.98,4.37,-0.76,573.08
1980-01-06,0.1,155.84,3.89,-5.09,449.32
1980-01-07,4.9,101.01,2.25,-4.92,419.02
1980-01-08,12.78,45.15,0.18,-2.49,472.92
1980-01-09,8.6,74.13,1.1,-2.32,490.83
1980-01-10,6.2,139.68,2.63,-5.76,421.1
1980-01-11,21.62,109.58,2.27,-3.14,473.0
1980-01-12,27.69,147.82,9.58,-1.09,573.25
1980-01-13,11.11,134.17,8.62,-2.07,554.01
1980-01-14,6.82,109.09,5.18,-0.86,574.42
1980-01-15,13.34,90.16,4.11,0.43,621.61
1980-01-16,13.65,93.41,5.2,1.0,645.11
1980-01-17,4.56,140.35,6.37,-2.42,542.43
1980-01-18,0.18,184.07,5.38,-5.64,427.92
1980-01-19,0.0,200.13,4.64,-6.32,396.55
1980-01-20,0.0,192.78,4.54,-4.69,438.11
1980-01-21,0.0,170.14,5.08,-1.98,519.35
1980-01-22,0.13,177.63,8.17,-2.89,523.21
1980-01-23,0.07,190.69,7.43,-2.81,526.09
1980-01-24,0.0,186.32,7.21,-0.63,586.64
1980-01-25,0.49,142.69,6.38,-1.48,562.59
1980-01-26,0.25,170.97,5.28,-4.19,450.23
1980-01-27,0.0,222.32,0.87,-11.39,279.94
1980-01-28,0.0,228.56,-1.16,-13.19,219.76
1980-01-29,0.0,233.21,-1.18,-13.89,207.4
1980-01-30,0.16,215.76,0.62,-12.4,238.05
1980-01-31,10.18,189.53,2.09,-6.82,359.98
1980-02-01,27.44,161.58,6.02,-0.81,561.0
1980-02-02,47.48,144.43,7.68,2.09,702.39
1980-02-03,24.15,172.43,9.93,2.17,730.08
1980-02-04,8.15,186.66,9.21,-0.57,642.8
1980-02-05,19.83,162.65,8.13,0.63,663.96
1980-02-06,18.86,129.61,8.73,3.7,774.08
1980-02-07,5.13,188.78,8.49,1.97,729.06
1980-02-08,0.0,218.09,7.95,-0.27,634.9
1980-02-09,0.0,230.19,7.29,-1.06,588.89
1980-02-10,0.0,259.33,8.81,-2.42,552.7
1980-02-11,0.0,214.24,8.4,-0.59,582.05
1980-02-12,0.02,219.36,6.17,-3.01,523.16
1980-02-13,0.12,177.75,5.86,-1.84,541.57
1980-02-14,0.72,170.05,6.19,-1.35,555.5
1980-02-15,4.12,105.93,5.3,-3.07,493.27
1980-02-16,3.9,139.07,3.33,-1.73,527.95
1980-02-17,11.95,159.43,4.94,-0.97,581.76
1980-02-18,19.93,173.54,9.01,2.08,711.05
1980-02-19,12.11,134.7,8.82,4.04,798.83
1980-02-20,5.72,170.65,8.59,2.08,729.26
1980-02-21,1.64,264.19,8.06,-2.42,565.95
1980-02-22,0.0,302.7,9.54,-2.14,553.61
1980-02-23,0.96,237.44,11.45,-1.51,607.4
1980-02-24,4.03,201.85,11.77,3.71,801.04
1980-02-25,23.88,167.96,11.53,5.27,905.27
1980-02-26,84.37,133.17,11.48,7.23,1016.46
1980-02-27,68.29,100.75,12.32,9.36,1126.26
1980-02-28,29.98,160.86,12.19,6.81,1013.52
1980-02-29,15.22,219.06,11.71,4.45,891.24
1980-03-01,0.46,274.86,12.69,1.74,768.84
1980-03-02,0.65,257.43,14.41,4.13,854.9
1980-03-03,1.37,215.02,13.97,5.24,900.31
1980-03-04,1.45,204.47,12.05,3.81,832.23
1980-03-05,1.57,226.88,10.36,2.56,747.7
1980-03-06,0.79,261.99,9.61,-2.92,570.67
1980-03-07,0.19,254.87,10.87,0.91,658.16
1980-03-08,0.2,268.84,10.84,-0.86,632.1
1980-03-09,2.89,253.37,10.37,0.56,677.92
1980-03-10,10.16,137.62,9.49,4.83,802.26
1980-03-11,7.97,249.33,8.07,-0.82,637.79
1980-03-12,10.12,229.94,7.6,-0.58,604.53
1980-03-13,21.97,222.09,7.19,0.79,645.69
1980-03-14,22.15,247.15,7.26,-0.55,610.38
1980-03-15,11.98,242.39,6.69,-0.91,584.14
1980-03-16,9.42,245.47,5.84,-1.41,575.45
1980-03-17,20.12,191.33,6.41,1.52,655.13
1980-03-18,10.68,274.76,7.96,-1.42,600.68
1980-03-19,4.6,258.19,9.08,1.38,689.41
1980-03-20,4.42,249.73,10.9,3.68,774.78
1980-03-21,1.36,372.34,10.56,-1.13,639.98
1980-03-22,3.92,283.87,10.58,1.93,702.17
1980-03-23,2.62,292.4,10.49,0.58,663.76
1980-03-24,0.33,412.47,10.11,-2.53,557.51
1980-03-25,4.15,334.61,12.84,-2.01,575.17
1980-03-26,8.44,316.3,12.78,0.17,643.39
1980-03-27,5.5,311.08,11.84,-0.64,635.71
1980-03-28,5.82,268.65,10.71,2.57,732.86
1980-03-29,5.47,242.58,9.85,2.87,733.57
1980-03-30,2.06,325.56,10.09,-3.25,562.89
1980-03-31,1.54,297.96,10.61,1.37,660.05
1980-04-01,0.65,427.89,11.3,-1.76,579.74
1980-04-02,0.0,461.75,14.17,-3.18,541.06
1980-04-03,0.67,378.74,15.69,-1.6,619.24
1980-04-04,3.0,327.14,15.34,3.52,805.62
1980-04-05,28.71,296.24,14.65,4.17,830.5
1980-04-06,28.02,261.32,12.61,1.53,703.32
1980-04-07,12.16,299.03,8.49,-1.01,608.51
1980-04-08,11.98,311.57,10.24,0.59,668.07
1980-04-09,13.71,281.66,11.13,3.39,766.51
1980-04-10,22.3,323.77,11.83,0.84,691.08
1980-04-11,8.91,464.6,15.43,-1.17,645.93
1980-04-12,0.0,480.94,21.28,2.44,804.75
1980-04-13,0.72,391.5,24.45,4.67,964.9
1980-04-14,5.69,347.78,23.53,7.72,1079.87
1980-04-15,11.3,286.35,21.27,3.94,853.31
1980-04-16,4.32,466.62,16.65,-0.42,693.71
1980-04-17,4.14,361.27,17.01,3.53,840.26
1980-04-18,14.0,223.84,16.2,7.81,1038.22
1980-04-19,17.14,178.0,13.78,8.52,1072.42
1980-04-20,6.83,258.11,12.99,4.72,886.31
1980-04-21,0.69,379.9,15.01,1.14,740.95
1980-04-22,0.03,470.77,16.65,2.41,766.71
1980-04-23,0.5,405.29,17.41,1.69,777.08
1980-04-24,0.26,398.46,17.21,5.57,888.65
1980-04-25,0.03,412.18,15.54,1.6,786.92
1980-04-26,0.01,450.21,18.05,6.1,942.0
1980-04-27,0.0,498.65,23.49,4.04,929.35
1980-04-28,0.58,396.64,23.37,5.81,971.02
1980-04-29,0.31,410.17,22.43,1.96,771.41
1980-04-30,0.01,492.37,15.45,0.14,696.09
1980-05-01,0.0,512.11,22.67,2.98,830.47
1980-05-02,0.01,474.29,22.68,4.82,904.0
1980-05-03,0.0,506.95,21.49,1.48,778.54
1980-05-04,0.02,451.91,22.18,3.14,852.91
1980-05-05,0.76,358.32,21.88,6.54,993.03
1980-05-06,1.34,339.54,18.29,5.8,934.29
1980-05-07,0.49,491.89,17.53,0.87,753.78
1980-05-08,1.6,377.23,17.42,4.39,876.16
1980-05-09,1.41,268.34,16.64,6.67,959.12
1980-05-10,0.34,405.19,18.05,3.87,889.94
1980-05-11,0.19,382.78,19.58,6.61,1008.33
1980-05-12,0.16,321.84,18.81,7.55,1036.89
1980-05-13,0.04,383.38,15.93,5.93,941.37
1980-05-14,0.16,357.32,15.51,4.48,866.36
1980-05-15,0.53,360.29,15.1,2.71,783.54
1980-05-16,0.24,466.59,15.07,2.02,752.88
1980-05-17,0.01,517.75,19.63,3.2,830.66
1980-05-18,0.0,515.57,22.11,5.74,957.71
1980-05-19,2.25,411.7,21.08,6.02,988.28
1980-05-20,15.29,280.05,19.23,7.24,1027.54
1980-05-21,10.18,238.26,14.75,8.22,1043.67
1980-05-22,5.24,323.15,14.28,3.7,843.49
1980-05-23,2.41,349.37,14.02,2.65,763.33
1980-05-24,0.42,400.46,14.77,0.89,732.36
1980-05-25,0.27,302.07,14.44,6.07,927.99
1980-05-26,1.46,187.36,13.71,7.09,992.94
1980-05-27,2.2,188.86,12.52,7.71,1021.19
1980-05-28,0.8,310.59,15.17,7.23,1012.48
1980-05-29,0.05,350.65,16.31,8.63,1061.41
1980-05-30,0.02,413.36,16.51,7.29,993.16
1980-05-31,0.16,387.98,17.1,6.22,951.86
1980-06-01,0.92,314.35,16.44,6.77,942.06
1980-06-02,0.59,346.46,14.17,3.76,796.43
1980-06-03,0.09,491.76,15.86,0.34,667.81
1980-06-04,0.04,472.62,17.28,1.57,730.92
1980-06-05,2.88,366.82,16.85,6.45,941.07
1980-06-06,3.78,253.2,16.13,8.15,1044.14
1980-06-07,2.57,283.54,15.68,8.52,1091.5
1980-06-08,8.84,269.88,16.14,9.79,1152.76
1980-06-09,4.35,299.51,16.26,8.57,1094.02
1980-06-10,0.72,314.08,16.14,8.25,1067.7
1980-06-11,0.41,327.53,16.81,8.31,1071.79
1980-06-12,0.06,400.84,17.07,9.13,1079.69
1980-06-13,0.0,432.23,16.62,8.32,1041.12
1980-06-14,0.38,340.26,16.39,8.48,1064.18
1980-06-15,0.19,389.27,16.65,9.59,1087.04
1980-06-16,0.44,367.75,17.25,7.56,1020.99
1980-06-17,0.52,334.25,17.38,8.87,1036.5
1980-06-18,0.15,515.02,20.66,4.9,869.93
1980-06-19,0.0,546.29,22.42,5.8,897.11
1980-06-20,0.0,539.87,23.33,7.45,974.87
1980-06-21,0.0,526.7,22.94,7.64,994.12
1980-06-22,0.12,407.17,20.52,9.15,1063.78
1980-06-23,3.28,376.51,19.13,7.02,1008.6
1980-06-24,7.62,308.42,17.7,10.33,1148.5
1980-06-25,7.99,284.64,17.2,9.48,1091.18
1980-06-26,5.04,372.88,17.47,5.34,929.13
1980-06-27,1.36,353.58,18.23,9.03,1055.78
1980-06-28,0.05,469.84,19.13,8.35,995.64
1980-06-29,0.0,526.44,19.45,5.26,853.27
1980-06-30,0.0,543.08,20.67,4.58,830.91
1980-07-01,0.0,541.23,23.28,6.52,927.61
1980-07-02,0.8,431.5,23.02,7.36,1022.6
1980-07-03,11.27,340.04,22.22,10.08,1127.64
1980-07-04,12.21,306.6,18.72,7.53,991.73
1980-07-05,3.39,482.3,18.17,5.97,871.97
1980-07-06,0.0,524.31,19.59,5.8,852.5
1980-07-07,0.0,538.81,23.82,6.31,910.26
1980-07-08,0.0,524.74,24.62,9.46,1062.92
1980-07-09,1.2,388.61,23.81,10.57,1171.64
1980-07-10,3.22,256.78,22.0,11.06,1192.71
1980-07-11,2.44,288.03,18.82,10.67,1143.19
1980-07-12,0.66,407.2,20.78,8.79,1042.59
1980-07-13,0.09,382.49,20.98,11.22,1163.06
1980-07-14,0.38,263.22,20.16,11.63,1224.84
1980-07-15,0.18,366.96,19.79,11.88,1184.77
1980-07-16,0.0,400.65,20.2,11.96,1135.67
1980-07-17,0.0,499.01,21.18,7.25,910.24
1980-07-18,0.01,481.87,22.45,9.27,971.2
1980-07-19,0.01,459.06,22.41,12.0,1100.44
1980-07-20,0.03,391.7,23.31,13.4,1200.2
1980-07-21,0.03,441.75,29.6,10.77,1114.48
1980-07-22,0.01,500.27,31.14,12.91,1165.49
1980-07-23,0.0,423.4,29.91,11.83,1081.32
1980-07-24,0.0,498.81,23.45,8.91,918.99
1980-07-25,0.0,518.2,24.32,8.72,898.99
1980-07-26,0.0,517.78,25.9,9.64,946.72
1980-07-27,0.0,521.74,27.86,9.98,968.53
1980-07-28,0.0,523.33,27.32,8.86,905.45
1980-07-29,0.0,532.59,26.34,6.2,810.4
1980-07-30,0.0,515.11,25.23,8.59,875.34
1980-07-31,0.02,492.97,24.39,7.53,883.6
1980-08-01,0.07,413.74,23.78,10.15,1036.44
1980-08-02,0.33,303.73,22.84,11.79,1139.53
1980-08-03,0.15,410.43,19.91,9.51,981.38
1980-08-04,0.0,461.91,21.57,9.33,936.89
1980-08-05,0.0,468.17,21.24,8.87,905.99
1980-08-06,0.0,476.93,21.03,8.05,871.4
1980-08-07,0.03,473.21,23.81,8.25,907.34
1980-08-08,0.05,451.06,25.28,10.82,1035.57
1980-08-09,0.02,471.44,25.93,11.02,1038.59
1980-08-10,0.0,504.32,29.25,9.23,993.11
1980-08-11,0.02,439.8,29.24,11.63,1127.0
1980-08-12,0.03,258.23,28.49,11.72,1185.52
1980-08-13,0.01,267.17,17.62,11.52,1148.67
1980-08-14,0.0,326.65,17.79,10.12,1030.5
1980-08-15,0.0,399.62,17.91,7.78,905.95
1980-08-16,0.04,342.59,18.55,9.61,1020.6
1980-08-17,3.56,255.41,19.39,11.87,1167.93
1980-08-18,1.99,320.07,19.62,8.53,995.48
1980-08-19,0.11,409.21,20.25,9.33,921.48
1980-08-20,0.0,389.47,20.08,9.26,909.32
1980-08-21,0.12,360.18,19.45,8.34,880.16
1980-08-22,0.06,410.54,19.35,8.14,842.55
1980-08-23,0.0,394.99,19.41,9.38,902.84
1980-08-24,0.0,392.89,20.15,10.28,931.86
1980-08-25,0.16,408.84,22.66,7.05,825.98
1980-08-26,11.54,353.52,22.37,7.43,878.41
1980-08-27,6.68,234.92,21.56,10.87,1057.7
1980-08-28,0.47,411.62,18.04,6.23,809.76
1980-08-29,0.43,375.03,19.89,3.92,746.18
1980-08-30,2.94,329.44,20.62,8.25,942.05
1980-08-31,4.7,200.62,20.09,11.01,1120.07
1980-09-01,23.72,250.07,16.47,8.52,1007.49
1980-09-02,12.91,269.31,16.4,7.72,954.3
1980-09-03,0.94,407.03,17.81,6.07,855.82
1980-09-04,0.0,447.82,22.59,6.74,893.72
1980-09-05,0.0,434.3,23.91,9.38,1032.1
1980-09-06,5.13,315.41,23.24,10.22,1131.58
1980-09-07,4.11,235.72,21.54,9.79,1078.92
1980-09-08,0.77,411.25,20.29,6.14,872.29
1980-09-09,0.0,444.41,24.57,5.73,838.57
1980-09-10,0.0,443.04,25.98,5.2,850.86
1980-09-11,1.62,341.65,24.99,8.1,1002.1
1980-09-12,7.9,274.24,23.38,9.48,1079.97
1980-09-13,4.27,206.4,18.92,8.37,1046.32
1980-09-14,0.65,260.0,19.3,9.27,1076.84
1980-09-15,0.15,392.15,23.31,8.26,1024.2
1980-09-16,0.06,337.7,23.91,8.57,1058.8
1980-09-17,0.31,293.97,23.51,8.95,1112.44
1980-09-18,1.92,163.14,22.58,10.87,1205.77
1980-09-19,23.27,120.61,15.57,10.47,1190.6
1980-09-20,13.33,192.9,15.17,8.25,1059.54
1980-09-21,2.84,256.09,16.66,6.08,935.0
1980-09-22,1.06,278.31,16.38,4.88,882.6
1980-09-23,0.23,212.94,15.83,8.77,1030.73
1980-09-24,0.07,327.27,17.75,7.17,960.73
1980-09-25,0.0,380.5,21.35,4.47,853.12
1980-09-26,0.0,380.61,23.21,5.64,908.08
1980-09-27,1.27,249.84,22.51,8.86,1081.14
1980-09-28,8.88,161.83,18.34,10.34,1187.79
1980-09-29,15.02,146.01,15.75,10.43,1217.04
1980-09-30,7.16,170.89,17.54,10.98,1227.72
1980-10-01,0.86,329.42,18.81,6.05,975.19
1980-10-02,0.0,357.22,22.53,5.29,906.95
1980-10-03,0.0,354.3,24.41,5.59,931.69
1980-10-04,0.0,324.97,23.6,7.86,1009.53
1980-10-05,0.0,339.82,24.18,6.74,1004.51
1980-10-06,0.0,333.21,23.85,7.7,1043.16
1980-10-07,0.03,265.24,22.84,8.22,1078.42
1980-10-08,0.01,270.17,19.87,9.21,1072.82
1980-10-09,0.0,330.2,18.1,1.54,771.35
1980-10-10,0.0,326.59,20.35,3.7,804.6
1980-10-11,2.24,223.35,19.67,6.36,946.37
1980-10-12,10.07,151.54,17.26,8.27,1032.83
1980-10-13,12.23,173.59,14.1,5.65,916.78
1980-10-14,4.78,195.12,13.13,3.37,802.04
1980-10-15,0.45,268.96,13.77,3.25,762.01
1980-10-16,0.0,274.3,13.18,1.44,694.22
1980-10-17,0.0,279.1,13.54,1.91,705.37
1980-10-18,0.0,273.04,14.41,2.86,755.79
1980-10-19,0.75,198.99,15.68,4.61,862.35
1980-10-20,3.76,164.78,16.03,7.71,995.33
1980-10-21,2.11,199.06,15.39,2.04,783.49
1980-10-22,0.21,273.89,13.86,-0.33,640.94
1980-10-23,0.0,279.8,15.06,-0.61,626.96
1980-10-24,6.6,199.31,15.72,2.04,731.68
1980-10-25,5.28,144.9,15.05,4.62,827.7
1980-10-26,3.41,163.38,12.11,2.71,764.0
1980-10-27,1.22,228.79,11.95,-0.55,641.65
1980-10-28,0.0,243.08,13.53,1.24,677.39
1980-10-29,0.0,228.88,13.43,1.09,690.46
1980-10-30,3.14,177.84,12.87,1.71,726.97
1980-10-31,25.82,115.31,12.49,5.35,880.4
1980-11-01,25.94,75.19,12.34,8.4,1044.43
1980-11-02,11.6,112.91,12.68,6.43,1002.16
1980-11-03,41.67,95.63,13.39,8.31,1085.84
1980-11-04,20.43,115.05,16.99,10.21,1226.78
1980-11-05,3.88,132.12,17.3,8.91,1180.81
1980-11-06,43.39,98.36,16.18,8.07,1104.31
1980-11-07,53.88,86.21,13.69,9.13,1139.18
1980-11-08,34.77,82.25,13.24,8.26,1087.41
1980-11-09,21.86,92.11,11.92,5.17,903.56
1980-11-10,6.7,140.25,9.32,-0.19,667.76
1980-11-11,0.16,186.29,7.75,-1.32,583.76
1980-11-12,0.0,155.18,6.61,-0.78,585.05
1980-11-13,1.3,130.15,6.37,-0.86,590.0
1980-11-14,1.67,123.45,6.79,-0.4,612.81
1980-11-15,0.51,145.96,7.72,1.54,673.9
1980-11-16,12.9,131.12,8.03,-0.38,638.83
1980-11-17,20.78,112.06,8.64,1.95,720.24
1980-11-18,14.41,86.86,10.73,5.97,904.39
1980-11-19,11.57,87.92,11.54,6.63,975.56
1980-11-20,37.33,79.34,11.14,6.4,971.73
1980-11-21,48.19,80.49,11.41,7.03,970.88
1980-11-22,26.48,131.75,10.45,-0.24,694.8
1980-11-23,5.48,120.37,8.23,-0.37,616.04
1980-11-24,1.58,123.5,6.52,-0.85,602.21
1980-11-25,3.63,113.37,8.23,1.33,674.54
1980-11-26,7.8,107.73,7.86,1.1,694.49
1980-11-27,13.95,101.85,10.32,4.18,798.52
1980-11-28,11.77,122.37,9.47,0.01,683.4
1980-11-29,20.64,105.36,8.82,2.5,725.78
1980-11-30,29.12,91.5,8.19,1.42,691.37
1980-12-01,22.76,78.15,5.96,-0.01,624.76
1980-12-02,20.07,62.68,3.87,0.4,618.16
1980-12-03,8.37,87.17,4.34,-0.5,594.11
1980-12-04,2.88,95.74,4.06,-2.02,540.03
1980-12-05,2.3,78.16,3.27,-1.87,522.89
1980-12-06,0.8,81.14,2.12,-3.04,481.01
1980-12-07,0.09,142.24,0.99,-5.91,404.41
1980-12-08,0.0,151.03,2.73,-4.91,415.81
1980-12-09,5.1,121.42,3.33,-4.21,453.55
1980-12-10,20.34,89.83,5.17,0.08,585.66
1980-12-11,27.94,97.96,5.83,-0.06,632.81
1980-12-12,14.35,71.21,8.01,4.21,782.14
1980-12-13,10.46,86.13,8.76,3.57,809.43
1980-12-14,28.11,75.41,9.23,4.95,867.09
1980-12-15,18.15,86.84,12.63,7.14,988.78
1980-12-16,3.16,103.54,12.85,4.88,920.97
1980-12-17,0.06,88.98,11.83,4.9,871.37
1980-12-18,0.01,75.46,8.69,4.27,818.93
1980-12-19,2.05,105.08,7.23,-0.67,652.16
1980-12-20,20.95,75.19,7.04,2.79,729.89
1980-12-21,38.11,78.19,10.22,5.6,891.18
1980-12-22,31.76,54.68,10.66,7.68,1001.7
1980-12-23,12.53,91.31,10.4,4.01,872.2
1980-12-24,25.53,95.72,9.62,3.64,828.95
1980-12-25,51.53,92.81,12.79,6.88,992.97
1980-12-26,48.09,57.96,14.01,10.82,1219.77
1980-12-27,37.16,84.83,13.77,7.82,1106.62
1980-12-28,18.89,94.44,12.54,4.86,917.88
1980-12-29,13.76,103.45,10.57,3.8,844.27
1980-12-30,26.36,67.1,10.23,6.0,916.17
1980-12-31,11.3,73.97,10.97,6.99,981.31
1981-01-01,0.32,124.02,10.77,4.7,888.32
1981-01-02,0.0,130.16,9.97,2.05,748.73
1981-01-03,0.01,132.36,7.67,0.3,663.65
1981-01-04,0.01,154.44,9.06,0.9,673.71
1981-01-05,0.0,150.36,8.94,0.76,674.74
1981-01-06,0.04,129.28,8.07,1.62,691.76
1981-01-07,0.02,160.95,7.86,-0.45,636.59
1981-01-08,0.89,97.9,7.36,0.98,665.37
1981-01-09,2.71,108.77,9.23,2.69,732.79
1981-01-10,1.14,166.07,9.77,-1.52,613.59
1981-01-11,0.0,173.86,8.95,-1.89,567.25
1981-01-12,0.0,172.24,8.42,-1.21,582.55
1981-01-13,0.0,174.55,8.03,-1.9,563.38
1981-01-14,0.02,152.99,7.11,-2.11,547.37
1981-01-15,0.03,156.66,7.19,-2.28,543.56
1981-01-16,0.37,144.13,8.4,-1.59,574.28
1981-01-17,8.07,129.59,8.65,0.19,648.98
1981-01-18,10.57,112.35,9.98,3.65,790.57
1981-01-19,18.03,105.51,10.43,4.69,857.75
1981-01-20,12.02,116.66,10.47,3.8,844.4
1981-01-21,11.47,94.9,11.17,6.3,942.37
1981-01-22,11.44,84.25,10.89,6.61,973.66
1981-01-23,9.66,60.7,10.43,6.26,925.67
1981-01-24,3.96,137.68,8.63,0.27,699.37
1981-01-25,6.92,135.24,7.82,-0.02,636.62
1981-01-26,13.97,132.08,7.24,0.15,636.29
1981-01-27,8.11,133.48,6.92,-0.19,628.99
1981-01-28,8.01,105.42,6.4,1.03,656.67
1981-01-29,4.56,143.03,7.08,0.3,639.7
1981-01-30,0.62,207.81,7.15,-2.0,566.32
1981-01-31,0.0,188.03,6.48,-1.4,564.6
1981-02-01,0.0,183.95,6.18,-0.72,583.4
1981-02-02,0.0,215.63,6.33,-2.78,527.44
1981-02-03,0.0,231.29,7.57,-3.23,505.86
1981-02-04,0.11,176.13,7.63,-3.14,515.37
1981-02-05,0.08,185.15,7.31,-0.5,581.71
1981-02-06,0.01,240.63,7.86,-3.64,508.38
1981-02-07,0.0,230.91,7.33,-3.56,486.77
1981-02-08,0.01,216.74,6.26,-3.07,503.16
1981-02-09,0.13,166.5,6.52,-1.39,546.97
1981-02-10,0.22,208.33,6.02,-4.96,458.19
1981-02-11,12.72,174.6,5.17,-4.47,453.35
1981-02-12,42.64,185.5,8.91,-0.25,616.7
1981-02-13,31.67,129.72,10.29,5.44,861.99
1981-02-14,31.09,116.66,10.7,6.41,950.69
1981-02-15,65.43,101.98,10.49,5.93,941.55
1981-02-16,66.95,111.7,11.47,7.61,1015.88
1981-02-17,46.14,110.1,11.27,6.61,973.65
1981-02-18,39.3,156.78,10.1,3.97,855.48
1981-02-19,42.33,157.86,10.29,4.66,845.83
1981-02-20,16.59,192.29,9.9,1.14,726.82
1981-02-21,1.11,196.94,9.8,3.13,759.67
1981-02-22,0.26,236.45,11.56,0.44,695.21
1981-02-23,5.19,225.59,12.03,0.86,699.15
1981-02-24,10.08,176.39,11.58,2.91,758.27
1981-02-25,4.47,177.93,9.38,2.83,757.12
1981-02-26,0.96,243.36,11.04,0.28,679.39
1981-02-27,0.37,248.37,11.74,0.2,662.38
1981-02-28,0.03,326.5,13.83,-1.07,629.38
1981-03-01,0.0,339.45,15.87,-1.51,617.33
1981-03-02,1.17,277.13,15.24,-1.71,623.32
1981-03-03,7.75,232.9,14.11,2.65,749.64
1981-03-04,6.53,221.0,12.23,1.24,691.78
1981-03-05,1.51,295.54,9.35,-3.63,529.32
1981-03-06,1.17,285.02,10.96,-2.86,544.56
1981-03-07,6.55,249.97,11.88,1.1,672.98
1981-03-08,3.18,257.3,11.76,-0.49,642.79
1981-03-09,0.1,347.84,15.9,-1.7,623.03
1981-03-10,0.0,364.37,17.18,1.08,734.82
1981-03-11,0.0,317.59,16.6,5.25,873.64
1981-03-12,0.0,372.56,16.37,-0.42,709.61
1981-03-13,0.08,299.7,15.9,1.69,749.52
1981-03-14,1.41,281.81,15.27,3.22,818.47
1981-03-15,4.48,219.85,14.22,4.99,866.49
1981-03-16,11.12,259.41,12.14,0.8,704.86
1981-03-17,4.61,377.6,11.5,-2.45,578.72
1981-03-18,0.0,382.23,13.24,-0.29,651.21
1981-03-19,0.0,358.07,14.95,3.82,800.44
1981-03-20,0.0,397.94,16.0,-0.5,684.95
1981-03-21,1.11,304.8,15.31,0.11,678.99
1981-03-22,7.11,282.1,13.96,1.84,749.96
1981-03-23,13.45,233.61,13.51,4.84,849.43
1981-03-24,9.73,280.88,12.73,0.29,717.64
1981-03-25,16.7,260.58,13.56,3.8,805.55
1981-03-26,7.29,336.82,14.5,1.79,762.2
1981-03-27,0.31,307.04,14.29,2.41,777.01
1981-03-28,8.06,218.44,13.58,4.76,855.74
1981-03-29,17.26,211.86,11.44,4.09,831.92
1981-03-30,28.94,185.67,10.53,2.78,769.02
1981-03-31,38.45,176.58,8.88,3.73,780.19
1981-04-01,16.12,269.61,10.61,1.04,695.07
1981-04-02,7.42,278.07,10.13,0.03,650.32
1981-04-03,3.77,266.68,10.23,1.5,695.74
1981-04-04,11.2,282.38,11.03,1.58,722.44
1981-04-05,17.96,206.79,10.62,3.91,782.68
1981-04-06,8.53,271.42,9.38,0.68,674.26
1981-04-07,9.72,306.43,9.19,-1.26,613.55
1981-04-08,22.79,206.31,8.81,3.19,733.81
1981-04-09,16.44,274.03,9.07,0.8,678.41
1981-04-10,13.26,265.77,8.59,0.48,645.45
1981-04-11,22.2,267.09,7.41,-0.05,619.27
1981-04-12,14.77,315.41,8.68,-1.22,581.86
1981-04-13,3.04,454.1,10.78,-2.39,551.69
1981-04-14,0.0,488.11,16.82,-2.17,601.93
1981-04-15,3.72,374.96,18.71,2.27,778.91
1981-04-16,3.01,318.02,17.89,4.62,856.77
1981-04-17,0.58,463.43,16.04,1.37,742.33
1981-04-18,0.0,495.89,18.44,-0.37,690.64
1981-04-19,0.04,428.29,19.8,2.29,800.61
1981-04-20,2.25,323.14,19.57,5.86,934.17
1981-04-21,17.82,250.93,15.08,5.55,937.1
1981-04-22,31.87,211.36,12.92,7.88,1050.44
1981-04-23,15.2,239.91,14.99,8.62,1090.19
1981-04-24,5.49,322.46,15.18,4.2,879.16
1981-04-25,1.97,388.03,14.58,1.32,735.19
1981-04-26,0.4,402.18,15.52,0.49,703.76
1981-04-27,16.22,350.71,15.18,2.95,795.87
1981-04-28,34.95,263.53,13.57,6.16,959.51
1981-04-29,13.51,334.43,17.83,9.07,1146.83
1981-04-30,0.17,379.13,21.22,7.78,1116.89
1981-05-01,2.2,343.89,20.96,6.01,978.22
1981-05-02,2.72,338.59,16.12,3.28,832.78
1981-05-03,8.49,313.33,13.15,4.01,819.87
1981-05-04,10.23,317.53,12.22,1.95,744.39
1981-05-05,3.92,330.5,11.97,2.44,749.58
1981-05-06,1.66,362.49,13.57,1.58,752.59
1981-05-07,1.31,298.52,13.18,5.18,858.49
1981-05-08,1.73,352.65,13.29,1.68,772.34
1981-05-09,1.29,346.21,15.21,4.92,878.08
1981-05-10,0.75,354.69,15.05,3.81,853.96
1981-05-11,1.53,362.3,15.76,4.02,844.67
1981-05-12,1.05,389.47,17.84,1.36,801.49
1981-05-13,0.65,375.19,20.86,7.03,1047.74
1981-05-14,1.02,376.34,20.19,7.88,1063.2
1981-05-15,2.06,376.79,18.24,2.33,810.59
1981-05-16,1.32,372.25,15.09,3.06,815.06
1981-05-17,3.91,347.96,15.44,5.37,936.37
1981-05-18,3.72,223.31,15.01,8.81,1077.66
1981-05-19,1.1,318.19,14.28,6.53,995.76
1981-05-20,0.08,348.71,14.1,7.57,1016.92
1981-05-21,0.01,368.46,15.04,7.52,1015.19
1981-05-22,0.0,452.9,16.56,6.5,981.93
1981-05-23,1.59,419.02,20.57,6.82,1064.02
1981-05-24,8.44,302.18,19.98,11.41,1289.49
1981-05-25,4.8,290.97,18.14,10.01,1198.27
1981-05-26,0.5,431.35,17.81,5.99,965.28
1981-05-27,1.47,408.93,18.84,3.4,857.49
1981-05-28,0.73,517.47,22.79,5.16,959.09
1981-05-29,1.54,412.55,24.99,8.65,1169.4
1981-05-30,1.64,314.72,24.04,10.01,1176.47
1981-05-31,0.44,486.99,18.29,4.88,925.12
1981-06-01,0.13,443.89,21.25,4.26,905.34
1981-06-02,1.05,407.8,20.34,6.88,1033.41
1981-06-03,5.58,302.47,19.07,9.79,1172.5
1981-06-04,7.0,247.61,16.66,8.87,1138.48
1981-06-05,16.8,247.13,15.59,9.55,1142.05
1981-06-06,8.32,333.21,16.32,6.41,995.31
1981-06-07,2.29,352.48,16.26,5.96,973.31
1981-06-08,22.77,255.39,15.92,8.75,1085.46
1981-06-09,17.24,287.35,15.15,7.65,1065.61
1981-06-10,11.7,288.32,16.01,8.92,1082.68
1981-06-11,4.32,460.19,16.94,3.4,877.72
1981-06-12,0.23,385.46,17.93,7.04,968.58
1981-06-13,0.28,399.1,17.6,2.0,809.62
1981-06-14,4.4,378.68,17.33,6.05,931.14
1981-06-15,2.9,399.79,17.86,4.45,916.37
1981-06-16,3.27,327.84,17.56,8.25,1051.14
1981-06-17,3.62,341.25,16.15,6.17,991.54
1981-06-18,7.26,297.88,15.53,8.16,1086.29
1981-06-19,13.44,271.24,16.56,10.07,1199.52
1981-06-20,7.63,329.65,18.4,8.94,1159.41
1981-06-21,7.57,299.75,18.2,8.43,1117.66
1981-06-22,9.74,230.58,15.63,9.45,1156.91
1981-06-23,4.13,302.42,17.34,9.08,1125.28
1981-06-24,0.42,504.16,20.27,4.85,943.17
1981-06-25,0.0,542.53,25.08,5.6,997.48
1981-06-26,0.0,529.19,24.75,8.44,1122.16
1981-06-27,0.0,501.91,23.9,7.46,1059.44
1981-06-28,0.0,521.46,21.87,7.32,1083.01
1981-06-29,0.03,451.51,23.85,9.91,1238.76
1981-06-30,0.13,359.36,23.59,10.69,1244.48
1981-07-01,0.06,482.23,20.38,6.74,1022.06
1981-07-02,0.01,501.71,24.22,6.38,1037.55
1981-07-03,0.0,527.08,28.98,9.16,1218.6
1981-07-04,0.0,521.7,28.66,10.63,1310.14
1981-07-05,0.0,507.45,27.25,10.92,1268.96
1981-07-06,0.17,420.64,24.96,6.4,1012.38
1981-07-07,1.01,366.93,19.14,5.94,930.55
1981-07-08,0.47,495.78,19.43,4.1,867.55
1981-07-09,0.13,427.85,21.23,6.67,961.12
1981-07-10,11.68,382.8,20.18,4.36,877.4
1981-07-11,6.22,345.32,16.86,6.0,918.72
1981-07-12,0.28,405.84,20.32,5.23,943.92
1981-07-13,1.16,356.82,20.59,9.25,1150.87
1981-07-14,0.61,322.97,19.84,11.1,1229.73
1981-07-15,0.02,487.11,22.52,7.41,1078.91
1981-07-16,0.0,510.17,25.57,9.86,1200.02
1981-07-17,0.03,400.61,24.65,11.02,1283.23
1981-07-18,0.1,255.63,21.16,11.89,1342.08
1981-07-19,0.06,245.66,17.55,12.42,1372.79
1981-07-20,0.03,252.74,18.11,12.26,1356.5
1981-07-21,0.01,324.94,18.14,11.23,1269.41
1981-07-22,0.0,340.94,17.85,10.84,1237.05
1981-07-23,0.0,305.17,17.91,11.97,1293.81
1981-07-24,0.0,373.63,19.58,11.24,1251.0
1981-07-25,0.0,477.73,24.62,10.69,1239.55
1981-07-26,0.0,509.87,29.21,10.94,1298.22
1981-07-27,0.0,507.74,30.49,12.15,1348.78
1981-07-28,0.0,476.8,29.24,10.76,1211.58
1981-07-29,0.0,411.92,23.26,10.64,1171.5
1981-07-30,0.0,411.62,20.1,10.88,1150.49
1981-07-31,0.0,487.21,21.62,7.54,1001.06
1981-08-01,0.0,498.43,23.23,8.94,1038.85
1981-08-02,0.0,500.05,22.89,8.25,1031.57
1981-08-03,0.0,383.98,21.98,10.86,1122.98
1981-08-04,0.0,462.34,20.89,8.4,1007.08
1981-08-05,0.0,507.91,23.96,7.2,971.0
1981-08-06,0.0,512.2,29.38,9.31,1114.59
1981-08-07,0.0,505.25,32.35,11.37,1274.27
1981-08-08,0.0,499.06,34.09,12.6,1398.31
1981-08-09,0.0,491.56,36.36,14.09,1529.37
1981-08-10,0.0,489.01,36.87,14.14,1548.94
1981-08-11,0.0,489.85,36.36,13.45,1480.36
1981-08-12,0.0,479.77,35.13,12.66,1360.74
1981-08-13,0.0,467.98,29.28,11.64,1267.38
1981-08-14,0.0,457.91,26.08,11.93,1267.38
1981-08-15,0.0,457.78,25.98,11.91,1272.18
1981-08-16,0.0,428.76,25.7,12.36,1278.78
1981-08-17,0.0,462.64,26.62,11.15,1221.34
1981-08-18,0.0,477.41,29.48,10.85,1220.78
1981-08-19,0.68,362.49,29.17,10.87,1274.28
1981-08-20,1.9,203.76,26.93,12.72,1322.08
1981-08-21,0.78,411.86,21.34,7.94,1040.28
1981-08-22,0.0,458.07,23.94,8.27,1019.45
1981-08-23,0.2,388.16,27.48,8.46,1096.93
1981-08-24,1.59,333.9,27.24,10.99,1212.7
1981-08-25,2.18,313.38,25.29,8.09,1041.49
1981-08-26,0.72,448.13,21.82,5.36,866.71
1981-08-27,0.0,459.19,21.96,5.72,868.04
1981-08-28,0.53,377.62,23.95,6.69,968.59
1981-08-29,7.51,330.98,24.97,9.57,1156.38
1981-08-30,5.56,191.91,24.26,12.11,1288.08
1981-08-31,12.11,263.63,18.82,8.5,1126.28
1981-09-01,10.78,218.03,18.73,10.88,1188.72
1981-09-02,2.61,395.05,20.0,6.58,973.5
1981-09-03,0.0,428.97,21.96,6.75,956.56
1981-09-04,0.07,342.26,21.75,8.55,1056.42
1981-09-05,0.1,330.08,21.88,8.65,1063.02
1981-09-06,0.03,427.44,24.66,6.86,979.32
1981-09-07,0.0,444.04,30.01,8.45,1061.54
1981-09-08,0.16,330.5,30.11,11.16,1262.88
1981-09-09,0.83,264.98,29.06,12.58,1313.22
1981-09-10,0.41,273.27,22.4,11.41,1195.67
1981-09-11,0.02,399.02,23.12,8.1,980.68
1981-09-12,0.0,415.24,22.61,7.04,890.55
1981-09-13,0.0,426.6,23.65,5.13,812.41
1981-09-14,0.0,426.7,24.96,5.65,827.76
1981-09-15,0.0,427.84,28.87,6.34,890.78
1981-09-16,0.0,411.31,28.98,9.49,1043.03
1981-09-17,0.0,346.02,28.01,11.89,1142.94
1981-09-18,1.65,281.06,22.46,8.03,985.33
1981-09-19,1.53,241.2,20.26,7.76,929.48
1981-09-20,11.09,242.8,17.05,6.67,870.91
1981-09-21,16.64,210.74,16.22,6.68,870.29
1981-09-22,8.84,235.13,15.55,5.82,846.57
1981-09-23,2.64,233.19,15.03,4.9,815.22
1981-09-24,2.68,227.64,15.38,6.06,846.41
1981-09-25,1.5,284.17,15.78,3.66,766.02
1981-09-26,18.15,245.46,15.36,4.6,810.08
1981-09-27,39.15,172.84,14.85,7.96,988.0
1981-09-28,29.53,170.64,14.8,8.33,1044.5
1981-09-29,17.38,204.02,14.82,6.27,969.06
1981-09-30,7.85,195.92,15.41,7.56,1021.09
1981-10-01,9.81,155.56,15.07,8.41,1048.45
1981-10-02,15.65,235.61,15.05,3.69,850.22
1981-10-03,6.13,243.48,14.49,2.6,762.37
1981-10-04,0.64,249.08,14.09,1.4,719.85
1981-10-05,15.98,227.65,13.75,3.12,795.65
1981-10-06,47.9,147.71,13.78,7.87,1008.73
1981-10-07,47.75,160.89,13.9,7.45,1030.87
1981-10-08,33.42,154.15,13.46,6.5,959.23
1981-10-09,14.47,221.08,13.11,2.38,788.7
1981-10-10,12.63,226.77,13.12,2.15,739.66
1981-10-11,8.87,241.67,13.46,-0.48,652.05
1981-10-12,1.86,315.64,13.13,-0.53,627.08
1981-10-13,0.0,321.7,14.04,-1.01,619.78
1981-10-14,0.0,316.28,15.12,0.25,665.75
1981-10-15,0.0,315.23,16.4,0.89,706.69
1981-10-16,0.0,303.75,16.11,2.1,761.96
1981-10-17,0.0,279.54,15.65,4.2,852.11
1981-10-18,0.0,235.65,14.88,5.64,919.29
1981-10-19,0.06,187.27,14.26,5.59,930.21
1981-10-20,0.03,205.5,14.13,4.93,864.13
1981-10-21,0.0,293.56,14.76,-2.05,628.1
1981-10-22,0.0,295.98,16.28,-1.87,593.55
1981-10-23,0.0,287.24,15.59,-1.04,623.85
1981-10-24,0.0,271.66,15.29,0.55,691.63
1981-10-25,2.14,188.16,15.03,3.95,848.98
1981-10-26,5.22,91.15,14.65,8.82,1082.2
1981-10-27,32.16,71.34,12.65,9.36,1142.19
1981-10-28,35.82,114.41,12.34,6.69,1010.44
1981-10-29,18.1,112.06,11.9,4.51,866.83
1981-10-30,33.82,135.08,9.52,2.12,771.93
1981-10-31,20.48,145.3,14.52,6.48,950.02
1981-11-01,2.82,170.76,15.83,5.65,958.92
1981-11-02,0.95,180.96,17.24,2.89,856.27
1981-11-03,0.89,160.75,16.74,4.96,882.88
1981-11-04,0.22,228.49,14.65,-0.77,669.69
1981-11-05,0.01,213.69,12.15,-1.88,586.05
1981-11-06,0.11,187.95,12.6,-2.04,584.96
1981-11-07,0.08,184.14,11.85,0.47,663.17
1981-11-08,0.02,182.07,10.94,2.02,726.09
1981-11-09,0.0,174.22,10.37,2.11,735.77
1981-11-10,5.1,149.51,11.81,1.12,734.37
1981-11-11,33.46,91.67,12.27,6.99,955.18
1981-11-12,24.86,102.75,11.9,5.72,947.14
1981-11-13,10.33,99.25,11.29,5.03,903.56
1981-11-14,14.78,81.68,10.95,6.36,941.93
1981-11-15,20.96,101.24,10.49,4.45,873.23
1981-11-16,15.45,101.68,10.04,3.96,834.71
1981-11-17,16.92,83.8,9.66,4.6,846.98
1981-11-18,10.67,98.43,9.62,3.68,819.44
1981-11-19,12.41,77.16,9.05,4.12,825.16
1981-11-20,17.76,77.78,9.23,4.88,863.24
1981-11-21,21.45,91.22,10.33,5.03,875.68
1981-11-22,24.65,101.28,9.8,3.27,802.25
1981-11-23,13.77,100.77,8.69,2.31,732.86
1981-11-24,12.72,123.32,7.37,-1.43,606.12
1981-11-25,8.66,101.39,6.98,0.93,658.73
1981-11-26,4.18,90.1,8.2,3.0,729.36
1981-11-27,1.2,158.8,7.46,-3.59,533.93
1981-11-28,5.09,128.58,6.43,-4.57,459.38
1981-11-29,11.65,116.7,5.47,-2.28,516.6
1981-11-30,31.26,104.87,5.24,-1.51,563.0
1981-12-01,55.04,107.79,8.47,1.37,680.12
1981-12-02,49.69,109.7,10.28,2.89,750.67
1981-12-03,22.28,123.49,9.35,-1.53,624.53
1981-12-04,26.96,84.48,8.02,2.7,729.26
1981-12-05,39.57,84.44,10.17,4.88,848.95
1981-12-06,19.98,85.27,9.91,3.45,811.43
1981-12-07,12.32,81.76,8.49,2.65,751.77
1981-12-08,9.58,92.22,7.17,0.23,660.91
1981-12-09,16.47,93.04,7.43,1.69,695.04
1981-12-10,22.82,74.74,7.67,3.29,747.27
1981-12-11,7.97,117.81,7.15,-2.49,568.68
1981-12-12,9.64,114.1,4.91,-3.7,485.6
1981-12-13,17.12,87.73,3.97,-1.58,539.99
1981-12-14,19.17,91.78,7.0,1.55,667.51
1981-12-15,28.86,92.49,7.9,2.32,728.52
1981-12-16,11.27,95.62,7.97,2.29,725.7
1981-12-17,3.41,116.61,7.52,-1.17,620.97
1981-12-18,24.24,92.19,7.09,1.29,678.49
1981-12-19,33.77,76.49,9.56,5.12,826.96
1981-12-20,20.57,107.38,9.15,-0.95,649.84
1981-12-21,4.78,105.1,6.76,-1.09,580.81
1981-12-22,2.28,99.54,5.76,-1.53,562.72
1981-12-23,3.44,69.67,4.78,-0.76,576.25
1981-12-24,8.94,88.48,6.28,0.65,637.41
1981-12-25,7.24,91.49,6.69,0.64,653.43
1981-12-26,5.32,81.89,6.22,0.5,639.5
1981-12-27,6.22,81.38,5.16,-1.02,582.28
1981-12-28,4.19,66.24,3.51,-1.38,547.52
1981-12-29,0.99,119.39,3.06,-2.19,521.58
1981-12-30,0.52,91.32,2.83,-3.16,488.42
1981-12-31,7.69,64.66,1.79,-2.02,504.32
1982-01-01,6.5,74.3,1.11,-2.75,491.85
1982-01-02,9.02,84.52,1.51,-2.83,484.62
1982-01-03,11.91,98.48,1.67,-3.68,462.83
1982-01-04,5.81,97.6,1.41,-4.04,436.98
1982-01-05,1.0,171.25,0.62,-9.35,318.23
1982-01-06,0.06,207.81,-0.74,-12.61,239.58
1982-01-07,1.56,177.28,-1.25,-9.51,288.96
1982-01-08,2.01,128.17,2.52,-3.11,451.07
1982-01-09,0.69,74.08,2.23,-1.4,530.56
1982-01-10,1.25,78.28,2.48,-0.84,565.24
1982-01-11,1.29,105.12,4.89,-0.08,602.82
1982-01-12,1.11,113.45,5.27,-0.78,598.13
1982-01-13,2.92,95.48,5.78,1.05,658.62
1982-01-14,2.24,93.21,7.2,2.77,736.28
1982-01-15,15.83,102.86,7.56,2.4,742.02
1982-01-16,49.9,81.54,7.27,2.91,744.84
1982-01-17,39.11,125.37,7.7,1.08,684.21
1982-01-18,13.55,126.92,6.96,-1.29,587.48
1982-01-19,2.3,148.83,5.26,-1.16,572.95
1982-01-20,0.87,115.98,4.89,-0.5,588.17
1982-01-21,2.15,125.08,4.75,-1.14,568.94
1982-01-22,34.22,93.44,4.12,-2.14,529.57
1982-01-23,39.82,147.89,8.02,-0.53,603.47
1982-01-24,26.1,146.81,9.74,1.56,695.88
1982-01-25,15.88,124.18,9.06,1.52,706.57
1982-01-26,35.21,100.05,7.8,3.71,769.81
1982-01-27,30.1,104.47,7.25,1.19,689.9
1982-01-28,19.64,121.66,5.65,0.41,649.05
1982-01-29,14.37,124.51,7.21,1.99,711.4
1982-01-30,14.74,99.72,8.16,4.29,800.05
1982-01-31,8.61,138.76,7.83,1.59,726.33
1982-02-01,6.36,125.15,7.37,2.03,722.23
1982-02-02,2.63,94.32,7.57,4.1,795.03
1982-02-03,0.35,134.27,8.51,3.04,756.51
1982-02-04,0.11,239.36,7.47,-4.34,510.63
1982-02-05,0.0,239.61,5.91,-5.33,428.57
1982-02-06,0.0,243.5,5.84,-3.93,456.73
1982-02-07,0.0,247.19,6.54,-5.54,430.41
1982-02-08,0.0,252.54,6.05,-4.8,436.51
1982-02-09,0.0,246.29,4.95,-4.32,440.14
1982-02-10,8.06,240.72,4.47,-7.8,374.69
1982-02-11,23.56,208.54,4.15,-3.31,472.7
1982-02-12,55.26,177.2,6.29,0.9,634.94
1982-02-13,69.31,172.01,7.65,2.24,732.14
1982-02-14,51.34,142.0,9.91,5.55,885.19
1982-02-15,34.21,110.25,10.17,6.76,968.23
1982-02-16,22.23,121.46,10.47,6.56,968.66
1982-02-17,29.63,142.96,10.45,5.5,908.26
1982-02-18,27.29,181.28,10.07,1.73,759.64
1982-02-19,16.67,162.52,10.05,4.44,834.42
1982-02-20,30.36,179.24,11.94,5.31,875.29
1982-02-21,16.74,224.83,11.32,-2.57,604.82
1982-02-22,8.06,199.98,8.72,-1.62,549.23
1982-02-23,5.87,168.66,5.26,-2.54,517.52
1982-02-24,3.18,175.7,4.41,-1.24,562.04
1982-02-25,3.5,177.62,6.55,0.7,639.82
1982-02-26,7.55,185.21,6.78,0.46,637.22
1982-02-27,14.59,204.43,6.12,-1.78,568.88
1982-02-28,20.37,202.81,6.78,-0.04,628.04
1982-03-01,22.42,173.11,8.39,3.11,750.12
1982-03-02,24.19,176.19,8.1,2.53,746.66
1982-03-03,29.26,154.77,7.58,2.35,721.0
1982-03-04,11.39,215.22,7.5,0.22,650.71
1982-03-05,0.46,322.06,9.63,-0.79,611.31
1982-03-06,0.0,348.22,9.72,-1.57,581.87
1982-03-07,0.0,359.66,11.17,-2.3,562.76
1982-03-08,4.4,279.28,12.53,-2.08,597.18
1982-03-09,14.59,226.31,12.27,3.72,776.4
1982-03-10,16.27,250.67,10.86,0.64,689.96
1982-03-11,16.69,255.22,9.16,-0.32,627.49
1982-03-12,24.18,241.22,7.97,-0.65,612.58
1982-03-13,12.02,175.15,6.55,1.9,681.51
1982-03-14,1.68,238.08,7.57,0.29,639.65
1982-03-15,0.67,275.21,7.48,-2.86,534.18
1982-03-16,0.28,346.48,8.32,-2.51,525.53
1982-03-17,0.01,385.97,11.71,-3.8,508.66
1982-03-18,0.0,403.37,12.73,-2.91,533.2
1982-03-19,0.02,364.21,12.23,-3.32,530.15
1982-03-20,0.03,347.17,11.39,-1.45,569.01
1982-03-21,0.01,393.07,12.0,-2.63,558.2
1982-03-22,0.0,409.08,13.09,-0.87,610.13
1982-03-23,0.0,418.4,14.33,-1.58,611.51
1982-03-24,0.0,417.18,14.8,0.03,663.86
1982-03-25,0.97,341.49,15.58,0.47,704.26
1982-03-26,3.07,212.08,15.01,3.85,781.66
1982-03-27,10.25,227.75,9.18,0.38,671.96
1982-03-28,6.73,250.57,8.67,0.79,662.9
1982-03-29,11.05,255.56,8.38,0.45,652.12
1982-03-30,11.71,264.02,8.12,-0.1,630.26
1982-03-31,8.29,249.89,7.68,-0.15,618.49
1982-04-01,9.93,256.31,7.17,-0.68,604.9
1982-04-02,19.85,206.06,6.69,0.47,633.47
1982-04-03,26.43,196.58,5.94,0.6,642.89
1982-04-04,20.69,217.15,6.53,0.59,640.58
1982-04-05,14.62,295.8,8.74,-1.06,598.72
1982-04-06,4.89,331.3,11.13,-1.47,589.47
1982-04-07,0.57,340.9,12.05,-1.65,585.58
1982-04-08,0.17,433.53,13.09,-2.32,566.81
1982-04-09,0.0,471.47,14.49,-2.61,563.8
1982-04-10,2.94,391.46,15.09,-1.92,611.71
1982-04-11,27.27,317.11,14.42,2.98,773.91
1982-04-12,33.25,241.94,12.79,3.6,793.84
1982-04-13,25.51,210.84,9.67,1.67,699.53
1982-04-14,21.69,250.66,6.72,-0.77,605.45
1982-04-15,37.51,285.28,7.72,-0.62,599.2
1982-04-16,20.46,324.36,9.02,-1.46,593.45
1982-04-17,5.72,273.91,8.74,1.37,667.04
1982-04-18,2.21,326.42,9.37,-1.03,601.39
1982-04-19,0.33,464.36,10.55,-2.71,545.99
1982-04-20,0.0,503.62,16.58,-2.33,586.19
1982-04-21,0.0,504.48,20.81,-0.47,687.4
1982-04-22,0.0,503.36,24.16,2.04,816.64
1982-04-23,0.0,489.99,23.83,4.41,877.15
1982-04-24,0.0,488.81,20.1,-0.37,673.09
1982-04-25,0.0,507.66,15.63,-1.69,614.31
1982-04-26,0.0,504.67,16.88,0.4,687.11
1982-04-27,3.04,399.76,16.63,1.66,748.52
1982-04-28,18.89,325.52,14.77,4.16,822.71
1982-04-29,23.48,328.1,13.74,0.62,700.77
1982-04-30,7.4,447.74,13.81,1.33,720.7
1982-05-01,0.05,412.33,15.67,3.28,822.82
1982-05-02,1.5,315.96,15.53,5.86,912.73
1982-05-03,2.72,329.85,14.77,1.18,724.93
1982-05-04,1.05,401.36,12.74,-0.88,630.97
1982-05-05,0.03,502.28,15.87,-0.48,660.71
1982-05-06,0.06,448.0,19.28,2.25,799.41
1982-05-07,0.03,443.76,18.59,5.91,924.24
1982-05-08,0.04,393.03,16.04,2.56,784.66
1982-05-09,0.02,461.75,13.26,1.54,740.32
1982-05-10,0.0,450.25,14.35,3.82,824.88
1982-05-11,0.0,459.44,14.96,3.86,856.05
1982-05-12,0.14,367.13,16.01,5.63,919.4
1982-05-13,0.41,366.91,15.31,2.97,842.21
1982-05-14,0.81,276.8,14.69,6.45,932.56
1982-05-15,0.32,481.76,17.65,2.08,817.9
1982-05-16,0.27,411.11,19.96,5.96,965.64
1982-05-17,4.64,347.07,19.07,5.94,948.49
1982-05-18,2.29,390.88,16.18,2.78,795.85
1982-05-19,0.08,434.87,16.37,1.89,769.24
1982-05-20,0.03,508.59,20.57,4.35,879.72
1982-05-21,0.02,449.29,19.8,5.39,944.7
1982-05-22,0.05,404.75,19.06,6.6,971.12
1982-05-23,0.02,503.04,18.61,2.93,831.2
1982-05-24,0.0,531.48,22.91,4.29,909.7
1982-05-25,0.0,524.54,25.18,7.27,1044.29
1982-05-26,0.66,369.26,23.91,5.32,936.73
1982-05-27,4.6,354.69,16.79,5.11,925.34
1982-05-28,9.82,368.21,19.63,6.53,986.33
1982-05-29,3.91,432.98,23.18,3.85,908.73
1982-05-30,0.03,525.22,25.77,5.08,960.13
1982-05-31,0.01,520.21,25.55,6.54,1033.49
1982-06-01,0.0,450.84,24.37,8.02,1057.75
1982-06-02,0.31,302.68,17.69,7.15,1005.54
1982-06-03,0.56,323.12,16.13,5.95,932.01
1982-06-04,0.26,410.01,16.39,3.78,852.28
1982-06-05,1.14,335.49,16.22,6.55,954.49
1982-06-06,0.63,353.06,16.15,6.02,926.98
1982-06-07,0.04,486.66,17.73,4.19,859.02
1982-06-08,0.0,511.46,20.04,5.7,924.56
1982-06-09,0.0,529.36,24.08,6.18,981.01
1982-06-10,0.0,538.72,27.77,6.41,1028.02
1982-06-11,0.03,465.1,27.38,7.86,1100.29
1982-06-12,0.07,384.6,25.78,9.12,1138.46
1982-06-13,0.03,290.35,19.89,9.46,1137.69
1982-06-14,0.0,347.71,17.01,9.32,1115.01
1982-06-15,0.0,483.8,22.17,7.86,1058.21
1982-06-16,0.0,526.86,25.28,7.23,1056.46
1982-06-17,0.0,527.36,27.54,8.81,1172.79
1982-06-18,0.0,524.34,31.98,10.88,1345.78
1982-06-19,0.0,521.93,33.6,11.71,1408.2
1982-06-20,0.0,512.13,33.12,10.38,1282.24
1982-06-21,0.0,481.42,26.96,10.16,1210.03
1982-06-22,0.0,491.3,23.24,8.6,1106.68
1982-06-23,0.0,524.01,25.04,6.8,1041.14
1982-06-24,0.2,441.27,29.12,8.02,1161.05
1982-06-25,6.43,384.13,28.93,10.95,1335.23
1982-06-26,26.54,264.16,26.95,12.28,1384.19
1982-06-27,16.79,256.2,19.5,11.65,1347.15
1982-06-28,3.24,257.31,19.31,11.24,1293.21
1982-06-29,0.35,427.57,21.1,9.69,1201.57
1982-06-30,0.02,379.26,20.91,11.26,1270.75
1982-07-01,0.6,280.15,19.89,10.55,1252.15
1982-07-02,1.31,217.33,17.35,11.59,1285.56
1982-07-03,3.03,247.22,17.05,9.48,1141.94
1982-07-04,2.5,335.0,16.97,7.07,1012.52
1982-07-05,0.94,297.65,17.39,9.18,1096.85
1982-07-06,0.24,363.86,20.22,8.52,1087.12
1982-07-07,0.04,459.54,21.38,9.47,1077.87
1982-07-08,0.0,521.64,21.44,5.09,908.45
1982-07-09,0.0,517.95,23.0,7.63,1004.06
1982-07-10,0.0,517.84,24.61,8.79,1071.13
1982-07-11,0.0,527.97,24.92,7.64,1016.34
1982-07-12,0.0,524.1,25.29,8.4,1040.13
1982-07-13,2.26,406.2,25.9,9.46,1113.16
1982-07-14,3.07,317.11,24.78,8.76,1045.53
1982-07-15,1.89,294.6,17.32,8.47,994.08
1982-07-16,0.46,388.45,18.41,9.31,967.26
1982-07-17,0.0,498.33,23.2,8.46,928.66
1982-07-18,0.0,494.93,23.44,10.16,1006.96
1982-07-19,0.0,405.09,22.38,10.92,1062.48
1982-07-20,0.02,402.13,20.59,10.04,1000.08
1982-07-21,0.01,471.01,19.67,6.19,795.8
1982-07-22,0.0,527.2,20.61,4.18,719.39
1982-07-23,0.0,530.32,23.23,6.9,817.61
1982-07-24,0.0,531.8,25.76,7.52,882.65
1982-07-25,0.0,518.48,25.41,9.72,980.68
1982-07-26,0.0,516.86,26.52,9.98,1021.7
1982-07-27,0.0,510.19,26.97,11.01,1087.07
1982-07-28,3.76,365.12,26.03,12.35,1176.51
1982-07-29,5.69,266.19,23.1,11.66,1139.12
1982-07-30,2.83,270.49,18.46,10.81,1089.48
1982-07-31,0.47,254.77,17.85,10.69,1064.3
1982-08-01,1.28,271.97,17.32,9.72,1032.09
1982-08-02,2.08,247.82,17.67,11.09,1058.72
1982-08-03,0.72,416.98,17.68,7.3,804.28
1982-08-04,0.0,509.13,20.16,4.28,664.46
1982-08-05,0.0,510.15,20.77,5.76,710.66
1982-08-06,0.0,508.32,23.8,7.67,806.33
1982-08-07,0.0,513.71,28.52,9.56,935.73
1982-08-08,0.57,386.6,28.42,12.01,1131.08
1982-08-09,1.16,308.92,27.78,10.93,1112.62
1982-08-10,0.64,234.27,20.13,11.12,1125.06
1982-08-11,0.19,320.32,20.33,10.58,1071.99
1982-08-12,3.45,294.17,20.62,11.6,1144.37
1982-08-13,3.84,228.21,20.0,12.1,1156.26
1982-08-14,1.08,420.43,18.97,5.61,802.71
1982-08-15,0.0,495.66,20.82,5.09,725.45
1982-08-16,0.0,484.14,21.71,7.68,801.99
1982-08-17,0.0,490.4,22.51,7.21,797.95
1982-08-18,0.0,498.94,24.48,6.23,767.53
1982-08-19,0.0,502.88,25.15,5.86,781.21
1982-08-20,0.0,486.01,27.93,10.27,964.68
1982-08-21,0.0,474.65,27.64,10.79,1009.72
1982-08-22,0.0,481.67,26.99,9.01,933.61
1982-08-23,0.0,484.82,27.7,8.73,920.64
1982-08-24,0.0,487.0,30.29,9.09,967.57
1982-08-25,0.0,474.37,30.99,11.61,1097.86
1982-08-26,0.09,351.05,29.94,12.44,1181.07
1982-08-27,0.25,232.82,22.28,12.94,1226.22
1982-08-28,0.1,381.6,21.41,10.33,1010.5
1982-08-29,0.25,335.6,22.42,9.05,981.89
1982-08-30,2.3,264.32,21.73,10.51,1072.36
1982-08-31,1.1,276.92,18.99,11.51,1088.12
1982-09-01,0.0,426.24,23.25,8.18,920.17
1982-09-02,1.73,350.12,28.56,10.09,1067.27
1982-09-03,3.27,329.35,29.06,11.9,1209.63
1982-09-04,2.59,198.96,28.14,12.58,1261.78
1982-09-05,5.05,270.84,21.24,10.53,1118.38
1982-09-06,2.34,337.23,23.88,8.73,1037.64
1982-09-07,0.17,307.43,23.29,12.22,1197.81
1982-09-08,2.8,291.99,22.41,11.11,1173.71
1982-09-09,10.81,258.6,21.33,11.63,1164.92
1982-09-10,11.42,292.06,20.26,4.74,867.47
1982-09-11,10.33,262.6,16.68,6.81,918.82
1982-09-12,5.42,225.05,16.49,8.53,1002.07
1982-09-13,1.19,314.21,18.76,4.77,851.0
1982-09-14,0.11,408.21,20.48,4.63,792.77
1982-09-15,0.0,425.81,21.72,3.35,754.65
1982-09-16,0.0,418.78,22.31,4.14,782.01
1982-09-17,0.0,420.97,25.59,4.75,834.97
1982-09-18,0.02,391.33,25.72,5.82,918.64
1982-09-19,2.1,293.0,24.95,9.43,1134.68
1982-09-20,1.75,115.24,23.43,12.34,1323.23
1982-09-21,0.35,218.92,18.12,11.78,1270.44
1982-09-22,0.0,316.86,19.31,9.29,1103.23
1982-09-23,0.05,314.42,21.54,7.84,1043.38
1982-09-24,1.22,273.15,23.17,9.76,1145.07
1982-09-25,5.23,211.69,22.54,10.17,1144.3
1982-09-26,5.96,184.71,17.59,9.59,1087.45
1982-09-27,1.82,302.87,16.07,6.29,896.05
1982-09-28,0.69,236.62,15.63,6.1,855.98
1982-09-29,1.02,270.32,15.54,1.43,695.14
1982-09-30,0.34,344.49,18.14,2.24,681.29
1982-10-01,1.7,293.24,18.47,2.86,730.75
1982-10-02,1.68,226.61,17.83,5.22,803.58
1982-10-03,0.51,284.56,14.46,2.13,700.05
1982-10-04,0.08,297.43,14.44,2.89,695.65
1982-10-05,2.75,275.98,16.22,1.99,711.37
1982-10-06,9.42,207.63,15.96,6.85,893.4
1982-10-07,17.4,189.66,15.23,5.25,867.91
1982-10-08,12.59,186.41,13.09,5.22,879.1
1982-10-09,11.7,154.37,14.57,8.35,1006.65
1982-10-10,4.38,313.41,17.92,3.53,834.85
1982-10-11,0.0,321.08,19.46,4.03,821.48
1982-10-12,0.0,310.96,19.03,4.85,851.44
1982-10-13,0.0,309.63,18.95,3.93,824.52
1982-10-14,0.0,311.91,20.66,4.26,848.13
1982-10-15,0.22,234.31,19.96,5.64,925.19
1982-10-16,11.39,150.89,18.75,7.24,960.78
1982-10-17,7.29,196.55,13.31,1.89,743.02
1982-10-18,0.91,231.76,11.35,-0.99,599.9
1982-10-19,0.04,297.24,13.44,-1.65,567.44
1982-10-20,1.57,217.29,13.77,0.04,640.75
1982-10-21,21.47,141.04,13.17,4.15,811.07
1982-10-22,39.65,130.46,14.62,8.52,1046.82
1982-10-23,17.19,168.55,16.23,6.97,1043.87
1982-10-24,2.68,150.94,16.13,8.31,1086.22
1982-10-25,7.07,154.72,15.71,7.31,1051.47
1982-10-26,13.41,130.42,15.19,7.33,1017.17
1982-10-27,14.06,131.79,13.27,4.61,891.38
1982-10-28,18.84,90.91,10.86,5.8,892.71
1982-10-29,15.07,138.67,10.48,3.26,804.97
1982-10-30,16.58,168.38,11.83,2.1,757.69
1982-10-31,9.1,142.48,11.81,4.5,830.18
1982-11-01,1.47,170.45,11.55,1.99,745.5
1982-11-02,0.04,243.1,11.83,-1.49,617.16
1982-11-03,13.2,170.75,11.76,0.72,678.3
1982-11-04,16.64,116.59,11.36,5.13,843.46
1982-11-05,13.36,130.2,10.5,3.15,793.6
1982-11-06,16.65,144.9,9.55,0.96,697.6
1982-11-07,7.2,121.66,8.8,1.5,679.47
1982-11-08,8.65,163.29,9.24,-2.41,560.94
1982-11-09,4.09,224.27,9.07,-4.13,482.73
1982-11-10,0.0,213.29,7.93,-4.56,455.41
1982-11-11,0.0,196.0,6.03,-3.18,488.21
1982-11-12,0.35,145.61,7.27,-1.95,538.58
1982-11-13,0.17,182.04,6.78,-1.6,546.43
1982-11-14,0.0,207.79,7.2,-4.66,467.22
1982-11-15,13.8,145.04,6.3,-3.73,484.93
1982-11-16,29.72,94.62,6.61,1.74,669.93
1982-11-17,18.74,79.03,8.81,4.79,823.35
1982-11-18,16.83,85.55,8.42,3.24,787.55
1982-11-19,10.15,97.71,8.2,2.91,749.19
1982-11-20,10.11,128.53,7.53,-1.16,606.07
1982-11-21,11.0,118.8,5.92,-2.26,527.26
1982-11-22,3.42,177.39,4.61,-4.25,468.22
1982-11-23,6.09,133.72,6.04,-2.87,492.05
1982-11-24,3.05,188.47,5.93,-5.55,431.46
1982-11-25,6.74,132.27,4.91,-5.11,428.86
1982-11-26,8.46,104.35,4.41,-1.09,551.66
1982-11-27,11.99,95.89,6.75,1.65,686.99
1982-11-28,12.54,83.37,9.29,4.93,835.29
1982-11-29,12.57,74.05,8.86,4.16,827.22
1982-11-30,10.93,54.24,7.51,3.82,794.53
1982-12-01,9.86,87.56,7.74,2.49,751.12
1982-12-02,21.08,64.48,7.42,2.81,748.86
1982-12-03,42.82,122.04,12.71,2.95,775.44
1982-12-04,17.03,131.69,11.76,-0.92,643.83
1982-12-05,1.6,105.45,9.3,-1.09,587.39
1982-12-06,2.57,93.16,5.72,-0.32,594.87
1982-12-07,0.89,132.97,5.1,-2.39,532.0
1982-12-08,0.0,118.23,3.73,-2.87,495.09
1982-12-09,0.0,141.84,4.44,-2.74,500.75
1982-12-10,0.0,159.0,6.48,-3.25,497.59
1982-12-11,3.64,124.33,6.2,-3.41,495.87
1982-12-12,6.86,104.66,6.5,-0.76,579.83
1982-12-13,5.43,93.14,7.46,1.65,679.78
1982-12-14,23.73,82.01,7.24,1.68,700.54
1982-12-15,47.87,80.34,7.29,2.56,744.22
1982-12-16,43.17,78.22,10.31,5.6,872.93
1982-12-17,23.37,82.5,10.03,2.95,796.09
1982-12-18,19.54,55.64,7.87,2.68,737.8
1982-12-19,11.37,88.29,6.55,0.96,677.27
1982-12-20,7.92,71.59,6.29,-0.17,618.11
1982-12-21,8.26,88.56,5.64,0.09,621.13
1982-12-22,7.96,88.64,5.74,0.28,625.7
1982-12-23,3.48,95.82,5.43,-1.92,556.0
1982-12-24,0.55,103.17,4.8,-2.01,541.12
1982-12-25,1.85,85.26,5.12,0.16,604.32
1982-12-26,1.82,88.8,5.01,-0.46,595.13
1982-12-27,0.46,153.04,4.81,-3.87,489.52
1982-12-28,0.0,155.12,4.35,-5.49,419.23
1982-12-29,0.0,145.37,3.02,-5.77,394.76
1982-12-30,0.0,131.7,1.36,-5.93,384.25
1982-12-31,1.92,118.3,1.11,-5.42,397.47
1983-01-01,7.57,112.64,1.71,-4.79,427.01
1983-01-02,22.5,88.94,3.31,-1.09,538.53
1983-01-03,31.98,70.39,3.9,0.74,627.43
1983-01-04,60.69,91.62,6.47,1.92,704.41
1983-01-05,42.48,100.87,10.12,4.72,827.87
1983-01-06,30.38,111.66,9.8,2.02,767.69
1983-01-07,45.33,84.28,9.86,5.81,881.09
1983-01-08,28.01,116.72,10.31,3.57,827.03
1983-01-09,28.92,96.2,9.69,2.17,759.58
1983-01-10,19.3,64.09,9.32,6.26,887.4
1983-01-11,4.95,129.96,11.05,1.15,737.51
1983-01-12,0.85,141.6,10.06,-0.99,620.03
1983-01-13,0.22,144.82,8.24,-1.31,581.61
1983-01-14,0.04,180.98,7.29,-3.18,517.3
1983-01-15,0.0,164.88,6.15,-3.08,502.94
1983-01-16,2.91,103.88,4.72,-0.7,585.74
1983-01-17,11.09,99.06,8.34,3.21,755.92
1983-01-18,11.44,80.63,9.43,5.5,880.14
1983-01-19,6.81,79.98,9.07,5.01,872.83
1983-01-20,2.24,83.44,8.42,3.62,792.36
1983-01-21,0.43,146.68,6.9,-0.57,640.13
1983-01-22,3.43,116.62,6.31,0.43,643.37
1983-01-23,20.33,100.63,7.09,2.49,726.41
1983-01-24,20.68,102.9,8.63,3.87,800.29
1983-01-25,16.5,80.32,8.26,4.12,820.96
1983-01-26,20.74,71.52,8.15,5.21,865.77
1983-01-27,11.44,114.2,10.01,4.89,856.64
1983-01-28,1.92,176.5,9.15,-0.53,666.04
1983-01-29,1.02,152.25,8.96,1.38,689.71
1983-01-30,2.29,132.06,8.69,2.6,744.5
1983-01-31,1.16,144.49,9.69,2.79,751.11
1983-02-01,0.13,229.59,9.65,-2.01,597.13
1983-02-02,0.0,235.89,10.71,-2.52,550.6
1983-02-03,0.0,240.51,10.71,-2.76,538.77
1983-02-04,0.0,241.86,9.69,-3.46,511.2
1983-02-05,1.36,195.94,8.33,-3.48,509.85
1983-02-06,15.74,159.04,8.0,-0.2,601.73
1983-02-07,8.27,166.07,7.93,-0.7,609.32
1983-02-08,7.37,142.34,7.12,0.22,632.27
1983-02-09,33.51,135.06,6.91,1.38,683.08
1983-02-10,47.26,122.25,7.65,2.88,751.58
1983-02-11,42.99,126.57,9.14,4.28,829.86
1983-02-12,27.58,96.63,9.18,5.67,895.22
1983-02-13,18.12,137.49,10.18,4.96,879.27
1983-02-14,18.16,149.13,9.89,3.35,804.06
1983-02-15,15.21,130.14,8.67,2.96,770.12
1983-02-16,21.1,135.19,8.75,4.06,809.41
1983-02-17,39.14,175.64,10.07,3.06,792.23
1983-02-18,16.55,186.15,10.14,2.61,767.4
1983-02-19,22.41,179.26,9.79,2.48,761.7
1983-02-20,13.7,159.01,10.0,4.28,812.63
1983-02-21,8.1,214.91,10.4,-0.06,695.62
1983-02-22,27.98,213.66,13.35,3.5,822.95
1983-02-23,35.97,155.73,13.73,8.35,1047.28
1983-02-24,15.46,186.26,13.29,5.12,930.02
1983-02-25,9.46,177.2,11.74,3.67,828.25
1983-02-26,7.6,183.59,10.31,3.77,799.93
1983-02-27,2.16,230.59,9.85,-0.67,650.15
1983-02-28,0.47,232.12,9.99,-0.03,646.5
1983-03-01,3.27,209.96,9.6,1.43,701.11
1983-03-02,9.84,182.12,9.02,3.09,770.26
1983-03-03,11.02,192.62,10.17,3.74,805.59
1983-03-04,3.53,230.37,11.15,2.33,768.94
1983-03-05,8.28,203.48,10.77,3.44,796.04
1983-03-06,14.95,174.97,9.65,4.31,836.1
1983-03-07,16.58,160.34,9.52,5.19,882.71
1983-03-08,26.93,149.14,9.91,6.0,938.45
1983-03-09,38.99,188.73,13.04,7.7,1033.4
1983-03-10,35.75,219.27,12.8,6.16,958.06
1983-03-11,11.99,275.86,12.27,1.15,754.92
1983-03-12,9.86,271.62,13.24,2.57,767.58
1983-03-13,12.74,260.97,12.68,1.86,748.86
1983-03-14,16.65,189.39,10.39,4.12,793.75
1983-03-15,8.47,272.6,10.31,-0.14,673.82
1983-03-16,1.09,382.58,14.03,0.6,686.13
1983-03-17,0.0,395.33,15.64,0.44,688.83
1983-03-18,0.0,403.08,16.33,-1.77,623.24
1983-03-19,0.0,408.4,16.48,-1.45,619.19
1983-03-20,0.0,410.27,15.63,-1.69,629.71
1983-03-21,0.87,295.41,15.01,3.42,800.53
1983-03-22,3.62,275.63,14.17,3.6,836.36
1983-03-23,4.68,241.44,12.93,4.57,843.65
1983-03-24,2.3,298.52,12.38,-0.29,684.22
1983-03-25,1.98,298.57,12.7,1.28,699.36
1983-03-26,2.98,291.02,12.01,0.25,671.31
1983-03-27,14.68,255.79,9.99,1.74,705.78
1983-03-28,37.86,212.24,9.08,1.92,726.34
1983-03-29,33.98,208.55,10.21,4.5,830.57
1983-03-30,25.39,253.44,11.49,3.89,821.57
1983-03-31,10.05,305.87,12.01,1.02,722.0
1983-04-01,22.5,283.54,11.47,2.13,728.26
1983-04-02,20.8,250.62,10.21,0.87,672.36
1983-04-03,23.21,307.61,10.1,-0.61,624.01
1983-04-04,9.1,437.77,12.98,-1.26,613.25
1983-04-05,0.0,462.29,16.72,-0.76,650.95
1983-04-06,0.07,394.48,17.19,0.65,718.23
1983-04-07,0.46,324.3,16.4,3.19,780.1
1983-04-08,0.54,357.19,14.06,-1.88,621.36
1983-04-09,2.09,289.59,11.04,1.58,685.29
1983-04-10,3.09,273.01,9.77,0.06,633.44
1983-04-11,1.42,326.38,9.47,-2.41,554.34
1983-04-12,0.18,424.59,11.42,-2.08,560.11
1983-04-13,0.0,475.48,14.13,-2.15,573.67
1983-04-14,0.0,486.71,16.82,-2.1,592.06
1983-04-15,0.0,492.52,18.63,-1.66,624.59
1983-04-16,7.7,381.76,20.35,-0.31,690.98
1983-04-17,11.54,369.31,22.44,0.8,775.1
1983-04-18,5.55,357.66,22.26,5.31,962.84
1983-04-19,0.85,439.6,21.44,5.81,973.15
1983-04-20,0.01,449.3,19.02,3.28,842.19
1983-04-21,0.05,401.54,16.37,1.97,778.32
1983-04-22,1.85,338.73,15.71,3.43,840.34
1983-04-23,6.13,289.83,15.83,6.28,965.03
1983-04-24,6.64,330.69,17.62,5.39,918.11
1983-04-25,3.59,375.46,17.23,-1.61,667.07
1983-04-26,1.33,328.59,14.19,3.48,785.22
1983-04-27,0.27,474.87,16.78,0.88,733.59
1983-04-28,0.84,394.65,20.63,1.35,769.61
1983-04-29,0.42,482.3,20.62,3.65,868.74
1983-04-30,0.0,454.68,20.23,5.58,963.77
1983-05-01,1.3,295.13,17.98,7.69,1053.45
1983-05-02,2.77,244.85,16.09,6.13,975.32
1983-05-03,1.11,310.54,14.35,5.55,922.54
1983-05-04,0.05,418.25,15.69,2.77,829.7
1983-05-05,0.19,350.31,16.54,5.55,926.66
1983-05-06,4.16,302.22,16.19,5.23,927.3
1983-05-07,7.6,280.37,14.47,5.98,932.49
1983-05-08,8.42,276.04,13.48,3.38,797.69
1983-05-09,4.17,351.44,12.68,0.02,669.85
1983-05-10,0.67,491.44,15.26,-0.16,681.89
1983-05-11,0.05,419.28,17.62,3.76,833.4
1983-05-12,0.02,499.82,19.9,3.09,840.92
1983-05-13,0.05,459.63,23.44,3.42,893.63
1983-05-14,6.4,386.05,22.62,6.4,999.73
1983-05-15,11.01,318.93,20.92,4.35,883.08
1983-05-16,4.12,373.17,15.77,4.3,875.99
1983-05-17,0.38,312.36,15.14,5.69,939.59
1983-05-18,0.17,354.63,15.56,7.1,985.85
1983-05-19,0.02,498.85,19.13,3.41,885.41
1983-05-20,0.0,498.7,21.45,7.72,1047.08
1983-05-21,0.0,505.12,20.49,5.63,965.26
1983-05-22,0.0,523.0,21.95,4.75,937.81
1983-05-23,0.0,530.5,26.59,6.19,1035.74
1983-05-24,0.0,528.57,28.19,7.28,1126.87
1983-05-25,0.0,499.15,27.02,9.8,1220.73
1983-05-26,0.0,480.8,23.78,8.44,1118.0
1983-05-27,0.0,523.21,24.48,5.71,1045.19
1983-05-28,0.0,521.37,31.54,10.27,1330.2
1983-05-29,0.0,514.43,32.74,11.81,1450.98
1983-05-30,0.97,344.26,30.85,11.26,1349.04
1983-05-31,0.99,219.84,19.78,11.02,1274.51
1983-06-01,0.32,276.3,15.9,9.18,1171.06
1983-06-02,0.1,239.35,15.96,10.3,1181.7
1983-06-03,0.08,356.65,16.21,6.35,971.22
1983-06-04,0.02,489.43,17.9,4.02,858.41
1983-06-05,0.0,478.57,17.63,5.98,923.02
1983-06-06,0.0,510.35,21.25,6.04,963.4
1983-06-07,0.0,528.7,25.35,6.86,1046.4
1983-06-08,0.47,419.65,25.04,9.62,1193.12
1983-06-09,5.03,289.63,24.19,10.07,1195.96
1983-06-10,8.13,237.63,17.7,9.33,1137.8
1983-06-11,3.58,299.49,17.66,8.36,1067.19
1983-06-12,0.71,404.93,18.76,6.49,964.92
1983-06-13,0.18,498.98,21.39,7.07,991.04
1983-06-14,2.56,404.59,22.66,8.84,1112.36
1983-06-15,2.67,334.45,22.4,9.37,1116.98
1983-06-16,6.02,335.84,19.0,6.54,997.05
1983-06-17,12.71,271.89,16.79,9.22,1097.68
1983-06-18,17.49,254.68,16.17,8.41,1063.89
1983-06-19,20.16,305.29,16.04,7.06,977.05
1983-06-20,6.98,435.86,17.84,4.58,879.27
1983-06-21,0.01,495.68,20.1,7.0,988.14
1983-06-22,1.23,381.15,20.85,9.12,1109.02
1983-06-23,5.85,339.62,20.56,6.89,997.8
1983-06-24,8.65,325.31,16.29,6.81,989.31
1983-06-25,4.16,325.49,17.75,8.58,1100.56
1983-06-26,0.57,416.34,19.97,10.9,1204.0
1983-06-27,0.14,423.27,21.6,9.07,1118.5
1983-06-28,0.07,509.21,21.72,7.7,1032.57
1983-06-29,2.03,363.08,21.44,10.02,1108.5
1983-06-30,8.28,378.87,19.07,5.8,959.37
1983-07-01,18.76,275.09,18.3,9.81,1093.39
1983-07-02,16.61,325.0,17.35,8.01,1027.92
1983-07-03,4.53,436.72,18.14,8.59,994.81
1983-07-04,0.0,517.0,21.67,6.93,958.78
1983-07-05,0.0,495.06,22.2,10.35,1101.2
1983-07-06,0.67,389.0,21.74,8.78,1060.17
1983-07-07,1.16,368.2,20.34,6.62,960.42
1983-07-08,1.78,361.9,19.4,8.67,1021.37
1983-07-09,1.74,387.14,19.51,5.75,940.95
1983-07-10,1.8,354.31,19.77,9.62,1125.36
1983-07-11,9.39,275.27,19.25,12.14,1312.11
1983-07-12,16.33,209.25,18.34,13.15,1405.31
1983-07-13,24.66,196.09,17.61,12.79,1351.84
1983-07-14,11.8,315.59,17.44,8.48,1113.84
1983-07-15,18.19,318.15,18.04,9.81,1140.19
1983-07-16,10.14,359.75,19.89,8.53,1086.43
1983-07-17,0.83,508.65,24.08,7.49,1056.5
1983-07-18,2.82,402.38,24.66,10.54,1260.51
1983-07-19,4.52,363.61,25.05,12.73,1396.15
1983-07-20,4.61,333.57,24.14,10.74,1250.83
1983-07-21,1.53,463.61,21.64,9.37,1134.45
1983-07-22,0.0,518.94,25.99,8.68,1132.86
1983-07-23,0.0,504.11,25.22,11.04,1232.81
1983-07-24,2.08,368.16,23.85,9.97,1208.45
1983-07-25,1.11,350.47,20.85,11.04,1245.24
1983-07-26,2.69,320.05,20.08,10.17,1218.23
1983-07-27,4.85,271.0,18.52,11.47,1266.84
1983-07-28,11.5,336.93,20.24,9.43,1152.55
1983-07-29,4.87,486.91,22.1,7.59,1045.56
1983-07-30,0.0,521.3,28.24,8.0,1129.5
1983-07-31,0.0,505.92,29.53,11.79,1361.92
1983-08-01,0.0,440.76,28.51,13.54,1410.83
1983-08-02,0.42,399.1,22.79,8.66,1156.65
1983-08-03,0.21,447.64,21.93,8.95,1082.37
1983-08-04,0.0,505.97,24.0,6.77,1020.09
1983-08-05,0.0,502.89,24.86,8.9,1121.41
1983-08-06,0.0,491.45,25.1,10.09,1192.85
1983-08-07,0.0,500.34,27.09,9.49,1216.52
1983-08-08,0.0,474.24,27.35,13.06,1381.82
1983-08-09,0.0,481.88,27.02,9.36,1193.26
1983-08-10,0.0,457.78,23.86,10.08,1202.75
1983-08-11,0.37,300.42,22.96,11.62,1321.45
1983-08-12,0.18,372.0,22.26,12.93,1371.12
1983-08-13,0.0,478.67,26.97,9.19,1198.0
1983-08-14,0.0,486.65,27.16,9.61,1173.6
1983-08-15,0.0,478.54,26.72,8.91,1113.69
1983-08-16,0.0,480.36,24.03,7.47,1040.14
1983-08-17,0.0,476.33,24.14,8.53,1097.45
1983-08-18,0.0,453.02,24.28,10.53,1195.15
1983-08-19,0.0,472.81,24.81,8.35,1098.4
1983-08-20,0.0,474.96,24.47,7.21,1026.4
1983-08-21,0.0,469.13,23.89,7.93,1066.66
1983-08-22,0.0,455.9,24.95,9.98,1184.77
1983-08-23,0.0,409.16,24.7,10.21,1210.06
1983-08-24,0.0,281.48,21.25,11.31,1269.24
1983-08-25,0.0,337.42,20.82,11.85,1287.84
1983-08-26,0.0,434.82,22.8,8.33,1123.08
1983-08-27,0.01,430.17,24.11,9.44,1171.48
1983-08-28,20.21,324.01,23.75,10.66,1285.46
1983-08-29,14.2,163.65,22.82,12.36,1393.11
1983-08-30,9.49,187.13,19.62,13.46,1478.56
1983-08-31,7.58,251.46,21.0,11.99,1413.06
1983-09-01,9.43,248.86,21.06,12.48,1415.32
1983-09-02,4.93,235.5,20.47,11.15,1327.08
1983-09-03,0.67,268.69,19.4,10.95,1292.95
1983-09-04,0.28,288.47,19.79,10.69,1243.07
1983-09-05,0.12,408.31,19.3,6.15,991.75
1983-09-06,0.21,333.62,19.12,4.84,902.49
1983-09-07,0.13,368.45,18.45,4.17,856.26
1983-09-08,9.06,323.6,18.07,4.06,851.98
1983-09-09,9.0,315.68,17.87,4.01,872.3
1983-09-10,30.25,270.88,17.35,7.44,1045.49
1983-09-11,15.17,238.38,18.61,10.39,1210.21
1983-09-12,0.58,381.39,19.62,7.09,1060.01
1983-09-13,0.0,416.13,22.58,6.35,1037.16
1983-09-14,0.0,374.06,22.05,10.3,1209.2
1983-09-15,0.14,318.5,21.06,7.29,1097.14
1983-09-16,0.2,294.77,19.45,8.32,1090.35
1983-09-17,2.62,299.93,18.11,5.92,979.73
1983-09-18,13.2,254.03,16.81,6.57,947.72
1983-09-19,5.98,381.58,16.28,0.56,723.02
1983-09-20,0.01,413.64,18.84,0.68,704.52
1983-09-21,0.0,406.48,22.69,3.49,834.35
1983-09-22,0.0,401.82,24.76,4.59,917.35
1983-09-23,0.0,394.61,23.85,5.45,978.91
1983-09-24,0.0,323.75,22.75,9.58,1137.85
1983-09-25,0.0,357.57,19.5,6.04,1005.67
1983-09-26,2.66,270.44,19.86,6.69,992.9
1983-09-27,1.34,339.26,18.92,2.84,803.27
1983-09-28,0.0,368.17,15.12,0.75,686.43
1983-09-29,0.0,377.08,16.54,-0.66,631.81
1983-09-30,0.0,379.45,17.93,-1.2,611.42
1983-10-01,0.02,355.95,18.61,-1.37,625.58
1983-10-02,0.12,264.76,17.85,3.05,803.48
1983-10-03,4.34,128.52,16.31,8.91,1057.38
1983-10-04,2.69,193.9,14.86,5.88,955.66
1983-10-05,5.44,241.5,15.74,2.59,795.4
1983-10-06,2.58,323.16,15.42,1.54,722.2
1983-10-07,0.0,328.61,15.12,1.02,697.37
1983-10-08,0.0,321.33,15.34,1.73,720.02
1983-10-09,0.0,309.41,14.94,2.1,730.47
1983-10-10,0.0,318.88,14.95,0.65,680.7
1983-10-11,0.0,320.66,15.4,-0.12,644.49
1983-10-12,0.0,317.71,14.94,-0.59,630.48
1983-10-13,0.24,215.39,14.19,1.99,723.24
1983-10-14,0.26,203.69,13.68,4.14,797.25
1983-10-15,0.07,288.0,13.42,0.25,669.38
1983-10-16,1.62,230.9,13.05,0.16,657.11
1983-10-17,2.16,191.34,13.86,3.49,773.55
1983-10-18,1.23,203.45,13.64,2.22,751.24
1983-10-19,11.38,138.87,12.71,3.59,797.65
1983-10-20,7.89,130.25,13.61,7.13,971.88
1983-10-21,8.82,123.67,14.01,7.79,1042.67
1983-10-22,8.24,137.05,14.41,7.53,1019.59
1983-10-23,2.22,236.21,13.93,2.47,793.84
1983-10-24,0.39,199.39,13.05,-0.09,668.82
1983-10-25,0.35,176.99,13.56,2.67,747.28
1983-10-26,0.33,206.65,16.81,3.04,810.38
1983-10-27,0.12,196.85,16.37,6.75,930.4
1983-10-28,0.03,210.32,14.39,1.81,776.79
1983-10-29,3.61,156.5,13.16,4.17,823.08
1983-10-30,15.57,121.22,12.68,6.13,920.74
1983-10-31,7.26,149.57,12.89,4.47,876.09
1983-11-01,20.96,124.61,12.57,5.19,896.84
1983-11-02,28.41,99.6,12.99,7.96,1038.04
1983-11-03,59.77,77.9,13.04,8.77,1091.17
1983-11-04,34.29,113.63,12.29,5.15,916.95
1983-11-05,16.02,136.63,10.44,1.29,736.77
1983-11-06,18.09,100.69,9.55,4.4,809.68
1983-11-07,19.33,117.32,9.64,3.4,796.19
1983-11-08,17.83,127.84,9.11,2.07,745.42
1983-11-09,10.88,120.2,10.17,3.81,802.97
1983-11-10,16.61,128.24,11.07,3.91,838.39
1983-11-11,18.82,115.29,12.35,6.25,940.16
1983-11-12,21.01,88.84,11.83,6.06,936.72
1983-11-13,21.43,96.36,9.91,4.31,856.13
1983-11-14,52.53,73.03,8.76,4.76,854.19
1983-11-15,81.26,103.36,10.79,5.52,913.78
1983-11-16,73.83,81.28,11.44,7.52,1003.66
1983-11-17,66.59,88.74,10.93,5.24,914.02
1983-11-18,40.89,109.26,10.12,4.34,851.57
1983-11-19,39.49,106.37,9.53,3.26,799.98
1983-11-20,36.15,81.81,8.42,4.05,798.49
1983-11-21,18.74,119.96,7.46,0.31,674.34
1983-11-22,30.89,111.01,6.73,0.38,648.56
1983-11-23,31.72,57.64,6.08,2.46,715.31
1983-11-24,26.1,106.52,9.97,4.11,802.64
1983-11-25,9.92,129.8,9.35,0.43,691.53
1983-11-26,7.86,108.71,8.32,0.73,670.73
1983-11-27,8.08,105.52,9.4,3.62,778.3
1983-11-28,2.5,108.29,8.88,2.98,755.4
1983-11-29,0.23,148.79,7.41,-3.2,547.53
1983-11-30,0.05,157.8,5.65,-1.53,537.68
1983-12-01,0.21,152.37,5.79,-5.6,447.99
1983-12-02,1.83,111.5,5.11,-2.46,501.89
1983-12-03,1.04,63.74,3.35,-0.29,572.34
1983-12-04,5.32,80.16,2.73,-1.44,556.48
1983-12-05,6.09,59.17,2.73,-0.25,582.07
1983-12-06,2.03,76.79,3.75,-0.24,588.37
1983-12-07,7.96,110.81,3.5,-4.03,490.16
1983-12-08,11.87,116.47,6.65,-0.87,573.44
1983-12-09,15.41,78.34,6.83,2.63,707.95
1983-12-10,14.98,88.07,6.65,1.8,708.17
1983-12-11,7.06,99.35,6.54,0.85,667.2
1983-12-12,21.94,98.94,6.24,-0.5,619.81
1983-12-13,24.87,108.41,8.79,1.69,696.76
1983-12-14,7.5,80.03,8.59,3.64,772.4
1983-12-15,0.13,141.45,7.66,0.37,672.37
1983-12-16,0.0,138.44,6.86,-1.24,579.27
1983-12-17,0.05,108.22,4.86,-3.33,498.88
1983-12-18,0.45,87.27,3.03,-2.69,490.74
1983-12-19,0.66,94.55,2.01,-3.4,469.72
1983-12-20,0.22,133.09,1.67,-5.56,398.92
1983-12-21,0.0,150.24,-0.1,-11.33,268.96
1983-12-22,0.0,160.95,-4.41,-13.72,204.72
1983-12-23,0.44,168.39,-4.78,-15.6,178.33
1983-12-24,9.45,159.1,-5.05,-12.63,215.07
1983-12-25,8.74,164.59,1.58,-6.74,344.84
1983-12-26,10.83,123.77,2.84,-1.33,510.19
1983-12-27,8.75,129.65,3.31,-2.03,524.77
1983-12-28,3.36,142.85,2.73,-3.81,473.1
1983-12-29,19.71,104.95,1.8,-2.56,490.94
1983-12-30,29.52,133.63,5.57,-0.25,587.1
1983-12-31,17.63,135.04,6.59,0.12,625.74
1984-01-01,10.85,137.62,6.29,-0.71,609.05
1984-01-02,19.4,111.75,6.35,1.88,694.49
1984-01-03,49.04,110.43,10.46,4.82,857.8
1984-01-04,28.88,96.33,12.67,7.99,1032.65
1984-01-05,4.88,101.75,12.4,5.56,954.78
1984-01-06,0.72,84.42,10.52,5.83,928.34
1984-01-07,4.43,76.71,10.12,5.91,922.56
1984-01-08,5.04,72.76,9.38,4.11,838.83
1984-01-09,3.22,66.49,7.57,4.11,818.27
1984-01-10,10.34,85.1,8.8,4.45,835.32
1984-01-11,4.8,113.57,8.83,3.22,791.4
1984-01-12,0.03,139.82,8.29,2.15,720.54
1984-01-13,0.0,179.54,6.94,-3.18,538.62
1984-01-14,0.0,175.63,5.81,-3.72,469.87
1984-01-15,0.85,184.98,4.06,-7.5,374.56
1984-01-16,0.43,233.19,4.0,-7.54,351.06
1984-01-17,0.0,235.07,3.1,-8.32,331.12
1984-01-18,0.0,235.21,1.9,-8.74,317.15
1984-01-19,0.0,238.0,2.68,-8.52,323.36
1984-01-20,1.54,197.57,2.72,-7.2,361.92
1984-01-21,13.02,168.33,4.98,-2.94,487.05
1984-01-22,13.61,161.05,8.64,-0.53,614.85
1984-01-23,35.63,109.05,8.69,3.85,788.95
1984-01-24,41.21,86.09,9.7,5.81,901.86
1984-01-25,40.34,102.9,9.61,4.82,865.14
1984-01-26,36.55,132.78,8.86,0.65,713.32
1984-01-27,12.9,111.26,9.63,4.5,824.59
1984-01-28,10.68,92.93,9.55,5.32,883.56
1984-01-29,4.99,153.3,9.87,3.95,830.14
1984-01-30,0.02,203.84,9.45,1.04,705.53
1984-01-31,0.12,175.19,8.51,-1.87,589.59
1984-02-01,0.06,211.26,9.49,0.12,627.96
1984-02-02,0.0,225.68,8.89,-1.85,578.22
1984-02-03,0.0,223.16,7.71,-1.81,562.0
1984-02-04,0.0,231.21,8.96,-1.49,577.08
1984-02-05,0.57,186.54,11.52,-2.04,589.7
1984-02-06,0.4,159.56,10.77,2.53,722.91
1984-02-07,3.81,176.86,9.97,-0.33,670.4
1984-02-08,9.85,147.07,10.35,3.49,781.3
1984-02-09,21.38,136.38,10.24,3.67,806.85
1984-02-10,22.26,115.3,9.36,2.44,748.45
1984-02-11,28.05,149.03,8.36,1.77,724.68
1984-02-12,31.67,139.3,9.16,3.33,778.12
1984-02-13,16.55,148.59,9.24,2.99,769.14
1984-02-14,10.71,164.92,8.84,0.54,674.49
1984-02-15,9.94,175.24,7.64,-0.11,629.8
1984-02-16,4.1,196.92,8.56,-0.93,600.72
1984-02-17,4.34,208.39,8.67,-2.17,567.07
1984-02-18,6.66,186.36,8.41,0.57,650.57
1984-02-19,20.46,117.38,8.06,3.52,769.77
1984-02-20,23.09,103.24,8.65,5.24,851.28
1984-02-21,12.31,154.02,8.34,2.25,742.75
1984-02-22,15.01,194.24,7.29,-1.38,594.02
1984-02-23,22.22,164.32,5.77,-1.15,572.65
1984-02-24,13.16,170.97,6.69,0.81,639.03
1984-02-25,3.76,222.68,8.47,-0.59,618.76
1984-02-26,10.58,214.68,8.43,-0.31,626.06
1984-02-27,9.89,189.93,8.54,1.4,692.45
1984-02-28,14.02,171.03,9.31,3.67,773.82
1984-02-29,12.6,188.17,8.89,0.75,724.91
1984-03-01,11.17,203.54,8.17,1.14,675.99
1984-03-02,5.64,230.6,9.44,0.47,655.07
1984-03-03,1.58,272.28,8.96,-1.74,580.55
1984-03-04,0.34,322.64,11.94,-2.07,569.5
1984-03-05,0.0,357.71,14.52,-2.1,585.63
1984-03-06,0.0,360.74,16.18,-1.06,639.06
1984-03-07,0.0,354.81,15.78,1.79,740.59
1984-03-08,0.59,276.15,16.26,1.68,771.8
1984-03-09,3.67,262.29,16.7,4.45,879.51
1984-03-10,4.56,250.09,15.98,4.71,884.31
1984-03-11,13.25,249.02,13.81,2.3,784.86
1984-03-12,16.07,164.77,11.24,4.57,827.34
1984-03-13,13.93,180.31,8.94,3.25,791.79
1984-03-14,12.28,199.07,9.94,3.66,808.7
1984-03-15,10.37,193.8,10.73,4.96,858.17
1984-03-16,18.08,230.32,10.58,2.94,790.09
1984-03-17,21.42,215.74,10.04,2.86,772.97
1984-03-18,12.6,217.36,10.6,4.25,830.5
1984-03-19,14.49,198.48,10.43,4.57,862.94
1984-03-20,20.83,155.4,10.51,6.5,933.81
1984-03-21,17.04,201.33,10.52,4.18,853.26
1984-03-22,6.99,213.12,10.58,4.22,841.54
1984-03-23,4.33,215.28,10.99,5.06,857.1
1984-03-24,5.65,290.32,10.64,0.1,692.52
1984-03-25,13.23,268.92,10.25,2.01,724.92
1984-03-26,5.77,266.4,10.52,3.47,775.45
1984-03-27,4.36,314.94,12.23,-0.74,661.78
1984-03-28,6.44,287.83,11.75,2.22,716.11
1984-03-29,2.29,321.92,10.98,-0.73,632.12
1984-03-30,0.08,407.52,14.35,-1.39,626.45
1984-03-31,1.04,336.65,16.64,2.19,758.9
1984-04-01,0.54,370.39,15.91,2.58,785.11
1984-04-02,4.25,290.06,14.06,3.27,795.86
1984-04-03,4.54,275.59,11.48,3.18,766.41
1984-04-04,1.79,332.71,11.38,-1.65,620.13
1984-04-05,1.17,331.46,13.03,1.18,676.37
1984-04-06,3.95,335.82,12.24,-1.41,612.9
1984-04-07,6.93,301.06,10.27,1.49,679.57
1984-04-08,4.77,333.54,11.36,-0.09,654.97
1984-04-09,26.28,309.12,10.8,1.38,684.75
1984-04-10,25.21,256.74,9.41,1.0,674.31
1984-04-11,17.34,254.22,8.36,2.14,716.41
1984-04-12,14.02,251.03,8.79,2.72,734.04
1984-04-13,4.9,328.69,10.53,0.03,675.75
1984-04-14,0.76,357.7,18.81,2.5,811.6
1984-04-15,1.56,356.81,22.76,6.07,977.31
1984-04-16,0.72,369.14,21.65,2.73,791.95
1984-04-17,1.26,388.12,12.69,-1.35,642.57
1984-04-18,3.61,336.33,13.41,3.14,772.04
1984-04-19,4.4,319.31,13.24,2.87,774.75
1984-04-20,5.21,330.23,12.09,1.38,738.53
1984-04-21,6.38,279.38,12.54,5.24,846.16
1984-04-22,4.2,346.78,12.4,-0.37,672.36
1984-04-23,2.17,335.54,11.58,0.84,668.73
1984-04-24,1.2,337.39,10.91,0.35,648.46
1984-04-25,0.62,391.12,11.44,-1.6,583.47
1984-04-26,0.2,465.49,13.82,-2.29,567.77
1984-04-27,0.02,510.94,17.27,-0.92,638.54
1984-04-28,1.08,386.12,17.37,2.8,775.17
1984-04-29,5.84,323.73,16.31,3.1,795.72
1984-04-30,12.88,248.07,12.25,4.66,840.82
1984-05-01,29.12,225.11,10.48,4.18,829.62
1984-05-02,15.46,233.8,10.37,4.65,827.03
1984-05-03,2.19,336.49,11.28,0.69,691.17
1984-05-04,4.15,360.46,11.36,0.15,657.67
1984-05-05,5.79,331.43,11.14,1.74,693.34
1984-05-06,2.7,375.56,12.44,-0.68,641.15
1984-05-07,4.02,393.77,18.07,0.48,726.78
1984-05-08,4.7,384.13,20.53,5.22,918.83
1984-05-09,4.8,349.9,19.47,4.01,855.74
1984-05-10,13.88,307.08,13.69,3.87,841.24
1984-05-11,13.2,264.74,12.74,6.18,930.99
1984-05-12,3.97,317.86,14.1,5.22,929.74
1984-05-13,2.57,301.11,15.44,7.45,997.35
1984-05-14,5.04,329.0,14.68,3.44,822.44
1984-05-15,2.51,353.5,12.93,2.38,758.76
1984-05-16,0.6,394.93,13.23,2.61,773.14
1984-05-17,0.16,480.82,16.31,4.65,873.25
1984-05-18,7.59,377.49,16.97,6.03,977.21
1984-05-19,17.8,302.14,16.45,8.5,1059.95
1984-05-20,8.77,331.05,15.23,3.97,850.35
1984-05-21,2.97,359.32,13.16,2.36,761.39
1984-05-22,19.44,355.17,12.91,2.97,784.82
1984-05-23,13.24,314.86,12.74,4.74,832.62
1984-05-24,2.36,376.55,13.91,1.31,720.79
1984-05-25,15.8,380.13,13.23,1.24,727.4
1984-05-26,10.13,314.52,13.69,5.87,895.37
1984-05-27,1.16,495.91,18.21,4.1,881.53
1984-05-28,0.0,537.85,25.08,5.7,985.27
1984-05-29,0.0,538.51,27.09,6.26,1037.37
1984-05-30,1.59,410.03,25.79,6.66,1000.24
1984-05-31,0.93,384.14,20.13,2.52,786.27
1984-06-01,0.07,502.95,15.46,1.9,746.03
1984-06-02,0.03,440.83,15.83,4.39,855.22
1984-06-03,7.8,346.17,15.73,6.35,962.79
1984-06-04,7.48,301.69,15.42,7.08,1009.86
1984-06-05,7.82,328.11,16.6,7.29,1018.09
1984-06-06,4.09,339.24,16.54,5.6,955.68
1984-06-07,1.81,314.29,15.95,7.79,1025.47
1984-06-08,3.59,315.5,15.59,5.58,926.69
1984-06-09,1.76,343.95,14.68,4.92,905.18
1984-06-10,0.14,451.38,17.29,7.23,991.09
1984-06-11,0.0,504.57,18.45,5.84,953.88
1984-06-12,0.0,518.69,19.91,6.23,990.95
1984-06-13,0.0,500.47,21.03,8.71,1122.99
1984-06-14,0.0,482.96,20.93,9.47,1171.8
1984-06-15,0.0,474.73,20.62,8.93,1119.09
1984-06-16,0.0,471.91,19.59,6.83,981.4
1984-06-17,0.0,513.67,18.26,4.7,876.35
1984-06-18,0.0,535.95,20.01,4.03,852.22
1984-06-19,7.46,421.61,20.86,4.76,935.25
1984-06-20,15.98,349.57,20.67,9.6,1163.82
1984-06-21,7.93,176.4,19.73,10.03,1184.92
1984-06-22,0.91,382.9,18.2,9.06,1123.96
1984-06-23,0.0,517.96,25.57,7.45,1106.06
1984-06-24,0.0,505.81,25.62,10.61,1222.33
1984-06-25,2.79,414.85,24.97,6.82,1120.83
1984-06-26,9.42,374.93,25.45,11.51,1332.09
1984-06-27,4.23,306.13,24.99,10.4,1271.88
1984-06-28,8.7,258.32,18.48,11.41,1278.24
1984-06-29,11.56,283.54,17.63,8.38,1096.25
1984-06-30,3.95,347.59,17.15,6.47,1010.58
1984-07-01,0.24,357.33,18.44,9.03,1131.57
1984-07-02,0.04,419.92,19.41,10.29,1206.29
1984-07-03,0.0,485.84,22.36,9.99,1229.1
1984-07-04,0.01,487.8,24.35,11.18,1320.6
1984-07-05,0.04,453.64,24.31,11.93,1317.25
1984-07-06,0.02,504.55,23.64,5.54,962.41
1984-07-07,0.0,527.83,20.52,5.02,905.65
1984-07-08,0.0,521.21,21.36,6.61,987.21
1984-07-09,0.0,501.81,21.23,8.32,1047.41
1984-07-10,0.0,516.51,20.79,5.82,948.41
1984-07-11,0.0,515.24,21.41,6.96,995.38
1984-07-12,0.0,449.89,20.62,9.12,1078.88
1984-07-13,0.0,494.16,20.89,7.57,1019.89
1984-07-14,0.0,524.04,23.37,6.5,997.22
1984-07-15,0.0,527.2,27.56,8.32,1124.21
1984-07-16,0.0,523.91,30.43,10.19,1258.37
1984-07-17,0.0,521.4,29.87,10.1,1233.5
1984-07-18,0.0,522.16,28.39,7.18,1032.02
1984-07-19,0.0,527.52,23.31,5.3,920.17
1984-07-20,0.0,499.36,21.51,6.78,947.79
1984-07-21,0.0,498.04,20.19,5.81,919.68
1984-07-22,0.0,524.23,25.57,6.16,973.8
1984-07-23,0.0,527.06,29.79,7.46,1085.78
1984-07-24,0.0,516.46,29.31,9.75,1242.17
1984-07-25,0.29,412.13,29.75,12.32,1368.07
1984-07-26,0.14,477.3,28.26,6.28,1027.51
1984-07-27,0.0,479.33,23.17,9.38,1120.27
1984-07-28,0.0,454.33,22.27,9.03,1112.41
1984-07-29,0.0,477.34,22.88,8.5,1101.96
1984-07-30,0.0,495.3,26.72,9.59,1175.51
1984-07-31,0.0,495.97,27.27,10.16,1184.19
1984-08-01,0.0,483.76,26.05,8.47,1076.73
1984-08-02,0.0,472.93,22.85,8.37,1042.89
1984-08-03,0.0,482.42,22.59,7.44,1003.79
1984-08-04,0.0,475.18,22.78,8.26,1050.95
1984-08-05,1.24,367.51,23.9,9.31,1128.09
1984-08-06,0.62,423.63,23.02,7.93,1041.0
1984-08-07,0.0,466.1,24.79,9.68,1134.06
1984-08-08,0.0,485.12,28.71,10.63,1238.08
1984-08-09,0.0,469.53,28.66,12.61,1318.54
1984-08-10,0.0,485.35,28.15,9.24,1132.3
1984-08-11,0.0,432.5,26.59,9.04,1068.96
1984-08-12,5.0,293.96,20.78,8.95,1072.96
1984-08-13,3.07,311.96,18.93,7.2,992.45
1984-08-14,0.29,442.79,21.69,7.47,966.09
1984-08-15,0.0,480.79,24.59,7.23,993.19
1984-08-16,0.06,372.92,24.76,10.24,1197.2
1984-08-17,0.06,315.85,24.38,13.29,1351.17
1984-08-18,0.01,441.01,23.8,9.07,1080.51
1984-08-19,0.0,463.6,23.49,6.99,925.87
1984-08-20,0.0,481.18,24.38,6.23,885.89
1984-08-21,0.0,485.49,26.14,6.9,900.07
1984-08-22,0.0,465.22,25.84,8.66,960.27
1984-08-23,0.0,450.68,24.33,8.31,934.5
1984-08-24,0.0,458.67,22.26,6.47,828.69
1984-08-25,0.0,465.96,23.74,7.24,855.97
1984-08-26,2.51,363.76,26.93,8.18,987.02
1984-08-27,3.66,335.76,26.45,10.5,1071.91
1984-08-28,1.2,441.0,25.08,4.32,771.84
1984-08-29,0.0,458.19,20.8,4.53,728.93
1984-08-30,0.0,454.18,21.75,5.77,809.43
1984-08-31,1.07,298.47,21.1,9.37,1012.53
1984-09-01,1.0,319.74,19.63,7.89,932.28
1984-09-02,0.23,443.18,21.04,3.53,724.14
1984-09-03,1.03,353.93,23.84,4.92,793.82
1984-09-04,4.57,326.94,23.45,7.58,927.82
1984-09-05,18.72,170.22,22.64,10.2,1080.88
1984-09-06,12.55,234.65,16.19,7.36,975.94
1984-09-07,7.46,246.68,17.47,8.37,1006.55
1984-09-08,5.94,245.54,18.0,8.96,1066.6
1984-09-09,15.18,235.14,19.05,10.52,1143.07
1984-09-10,11.24,263.28,18.66,7.74,1013.14
1984-09-11,10.5,278.38,17.43,5.69,903.09
1984-09-12,14.62,268.62,16.99,6.09,900.67
1984-09-13,6.92,302.27,18.97,4.12,849.37
1984-09-14,2.13,315.02,23.45,4.87,898.93
1984-09-15,1.54,309.36,24.9,6.26,1008.36
1984-09-16,0.59,269.15,24.23,11.15,1234.9
1984-09-17,0.07,355.21,22.66,9.68,1192.76
1984-09-18,0.0,353.33,23.74,11.47,1246.93
1984-09-19,0.34,288.03,22.94,7.74,1097.83
1984-09-20,0.32,249.64,21.24,9.74,1121.39
1984-09-21,1.33,277.59,19.63,5.16,907.28
1984-09-22,2.09,256.6,16.08,4.82,836.0
1984-09-23,3.14,264.05,15.02,2.47,737.31
1984-09-24,1.21,378.14,16.97,1.01,679.42
1984-09-25,0.0,350.99,16.89,4.73,803.23
1984-09-26,1.73,255.84,17.5,6.43,904.5
1984-09-27,5.22,276.39,18.01,2.74,779.78
1984-09-28,3.04,281.38,19.96,2.29,744.76
1984-09-29,5.49,281.22,21.75,2.69,775.44
1984-09-30,2.53,353.58,21.91,4.97,850.29
1984-10-01,0.0,316.87,21.1,6.3,897.81
1984-10-02,0.0,340.37,19.59,5.4,881.14
1984-10-03,2.83,257.77,19.83,5.73,945.95
1984-10-04,3.59,157.94,19.34,10.84,1159.08
1984-10-05,1.36,220.12,16.34,4.32,914.11
1984-10-06,10.51,144.26,14.72,8.07,1024.07
1984-10-07,15.97,183.15,18.34,9.86,1193.53
1984-10-08,12.21,132.17,18.25,12.63,1363.31
1984-10-09,19.93,115.75,17.72,9.65,1202.57
1984-10-10,30.52,111.19,14.04,8.64,1101.71
1984-10-11,17.1,136.66,13.39,7.54,1029.45
1984-10-12,21.45,174.91,13.48,5.49,918.23
1984-10-13,19.64,171.36,12.96,3.45,798.21
1984-10-14,8.77,200.48,10.54,0.81,681.45
1984-10-15,1.8,247.88,11.08,-0.86,608.68
1984-10-16,0.01,295.44,11.5,-1.35,580.83
1984-10-17,0.09,247.13,11.65,-1.92,566.28
1984-10-18,0.04,278.01,11.12,-0.97,585.23
1984-10-19,0.72,207.15,10.03,-1.21,597.55
1984-10-20,0.78,175.78,10.65,2.6,717.64
1984-10-21,0.21,253.51,11.59,1.24,695.23
1984-10-22,0.0,266.0,11.83,-0.65,632.15
1984-10-23,1.61,178.6,11.37,1.21,692.5
1984-10-24,15.91,97.55,10.17,5.92,885.32
1984-10-25,17.4,110.18,12.01,7.06,967.06
1984-10-26,9.34,161.75,11.57,1.89,764.49
1984-10-27,11.95,167.26,9.77,-0.02,647.99
1984-10-28,9.22,162.63,8.77,0.57,647.21
1984-10-29,6.85,170.23,8.43,-0.67,613.46
1984-10-30,8.59,161.32,8.09,-0.06,613.05
1984-10-31,3.59,157.01,7.56,-2.49,542.63
1984-11-01,38.35,110.15,5.27,0.27,617.47
1984-11-02,47.92,146.55,10.97,3.63,784.9
1984-11-03,31.28,120.56,10.76,5.08,869.34
1984-11-04,16.77,147.03,11.48,3.74,824.48
1984-11-05,6.69,155.92,10.62,1.06,724.99
1984-11-06,12.99,101.69,9.5,4.76,824.31
1984-11-07,9.57,120.63,9.39,3.39,798.3
1984-11-08,12.62,120.48,8.77,1.85,725.94
1984-11-09,16.19,111.2,7.67,2.05,724.14
1984-11-10,28.7,115.77,9.66,3.69,801.27
1984-11-11,22.95,87.81,9.72,5.44,892.0
1984-11-12,10.13,100.22,11.71,6.56,958.94
1984-11-13,4.06,111.15,11.13,4.59,862.07
1984-11-14,1.03,149.11,9.49,-1.74,618.81
1984-11-15,0.08,148.14,7.62,-1.03,580.49
1984-11-16,0.01,196.62,8.92,-1.6,578.7
1984-11-17,11.59,137.13,8.45,-0.19,637.93
1984-11-18,20.9,73.78,8.63,5.01,823.73
1984-11-19,21.27,71.86,8.25,4.46,836.74
1984-11-20,7.61,111.62,9.02,2.82,767.69
1984-11-21,0.42,119.54,8.3,0.31,655.43
1984-11-22,7.28,119.38,6.4,-0.44,625.13
1984-11-23,16.51,80.8,7.46,3.39,733.66
1984-11-24,20.07,108.02,6.77,-0.87,618.71
1984-11-25,12.77,92.09,4.82,-0.42,587.24
1984-11-26,13.79,102.65,3.92,-2.17,539.96
1984-11-27,45.85,105.09,5.41,-0.57,595.99
1984-11-28,35.28,94.54,8.25,2.96,726.51
1984-11-29,21.48,95.65,7.59,0.2,649.16
1984-11-30,9.78,114.76,6.01,-1.26,577.28
1984-12-01,1.57,104.8,5.3,-2.61,518.83
1984-12-02,0.11,134.5,5.19,-2.71,508.74
1984-12-03,0.01,165.29,5.96,-3.51,488.68
1984-12-04,0.0,165.59,5.57,-4.58,452.37
1984-12-05,0.02,151.45,4.98,-5.43,424.38
1984-12-06,2.16,119.71,4.31,-4.37,451.17
1984-12-07,19.52,91.92,4.98,-0.31,581.16
1984-12-08,13.08,64.03,6.29,2.76,701.44
1984-12-09,6.8,99.46,5.98,-1.83,580.41
1984-12-10,7.12,95.03,4.29,-2.22,526.2
1984-12-11,13.46,64.09,3.39,-1.46,536.37
1984-12-12,13.09,104.31,5.3,-1.75,547.01
1984-12-13,23.37,94.36,5.03,-1.83,551.46
1984-12-14,43.54,97.81,7.76,1.24,648.38
1984-12-15,18.43,84.16,7.41,-1.58,575.01
1984-12-16,2.7,65.24,3.24,-1.12,549.54
1984-12-17,3.71,79.48,2.27,-2.59,499.77
1984-12-18,1.41,151.66,1.55,-7.34,372.48
1984-12-19,0.41,157.68,0.1,-8.39,323.05
1984-12-20,6.01,149.34,-0.28,-7.03,348.68
1984-12-21,11.37,136.24,2.25,-3.66,450.26
1984-12-22,11.45,130.14,6.29,0.4,609.25
1984-12-23,4.38,107.07,7.35,1.91,690.37
1984-12-24,0.39,152.61,7.02,-1.44,594.32
1984-12-25,0.22,97.18,5.16,-0.61,577.85
1984-12-26,5.69,114.37,4.09,-2.24,537.67
1984-12-27,10.47,81.81,3.85,-1.11,546.29
1984-12-28,9.24,88.84,2.49,-2.39,518.63
1984-12-29,30.86,69.53,2.18,-1.46,534.56
1984-12-30,22.91,68.08,2.9,-0.6,566.26
1984-12-31,4.44,80.94,2.69,-2.29,515.06
1985-01-01,0.01,135.08,1.31,-4.65,441.22
1985-01-02,0.0,148.02,2.05,-4.65,429.17
1985-01-03,0.0,145.41,2.82,-3.98,447.15
1985-01-04,0.37,113.35,2.38,-4.48,445.96
1985-01-05,0.23,121.72,4.79,-1.33,535.18
1985-01-06,0.03,135.37,4.56,-1.7,547.46
1985-01-07,0.0,161.43,5.86,-1.95,537.92
1985-01-08,0.0,154.82,5.15,-3.54,488.38
1985-01-09,0.04,110.18,2.96,-1.99,517.79
1985-01-10,0.02,101.84,2.93,-0.63,562.67
1985-01-11,0.0,143.85,3.53,-2.25,529.22
1985-01-12,0.0,177.5,6.67,-2.53,522.23
1985-01-13,2.53,118.1,5.91,-2.52,520.12
1985-01-14,6.47,130.0,6.86,-1.01,579.62
1985-01-15,3.63,126.17,7.32,0.59,641.77
1985-01-16,0.51,169.26,7.13,-0.48,612.81
1985-01-17,0.0,184.52,7.24,-2.21,557.35
1985-01-18,0.02,147.15,6.66,-0.55,602.24
1985-01-19,1.34,95.47,6.76,2.14,694.71
1985-01-20,2.59,116.48,7.15,1.44,692.11
1985-01-21,0.96,157.24,6.62,0.33,644.79
1985-01-22,0.0,165.33,6.18,-0.08,617.85
1985-01-23,0.0,168.92,5.48,-1.24,572.08
1985-01-24,0.0,179.55,4.98,-1.98,537.75
1985-01-25,0.0,195.4,5.0,-2.91,501.49
1985-01-26,0.0,200.8,4.2,-4.66,447.48
1985-01-27,0.0,173.62,2.97,-3.65,462.18
1985-01-28,0.05,156.89,4.37,-1.64,525.76
1985-01-29,0.03,214.2,6.07,-3.37,493.23
1985-01-30,0.0,219.51,5.16,-5.18,432.54
1985-01-31,3.92,183.2,5.37,-5.53,421.16
1985-02-01,6.23,159.18,4.82,-3.12,474.06
1985-02-02,2.18,168.81,3.62,-3.55,461.98
1985-02-03,0.04,216.74,2.33,-7.42,361.38
1985-02-04,1.54,219.51,0.96,-9.97,303.14
1985-02-05,2.85,153.96,0.48,-4.3,408.9
1985-02-06,10.16,113.73,1.69,-1.9,500.73
1985-02-07,10.77,158.27,3.54,-2.55,507.14
1985-02-08,6.14,154.02,3.39,-2.38,507.73
1985-02-09,9.5,162.07,3.72,-2.69,506.18
1985-02-10,33.71,170.96,5.64,-1.42,551.1
1985-02-11,40.14,183.63,6.86,-0.99,578.87
1985-02-12,13.34,186.32,7.08,-1.61,559.97
1985-02-13,0.46,196.37,6.74,-3.37,504.91
1985-02-14,7.52,198.92,7.17,-2.53,521.7
1985-02-15,4.85,200.18,7.73,-1.81,547.42
1985-02-16,0.76,208.32,7.45,-3.13,512.53
1985-02-17,0.12,231.71,6.85,-3.29,494.43
1985-02-18,3.86,220.95,8.94,-3.39,508.44
1985-02-19,11.66,198.17,8.62,-0.29,600.86
1985-02-20,6.44,182.33,7.93,0.07,638.04
1985-02-21,3.17,161.37,8.61,2.81,741.78
1985-02-22,1.76,151.99,9.79,4.48,831.71
1985-02-23,6.75,140.91,9.55,4.46,841.26
1985-02-24,5.29,159.46,9.43,3.94,794.63
1985-02-25,1.29,235.87,9.68,-2.68,581.52
1985-02-26,0.24,226.68,9.42,-0.43,601.33
1985-02-27,0.05,326.24,12.9,-2.02,581.95
1985-02-28,0.15,236.95,12.28,0.17,636.7
1985-03-01,1.19,211.47,9.5,1.26,657.15
1985-03-02,0.61,257.12,10.65,-4.31,501.48
1985-03-03,7.01,258.25,9.9,-4.6,466.71
1985-03-04,11.27,219.39,7.94,-1.17,557.59
1985-03-05,6.31,182.54,6.57,0.37,612.42
1985-03-06,2.65,247.69,8.09,-2.12,548.29
1985-03-07,0.73,307.36,10.6,-3.89,495.18
1985-03-08,0.01,363.19,12.44,-3.28,508.25
1985-03-09,0.0,372.33,12.69,-3.29,510.21
1985-03-10,0.0,377.18,13.04,-4.2,487.01
1985-03-11,0.0,377.93,12.26,-3.7,499.09
1985-03-12,0.0,354.12,11.04,-1.01,569.65
1985-03-13,0.0,381.23,13.06,-3.02,538.28
1985-03-14,0.0,370.36,12.45,-0.86,580.62
1985-03-15,0.0,387.98,13.2,-2.62,538.47
1985-03-16,0.0,401.83,15.49,-3.53,534.41
1985-03-17,0.0,335.01,14.89,3.05,726.74
1985-03-18,0.02,233.91,12.22,3.15,759.19
1985-03-19,3.67,216.51,9.99,2.7,739.27
1985-03-20,12.11,239.07,9.7,0.98,668.55
1985-03-21,21.68,250.6,8.9,-0.88,593.02
1985-03-22,25.51,251.46,8.1,-0.77,587.45
1985-03-23,32.86,247.79,8.48,0.03,612.16
1985-03-24,19.09,243.26,8.03,-0.7,589.98
1985-03-25,10.62,216.84,6.9,-1.16,562.86
1985-03-26,13.23,197.9,5.23,-1.48,548.92
1985-03-27,11.52,229.98,6.79,-0.5,581.39
1985-03-28,4.25,303.8,10.91,-1.95,554.42
1985-03-29,17.37,297.64,10.24,-2.91,526.55
1985-03-30,29.88,271.59,10.11,1.14,667.99
1985-03-31,15.33,209.89,10.39,4.43,828.71
1985-04-01,2.69,239.26,14.01,6.41,944.05
1985-04-02,1.21,251.27,13.59,5.61,893.95
1985-04-03,2.14,306.09,12.73,0.37,700.31
1985-04-04,1.27,286.3,12.03,2.79,760.73
1985-04-05,0.24,312.7,13.61,4.84,828.03
1985-04-06,0.01,453.92,19.73,-1.2,682.17
1985-04-07,0.0,443.51,19.06,4.85,853.18
1985-04-08,0.0,447.68,18.01,3.8,836.75
1985-04-09,0.12,362.64,22.33,1.91,812.98
1985-04-10,7.7,338.67,21.43,6.07,961.67
1985-04-11,13.86,187.19,19.43,6.65,965.58
1985-04-12,5.33,303.24,17.0,5.95,942.3
1985-04-13,0.18,398.82,18.28,3.17,849.21
1985-04-14,0.01,409.89,17.64,6.68,933.93
1985-04-15,0.0,459.33,15.94,2.96,820.34
1985-04-16,0.29,307.89,15.36,5.84,885.05
1985-04-17,2.76,281.84,13.1,2.84,771.48
1985-04-18,5.42,270.23,10.1,2.36,710.23
1985-04-19,2.96,324.82,9.2,-1.14,588.59
1985-04-20,0.59,354.38,10.01,-2.14,539.85
1985-04-21,1.41,367.94,11.13,-2.77,537.2
1985-04-22,17.15,325.87,10.96,0.96,646.33
1985-04-23,21.35,308.84,10.14,0.96,664.6
1985-04-24,9.79,297.09,9.53,1.2,656.01
1985-04-25,5.41,358.91,10.62,-2.3,572.44
1985-04-26,29.12,288.02,10.48,1.93,715.63
1985-04-27,27.9,154.39,10.38,7.17,910.92
1985-04-28,7.93,328.98,11.19,-0.26,672.05
1985-04-29,0.56,391.03,14.47,-0.75,625.86
1985-04-30,0.08,500.47,17.09,0.14,671.64
1985-05-01,0.0,516.9,20.62,2.23,767.45
1985-05-02,3.35,401.01,20.49,2.59,805.8
1985-05-03,8.31,354.88,19.98,3.73,825.29
1985-05-04,7.09,315.0,15.22,3.63,803.77
1985-05-05,2.72,333.17,12.71,2.27,756.04
1985-05-06,1.69,339.91,13.52,3.06,756.9
1985-05-07,3.55,384.99,14.37,-1.05,636.3
1985-05-08,6.9,369.01,13.5,0.77,663.66
1985-05-09,2.93,400.3,15.53,-0.37,667.06
1985-05-10,2.39,362.65,14.95,3.54,768.86
1985-05-11,1.25,374.78,13.89,-0.55,630.74
1985-05-12,0.79,397.4,14.67,-2.06,599.8
1985-05-13,2.63,359.1,14.37,3.4,771.59
1985-05-14,2.01,363.99,15.45,3.38,787.28
1985-05-15,0.44,518.99,22.77,0.19,740.07
1985-05-16,0.0,532.69,28.86,5.5,983.11
1985-05-17,0.0,520.62,27.69,8.13,1123.99
1985-05-18,0.0,475.03,26.39,8.12,1063.0
1985-05-19,0.0,497.89,19.51,4.72,902.28
1985-05-20,0.0,456.0,18.05,5.71,915.96
1985-05-21,0.24,387.25,20.44,6.12,1001.98
1985-05-22,0.26,379.55,25.06,8.87,1184.81
1985-05-23,2.09,362.21,24.11,10.29,1270.27
1985-05-24,2.88,299.98,22.81,10.18,1244.83
1985-05-25,0.96,320.39,19.06,10.39,1227.6
1985-05-26,0.09,321.54,18.4,8.83,1130.32
1985-05-27,0.18,294.63,17.02,8.3,1077.67
1985-05-28,0.7,323.56,17.09,6.78,1006.11
1985-05-29,2.29,284.17,16.46,7.21,998.41
1985-05-30,1.07,319.81,15.57,6.2,942.21
1985-05-31,0.49,383.76,19.52,3.88,892.71
1985-06-01,0.82,273.66,18.83,8.69,1069.24
1985-06-02,0.33,322.41,16.29,8.06,1047.8
1985-06-03,3.18,356.63,17.64,5.97,980.41
1985-06-04,2.86,339.16,18.93,8.59,1095.73
1985-06-05,1.85,321.61,18.36,8.59,1114.76
1985-06-06,18.22,278.32,17.58,9.24,1149.98
1985-06-07,26.67,214.47,16.33,10.18,1149.63
1985-06-08,8.97,410.22,17.89,3.25,851.73
1985-06-09,0.02,524.58,20.43,3.73,836.84
1985-06-10,0.0,543.25,24.21,4.62,912.42
1985-06-11,0.0,526.27,25.14,6.74,1072.07
1985-06-12,0.18,377.52,24.88,12.06,1335.94
1985-06-13,4.61,324.83,23.13,8.53,1183.24
1985-06-14,7.01,221.55,17.72,12.09,1317.14
1985-06-15,3.81,318.72,18.9,9.06,1141.64
1985-06-16,0.72,515.79,22.45,3.94,910.94
1985-06-17,0.0,544.8,29.95,5.59,1008.68
1985-06-18,0.0,539.47,32.44,7.35,1134.05
1985-06-19,0.0,536.1,31.97,8.28,1198.34
1985-06-20,0.0,472.39,30.53,11.06,1231.78
1985-06-21,0.0,520.16,22.07,5.35,957.56
1985-06-22,0.0,515.79,21.02,6.32,925.92
1985-06-23,0.0,517.86,19.85,4.59,839.28
1985-06-24,0.0,536.35,19.4,2.75,773.6
1985-06-25,0.0,536.51,21.19,4.34,822.6
1985-06-26,0.0,544.02,22.68,3.57,813.96
1985-06-27,0.0,533.62,22.32,4.59,833.19
1985-06-28,0.0,536.22,21.14,3.66,815.79
1985-06-29,0.33,408.71,21.09,5.94,897.83
1985-06-30,0.16,508.8,20.77,4.18,816.01
1985-07-01,0.0,544.26,25.02,4.19,849.32
1985-07-02,0.0,539.52,28.9,7.3,1006.69
1985-07-03,0.0,532.73,28.61,7.97,1045.17
1985-07-04,0.0,530.49,27.98,6.83,1011.45
1985-07-05,0.04,391.73,25.49,10.3,1137.1
1985-07-06,0.02,489.14,22.61,6.86,1002.91
1985-07-07,0.0,520.83,28.16,9.0,1103.01
1985-07-08,0.0,526.69,29.3,8.66,1128.76
1985-07-09,0.0,524.45,31.59,9.96,1214.9
1985-07-10,0.0,515.65,30.31,10.85,1232.25
1985-07-11,0.0,508.44,28.56,8.85,1093.02
1985-07-12,0.0,503.03,24.59,8.41,1036.48
1985-07-13,0.0,514.79,24.84,7.08,979.35
1985-07-14,0.0,524.99,27.23,7.33,1013.18
1985-07-15,0.0,504.02,26.4,9.54,1129.75
1985-07-16,0.0,454.76,25.39,11.04,1223.83
1985-07-17,0.0,463.29,25.7,11.69,1267.71
1985-07-18,0.0,509.58,31.17,10.5,1247.33
1985-07-19,0.0,516.03,33.62,11.21,1299.34
1985-07-20,0.0,514.82,32.51,11.26,1285.66
1985-07-21,0.0,483.97,31.02,10.51,1210.57
1985-07-22,0.0,448.41,25.29,11.57,1233.73
1985-07-23,0.0,429.77,23.82,11.84,1230.31
1985-07-24,0.0,424.8,23.22,11.04,1147.16
1985-07-25,0.0,507.25,27.02,7.37,969.75
1985-07-26,0.0,522.15,28.94,8.33,943.43
1985-07-27,0.0,524.12,29.1,8.13,910.63
1985-07-28,0.0,526.04,31.67,8.9,963.01
1985-07-29,0.0,511.76,30.72,10.92,1072.64
1985-07-30,1.6,325.49,29.47,11.69,1195.6
1985-07-31,3.04,271.69,22.18,12.38,1261.52
1985-08-01,2.99,251.01,21.06,12.59,1283.69
1985-08-02,1.05,279.75,21.58,13.04,1236.58
1985-08-03,0.06,465.77,25.69,9.52,990.34
1985-08-04,0.0,451.47,24.76,11.02,995.91
1985-08-05,0.0,485.79,23.66,7.74,858.73
1985-08-06,0.65,390.0,23.91,6.89,879.48
1985-08-07,5.35,319.67,23.16,10.44,1012.02
1985-08-08,3.7,332.47,21.18,7.65,930.38
1985-08-09,0.6,364.96,20.16,10.64,986.76
1985-08-10,0.03,416.27,22.73,7.22,852.35
1985-08-11,0.01,499.18,25.72,6.51,802.32
1985-08-12,0.0,479.64,25.93,10.55,939.06
1985-08-13,0.0,504.36,29.19,8.32,878.35
1985-08-14,0.0,508.9,30.55,7.81,867.42
1985-08-15,0.0,489.7,30.21,10.6,965.95
1985-08-16,0.0,494.21,29.25,9.31,931.44
1985-08-17,0.0,499.19,29.92,8.74,922.45
1985-08-18,0.0,467.34,29.61,11.58,1020.87
1985-08-19,0.0,398.14,27.02,8.8,921.91
1985-08-20,0.0,404.87,19.33,8.17,855.54
1985-08-21,0.0,444.91,19.88,6.34,773.87
1985-08-22,0.0,484.26,25.52,6.45,769.74
1985-08-23,0.0,493.72,30.34,6.61,808.07
1985-08-24,0.0,483.27,30.22,9.71,927.0
1985-08-25,0.0,465.6,29.72,9.44,906.7
1985-08-26,0.0,482.4,26.34,5.88,778.18
1985-08-27,0.0,457.1,25.31,7.62,792.59
1985-08-28,0.0,467.4,22.38,4.57,697.34
1985-08-29,6.01,365.11,22.49,4.48,762.95
1985-08-30,7.21,266.2,21.8,9.97,1013.8
1985-08-31,2.9,281.61,20.13,9.0,1014.9
1985-09-01,0.99,314.77,22.51,9.07,1011.68
1985-09-02,0.61,294.65,21.83,9.6,1034.65
1985-09-03,0.17,320.67,20.38,9.98,1031.42
1985-09-04,1.51,247.37,19.14,9.66,1061.23
1985-09-05,10.36,181.12,17.98,10.89,1096.67
1985-09-06,10.91,189.12,16.39,8.53,926.9
1985-09-07,4.97,245.96,15.02,5.9,791.9
1985-09-08,2.83,281.45,17.83,6.3,809.6
1985-09-09,4.82,247.77,18.27,9.16,962.06
1985-09-10,9.64,196.07,17.84,10.48,1045.04
1985-09-11,7.02,290.56,18.46,5.18,859.16
1985-09-12,11.05,202.44,17.99,9.98,1031.88
1985-09-13,14.2,211.53,16.24,7.91,988.14
1985-09-14,15.36,173.59,15.68,9.85,1075.48
1985-09-15,5.86,227.9,16.36,8.05,1013.91
1985-09-16,7.71,216.05,15.95,8.09,991.73
1985-09-17,4.67,244.87,15.89,6.9,930.14
1985-09-18,0.48,352.99,15.77,4.98,819.56
1985-09-19,0.0,368.39,17.75,6.34,844.86
1985-09-20,0.01,365.09,17.57,4.12,811.23
1985-09-21,0.55,235.24,17.34,9.08,1020.34
1985-09-22,0.27,311.78,16.99,7.85,958.28
1985-09-23,0.0,390.84,19.12,3.62,788.49
1985-09-24,0.0,382.33,19.45,5.65,828.16
1985-09-25,0.0,392.09,22.51,4.91,835.3
1985-09-26,0.0,366.06,22.51,5.25,840.82
1985-09-27,0.0,389.14,22.06,2.38,735.69
1985-09-28,0.0,388.15,21.03,2.03,689.72
1985-09-29,0.0,386.16,20.26,0.12,627.45
1985-09-30,0.0,384.17,20.52,-0.23,625.52
1985-10-01,0.39,293.33,19.72,3.91,807.03
1985-10-02,0.37,162.91,18.37,10.68,1115.23
1985-10-03,0.08,321.94,17.83,5.67,903.91
1985-10-04,0.06,269.32,17.89,2.22,751.33
1985-10-05,3.3,259.25,18.01,2.98,784.35
1985-10-06,3.67,204.26,17.52,7.95,958.83
1985-10-07,2.6,239.0,16.08,1.41,720.98
1985-10-08,0.79,315.84,13.09,-2.01,553.59
1985-10-09,4.06,250.36,13.51,-0.64,609.75
1985-10-10,7.39,194.69,13.95,5.17,830.41
1985-10-11,7.08,163.63,13.56,6.01,889.76
1985-10-12,4.87,214.27,13.23,1.99,746.1
1985-10-13,8.0,210.56,12.95,1.98,751.42
1985-10-14,9.72,145.32,15.03,8.65,1054.74
1985-10-15,6.35,105.0,15.05,10.52,1196.09
1985-10-16,3.21,161.51,14.83,6.69,1009.47
1985-10-17,5.6,160.47,14.13,4.85,894.95
1985-10-18,15.22,159.63,15.06,7.18,999.09
1985-10-19,19.26,88.06,14.82,9.38,1118.58
1985-10-20,33.26,98.23,12.88,7.58,1038.35
1985-10-21,36.4,122.44,11.67,4.87,900.84
1985-10-22,44.31,118.85,11.71,6.23,927.0
1985-10-23,41.55,148.68,11.87,4.32,875.28
1985-10-24,46.56,123.98,11.93,6.25,929.97
1985-10-25,47.36,151.75,11.63,4.1,861.69
1985-10-26,54.74,135.98,11.31,4.22,849.93
1985-10-27,31.26,123.23,11.89,6.29,920.87
1985-10-28,9.63,166.65,11.42,0.95,722.1
1985-10-29,4.64,184.99,9.1,-1.88,594.96
1985-10-30,9.44,159.65,10.03,2.23,702.62
1985-10-31,18.83,143.82,9.63,0.62,690.86
1985-11-01,26.8,126.77,11.53,5.78,899.03
1985-11-02,18.11,69.11,11.83,9.0,1090.27
1985-11-03,7.39,96.25,11.91,7.73,1053.99
1985-11-04,7.02,123.87,11.59,4.91,896.98
1985-11-05,12.33,147.79,9.85,1.69,752.28
1985-11-06,9.57,126.36,10.26,4.57,834.22
1985-11-07,5.41,123.32,10.27,4.73,848.82
1985-11-08,7.93,159.41,9.47,-0.23,667.49
1985-11-09,7.73,147.08,7.83,-0.65,603.36
1985-11-10,3.18,139.07,6.17,-0.87,573.32
1985-11-11,0.46,217.65,4.84,-5.96,427.0
1985-11-12,0.0,220.77,4.6,-6.68,383.41
1985-11-13,7.73,171.92,6.32,-5.44,419.52
1985-11-14,13.43,163.56,7.24,-3.5,494.72
1985-11-15,16.97,106.37,6.79,1.54,644.48
1985-11-16,7.66,145.56,7.07,-1.16,599.63
1985-11-17,2.14,117.5,6.42,-0.83,573.82
1985-11-18,1.53,127.3,4.02,-3.19,504.46
1985-11-19,2.25,116.33,3.92,-2.0,520.54
1985-11-20,4.35,104.11,3.4,-2.3,508.51
1985-11-21,6.55,110.56,2.19,-4.55,430.99
1985-11-22,2.43,163.23,0.21,-8.96,311.23
1985-11-23,8.72,192.71,-2.49,-13.83,217.16
1985-11-24,4.39,212.71,-1.46,-13.68,211.29
1985-11-25,1.81,180.05,-0.11,-9.27,287.3
1985-11-26,2.02,147.04,0.15,-4.93,385.03
1985-11-27,1.87,163.75,0.28,-6.82,365.2
1985-11-28,0.85,147.26,-0.32,-6.86,351.58
1985-11-29,0.1,117.01,-2.01,-5.1,380.19
1985-11-30,1.31,128.8,-1.95,-6.2,361.82
1985-12-01,2.44,169.46,-2.51,-9.61,302.89
1985-12-02,21.66,151.53,0.44,-5.41,388.84
1985-12-03,20.47,157.14,5.74,-1.13,545.97
1985-12-04,12.79,127.78,5.6,0.34,619.28
1985-12-05,14.54,114.67,4.83,1.0,651.56
1985-12-06,17.07,112.54,5.94,1.83,691.87
1985-12-07,11.61,121.19,7.52,2.25,712.73
1985-12-08,3.31,138.05,7.18,-1.41,594.37
1985-12-09,0.26,132.44,5.17,-2.05,530.66
1985-12-10,0.02,183.62,4.7,-3.92,473.68
1985-12-11,0.0,184.73,4.33,-5.17,426.0
1985-12-12,0.0,181.35,3.3,-6.09,392.96
1985-12-13,0.0,172.97,2.11,-5.33,405.67
1985-12-14,0.04,132.32,2.41,-3.32,464.4
1985-12-15,0.02,165.21,6.41,-1.54,541.38
1985-12-16,0.0,148.55,6.08,-2.29,532.6
1985-12-17,0.03,110.74,4.32,-1.53,544.91
1985-12-18,0.03,110.05,4.37,-0.43,587.13
1985-12-19,0.01,109.88,4.94,0.51,617.59
1985-12-20,0.0,143.94,4.51,-2.94,519.41
1985-12-21,0.0,143.33,3.26,-3.85,467.04
1985-12-22,0.0,124.44,2.77,-2.43,498.45
1985-12-23,0.0,126.81,3.72,-1.44,543.48
1985-12-24,0.0,125.25,4.39,-0.59,576.09
1985-12-25,0.0,122.08,4.1,-1.96,534.73
1985-12-26,0.0,122.67,2.53,-2.76,495.12
1985-12-27,0.75,99.97,1.75,-3.52,464.27
1985-12-28,2.53,104.66,1.18,-5.12,422.66
1985-12-29,1.41,100.16,2.9,-2.1,500.58
1985-12-30,8.1,102.99,4.21,-1.08,557.55
1985-12-31,11.75,88.98,3.99,-1.4,558.12
1986-01-01,16.79,110.55,6.81,0.87,632.87
1986-01-02,15.31,110.34,6.49,-1.7,571.37
1986-01-03,11.65,110.62,5.21,-0.64,579.45
1986-01-04,17.31,131.71,6.82,-2.15,564.11
1986-01-05,20.7,96.48,7.35,2.61,697.22
1986-01-06,13.28,117.77,7.35,0.61,671.81
1986-01-07,8.93,127.15,7.64,-0.28,646.73
1986-01-08,9.4,91.57,9.28,4.86,823.79
1986-01-09,11.39,67.26,8.96,5.08,864.08
1986-01-10,10.23,106.96,8.95,3.11,792.25
1986-01-11,4.09,129.44,10.55,1.7,729.4
1986-01-12,0.51,150.51,9.7,0.19,662.65
1986-01-13,2.72,121.07,8.21,1.16,677.92
1986-01-14,8.02,114.24,7.61,1.04,685.6
1986-01-15,26.04,65.79,6.85,3.91,778.21
1986-01-16,45.56,88.84,8.33,4.23,821.8
1986-01-17,60.51,92.42,8.26,3.89,817.5
1986-01-18,62.66,126.57,11.55,4.28,843.72
1986-01-19,27.89,133.87,10.86,2.78,777.89
1986-01-20,15.39,139.65,9.63,-0.95,633.1
1986-01-21,11.88,99.87,6.87,1.64,671.4
1986-01-22,18.64,98.89,5.59,1.06,680.02
1986-01-23,14.76,98.01,8.28,4.11,774.24
1986-01-24,3.86,145.94,7.6,-1.32,618.93
1986-01-25,0.77,161.14,10.62,-1.47,584.34
1986-01-26,2.4,158.77,9.67,-2.05,581.39
1986-01-27,5.35,98.66,8.45,4.21,762.32
1986-01-28,12.05,147.0,7.65,-0.03,676.31
1986-01-29,17.32,107.18,7.81,3.29,764.32
1986-01-30,19.34,92.12,9.94,6.2,912.59
1986-01-31,12.68,121.04,10.84,5.54,918.88
1986-02-01,11.23,129.32,10.45,4.75,867.03
1986-02-02,10.03,156.94,9.81,1.55,747.21
1986-02-03,9.34,125.62,9.21,4.0,805.05
1986-02-04,9.53,77.24,8.85,4.95,834.11
1986-02-05,5.08,164.6,7.96,-0.16,658.64
1986-02-06,0.96,219.2,7.13,-2.56,540.07
1986-02-07,0.0,243.6,7.56,-2.37,525.81
1986-02-08,0.0,251.29,7.19,-4.05,479.01
1986-02-09,0.0,230.12,6.4,-4.0,465.36
1986-02-10,0.0,242.61,5.71,-3.26,489.32
1986-02-11,0.25,183.05,5.31,-1.43,534.82
1986-02-12,1.53,205.82,6.36,-4.9,465.38
1986-02-13,8.95,178.41,6.03,-1.99,522.18
1986-02-14,20.51,132.36,4.98,-0.88,573.71
1986-02-15,25.44,160.48,7.56,1.35,662.92
1986-02-16,15.88,186.02,8.4,0.39,648.05
1986-02-17,3.73,154.69,7.96,-1.94,542.83
1986-02-18,0.26,209.93,3.23,-4.91,438.73
1986-02-19,0.23,223.07,3.52,-6.0,398.52
1986-02-20,8.07,239.38,6.08,-5.72,414.17
1986-02-21,19.45,215.3,5.78,-2.76,498.12
1986-02-22,33.88,224.45,8.6,-0.43,609.76
1986-02-23,62.42,198.87,10.07,2.93,778.4
1986-02-24,53.7,106.42,11.67,8.73,1058.2
1986-02-25,26.45,80.45,11.53,8.71,1085.4
1986-02-26,6.07,209.57,13.42,4.42,909.11
1986-02-27,0.05,317.2,19.29,3.21,877.46
1986-02-28,0.0,274.52,18.73,7.73,1020.08
1986-03-01,0.0,313.4,15.04,2.14,799.06
1986-03-02,0.0,337.46,16.09,-0.11,691.03
1986-03-03,0.21,273.07,15.56,1.03,729.93
1986-03-04,0.23,234.05,14.71,4.27,853.03
1986-03-05,6.09,203.38,13.65,5.13,905.21
1986-03-06,17.14,201.89,12.93,5.68,949.46
1986-03-07,16.96,118.66,12.7,8.51,1055.57
1986-03-08,9.99,204.38,12.37,4.93,918.38
1986-03-09,7.61,215.18,11.95,3.91,846.37
1986-03-10,9.29,240.32,13.79,4.6,882.23
1986-03-11,9.34,193.33,13.4,5.8,918.77
1986-03-12,10.24,202.79,11.36,4.14,845.31
1986-03-13,8.98,201.76,10.07,2.96,768.91
1986-03-14,3.41,259.13,9.88,0.38,680.54
1986-03-15,0.37,349.31,11.55,1.55,697.01
1986-03-16,2.09,298.17,12.33,-1.45,622.3
1986-03-17,3.59,268.53,11.76,0.74,681.57
1986-03-18,3.23,240.7,11.98,4.28,841.5
1986-03-19,3.78,243.62,14.7,6.66,965.51
1986-03-20,3.91,309.33,19.03,1.89,828.62
1986-03-21,6.9,277.97,18.34,4.88,868.51
1986-03-22,12.34,303.57,14.25,-0.49,688.12
1986-03-23,15.11,286.75,12.95,1.07,693.07
1986-03-24,14.81,272.52,11.05,2.0,731.01
1986-03-25,15.8,234.87,10.56,2.4,758.3
1986-03-26,9.39,223.26,11.88,5.41,885.46
1986-03-27,3.82,277.19,13.37,4.78,913.79
1986-03-28,2.16,215.87,14.32,8.3,1043.27
1986-03-29,2.01,317.01,13.81,2.45,832.77
1986-03-30,1.27,268.97,13.23,4.46,829.97
1986-03-31,0.33,405.02,14.19,-0.74,684.55
1986-04-01,0.84,311.17,13.7,3.47,781.6
1986-04-02,1.27,323.47,12.9,0.19,692.19
1986-04-03,1.02,316.5,12.27,1.51,722.81
1986-04-04,1.16,293.9,12.26,3.29,772.35
1986-04-05,0.44,402.11,14.22,-1.06,649.32
1986-04-06,0.22,354.95,17.52,-0.2,682.04
1986-04-07,0.16,391.96,21.12,1.54,791.4
1986-04-08,0.03,366.9,20.34,7.04,955.75
1986-04-09,0.5,322.72,14.6,0.69,712.8
1986-04-10,3.45,346.66,12.44,-1.89,598.97
1986-04-11,8.24,314.55,11.78,0.52,653.7
1986-04-12,4.32,306.58,10.4,0.58,673.84
1986-04-13,1.14,252.03,9.89,2.44,728.12
1986-04-14,5.73,331.57,13.71,1.02,730.86
1986-04-15,9.64,290.07,13.54,5.12,864.24
1986-04-16,10.64,281.37,12.89,2.94,795.38
1986-04-17,4.5,268.05,11.01,3.46,784.05
1986-04-18,0.57,337.13,10.76,1.39,732.73
1986-04-19,0.06,373.32,13.42,5.42,869.65
1986-04-20,0.0,469.32,18.04,3.61,878.74
1986-04-21,0.07,300.35,17.88,8.67,1053.08
1986-04-22,0.51,299.68,15.07,4.71,868.12
1986-04-23,5.82,346.94,11.97,-0.69,633.92
1986-04-24,16.2,350.55,10.6,-1.95,572.49
1986-04-25,24.94,202.42,8.94,2.17,689.54
1986-04-26,20.31,192.89,7.34,2.78,744.28
1986-04-27,11.41,260.9,10.76,3.86,786.38
1986-04-28,7.63,301.9,10.59,0.8,669.22
1986-04-29,4.21,351.63,9.2,-1.84,572.66
1986-04-30,4.56,372.69,12.03,-0.97,622.43
1986-05-01,7.23,341.9,13.83,4.01,821.55
1986-05-02,9.0,261.64,13.7,6.45,935.3
1986-05-03,6.28,327.15,14.26,4.49,865.99
1986-05-04,5.88,364.95,14.41,2.31,780.8
1986-05-05,5.22,308.38,14.23,4.37,831.16
1986-05-06,2.24,320.55,12.76,4.31,858.06
1986-05-07,1.22,276.14,12.7,6.4,921.93
1986-05-08,0.63,367.73,16.12,2.79,836.09
1986-05-09,1.86,315.07,15.53,6.86,942.03
1986-05-10,5.31,343.39,13.78,2.71,783.0
1986-05-11,17.09,343.53,11.47,2.37,769.88
1986-05-12,25.45,203.75,10.84,6.67,915.86
1986-05-13,15.31,290.77,11.1,4.0,822.18
1986-05-14,3.21,378.13,14.0,1.68,728.72
1986-05-15,0.03,514.19,14.95,0.61,686.32
1986-05-16,0.11,463.33,16.6,1.29,736.28
1986-05-17,2.78,393.08,17.41,4.66,913.94
1986-05-18,9.81,290.92,16.93,9.77,1169.38
1986-05-19,8.82,319.94,18.48,9.79,1183.87
1986-05-20,4.99,340.39,17.69,6.02,945.69
1986-05-21,1.96,392.2,14.55,0.81,721.02
1986-05-22,1.24,399.14,15.32,1.4,741.44
1986-05-23,2.63,393.71,18.72,4.92,919.5
1986-05-24,7.38,374.73,19.96,8.13,1145.26
1986-05-25,3.71,360.76,24.48,12.84,1453.57
1986-05-26,0.37,394.75,23.74,12.38,1405.8
1986-05-27,0.04,463.89,22.69,9.52,1178.09
1986-05-28,0.0,520.0,22.92,7.14,1043.89
1986-05-29,0.0,537.04,24.93,6.08,1026.29
1986-05-30,0.0,527.52,27.02,9.43,1208.5
1986-05-31,0.0,524.26,29.44,10.07,1279.99
1986-06-01,0.0,522.87,28.18,9.58,1218.95
1986-06-02,0.0,533.02,26.89,7.38,1136.73
1986-06-03,0.2,400.09,25.93,10.86,1311.64
1986-06-04,0.1,370.66,24.6,11.42,1301.23
1986-06-05,0.93,319.52,18.68,10.64,1249.49
1986-06-06,1.15,266.55,18.26,9.75,1181.11
1986-06-07,0.34,364.23,16.92,9.3,1105.69
1986-06-08,0.0,478.86,18.72,6.31,956.96
1986-06-09,0.0,534.25,23.42,4.99,923.71
1986-06-10,0.0,538.35,26.91,7.08,1041.94
1986-06-11,0.0,527.04,26.58,8.83,1124.99
1986-06-12,0.2,420.84,27.52,6.98,1101.52
1986-06-13,2.87,400.35,30.79,8.64,1228.0
1986-06-14,5.65,381.52,30.42,11.78,1340.43
1986-06-15,4.89,296.12,27.55,6.77,1038.64
1986-06-16,4.89,294.01,17.28,8.6,1077.03
1986-06-17,7.13,315.52,17.57,7.85,1049.0
1986-06-18,7.69,287.46,17.36,7.08,1000.7
1986-06-19,3.33,292.39,15.66,7.19,999.04
1986-06-20,0.68,344.4,18.53,6.9,999.42
1986-06-21,0.13,480.65,21.21,7.37,1018.99
1986-06-22,0.0,522.69,25.63,8.25,1109.07
1986-06-23,0.0,497.04,25.45,11.25,1237.09
1986-06-24,0.0,505.86,24.92,8.46,1091.44
1986-06-25,0.0,515.72,23.54,7.73,1031.89
1986-06-26,0.0,503.08,23.17,7.86,1036.27
1986-06-27,0.06,414.36,27.73,7.84,1133.52
1986-06-28,0.03,467.57,27.42,12.22,1319.09
1986-06-29,0.02,332.34,25.41,11.53,1242.51
1986-06-30,3.04,384.1,21.86,5.28,1006.53
1986-07-01,8.08,310.01,21.66,11.52,1264.66
1986-07-02,4.57,281.55,20.07,11.35,1269.04
1986-07-03,1.98,313.45,19.06,8.47,1079.47
1986-07-04,1.51,357.89,17.71,5.62,927.7
1986-07-05,0.63,410.57,20.28,5.97,931.14
1986-07-06,0.1,518.84,24.49,6.06,962.23
1986-07-07,0.0,508.22,24.19,8.77,1090.37
1986-07-08,2.19,336.87,22.83,9.82,1179.4
1986-07-09,5.52,290.47,19.05,10.5,1235.95
1986-07-10,7.53,242.15,18.46,11.44,1298.97
1986-07-11,3.42,210.1,17.46,11.85,1298.62
1986-07-12,0.39,386.3,18.91,9.0,1114.74
1986-07-13,0.0,455.71,19.22,8.6,1058.39
1986-07-14,0.0,459.86,18.63,8.26,1039.9
1986-07-15,0.73,316.9,17.92,8.64,1057.25
1986-07-16,1.9,323.86,16.4,6.55,985.41
1986-07-17,1.2,279.4,16.73,9.68,1099.46
1986-07-18,0.22,485.4,21.84,6.66,979.55
1986-07-19,0.0,527.48,25.22,7.24,1006.43
1986-07-20,0.0,528.59,26.1,7.77,1067.97
1986-07-21,0.0,499.23,25.19,10.7,1199.79
1986-07-22,0.0,404.12,23.8,10.14,1176.95
1986-07-23,0.05,287.68,18.26,10.78,1200.46
1986-07-24,0.03,432.86,19.99,9.21,1101.85
1986-07-25,0.0,432.0,19.35,9.93,1113.41
1986-07-26,0.06,293.64,18.54,9.93,1118.5
1986-07-27,0.03,412.77,17.62,8.01,994.27
1986-07-28,0.0,461.29,19.21,8.77,985.8
1986-07-29,0.0,501.89,20.07,6.46,886.23
1986-07-30,0.0,527.41,23.07,5.47,870.11
1986-07-31,0.0,518.17,25.87,8.87,1034.79
1986-08-01,0.0,513.05,28.44,10.74,1155.18
1986-08-02,0.0,511.04,29.07,10.73,1158.37
1986-08-03,0.0,512.26,28.04,9.7,1089.04
1986-08-04,0.0,489.98,26.55,9.7,1066.77
1986-08-05,0.0,465.95,22.85,10.93,1111.88
1986-08-06,0.0,506.31,28.3,9.16,1083.14
1986-08-07,0.0,505.21,31.18,11.55,1206.11
1986-08-08,0.0,504.29,31.24,11.1,1201.38
1986-08-09,0.0,498.61,30.86,11.16,1182.11
1986-08-10,0.0,390.95,29.21,12.0,1174.49
1986-08-11,0.0,414.81,22.49,11.97,1138.48
1986-08-12,0.0,401.25,22.77,13.04,1165.77
1986-08-13,0.0,457.78,25.62,11.97,1099.89
1986-08-14,0.0,483.53,27.53,11.07,1032.83
1986-08-15,0.0,496.91,27.25,8.58,901.41
1986-08-16,0.0,504.03,26.25,6.09,794.27
1986-08-17,0.0,492.69,26.65,9.01,853.49
1986-08-18,0.0,479.02,26.33,7.78,818.25
1986-08-19,0.0,448.19,23.67,10.38,895.68
1986-08-20,0.0,488.41,28.61,8.51,847.21
1986-08-21,0.0,490.27,28.61,9.17,868.48
1986-08-22,0.0,472.5,28.21,11.31,945.76
1986-08-23,0.0,462.69,27.63,10.85,922.45
1986-08-24,0.0,430.71,26.2,11.56,938.42
1986-08-25,0.0,469.98,28.05,9.5,864.69
1986-08-26,0.0,480.41,31.7,10.17,911.44
1986-08-27,0.0,457.27,31.02,13.38,1077.49
1986-08-28,1.01,295.7,30.06,13.6,1230.68
1986-08-29,0.58,177.56,23.73,13.85,1321.33
1986-08-30,0.1,171.29,19.0,13.36,1271.08
1986-08-31,0.03,334.15,19.98,10.45,990.27
1986-09-01,0.0,412.21,22.94,9.68,928.57
1986-09-02,0.0,356.43,24.16,14.45,1150.14
1986-09-03,0.0,418.88,26.06,11.45,1009.15
1986-09-04,0.0,444.24,27.75,10.19,920.58
1986-09-05,0.0,445.79,27.32,9.79,896.17
1986-09-06,0.0,443.08,28.41,10.14,902.73
1986-09-07,0.02,410.28,27.28,8.03,841.56
1986-09-08,2.15,296.9,22.66,8.65,890.82
1986-09-09,1.66,292.27,19.4,6.13,846.51
1986-09-10,0.42,201.97,17.97,11.3,1042.05
1986-09-11,0.06,402.05,18.95,3.54,690.59
1986-09-12,0.49,334.27,20.08,2.68,657.75
1986-09-13,6.4,267.75,19.47,7.89,834.95
1986-09-14,8.96,267.7,17.85,6.61,826.41
1986-09-15,4.56,279.16,17.97,6.1,812.03
1986-09-16,5.99,254.93,17.74,7.75,870.84
1986-09-17,4.62,209.97,17.17,7.21,891.27
1986-09-18,2.65,173.04,15.19,9.05,961.12
1986-09-19,1.07,304.13,19.23,4.81,794.4
1986-09-20,0.29,256.45,18.7,8.22,899.51
1986-09-21,4.39,195.01,16.22,8.72,961.82
1986-09-22,17.66,241.28,15.48,5.96,867.47
1986-09-23,27.42,184.91,15.14,8.45,972.39
1986-09-24,12.9,203.05,14.21,5.84,906.42
1986-09-25,3.44,188.3,14.05,7.72,974.68
1986-09-26,2.89,156.62,13.76,7.76,988.22
1986-09-27,6.24,181.61,12.49,6.31,929.74
1986-09-28,8.5,167.95,13.23,7.7,1001.21
1986-09-29,4.21,142.89,14.63,9.9,1123.97
1986-09-30,0.8,195.0,14.94,8.27,1038.73
1986-10-01,0.32,233.64,14.71,5.49,884.11
1986-10-02,0.12,325.59,14.85,4.12,797.96
1986-10-03,0.03,287.44,16.95,6.08,884.15
1986-10-04,0.02,326.35,18.75,7.26,950.39
1986-10-05,0.0,323.87,18.71,7.62,983.85
1986-10-06,0.0,296.93,18.34,9.04,1042.33
1986-10-07,0.0,326.88,19.13,6.87,963.28
1986-10-08,0.0,281.18,18.59,7.96,992.9
1986-10-09,0.0,182.0,15.87,9.84,1075.22
1986-10-10,0.0,321.73,19.51,5.15,873.44
1986-10-11,0.0,334.96,20.28,2.22,727.48
1986-10-12,0.0,334.64,19.52,0.93,661.8
1986-10-13,0.0,328.41,18.46,0.51,647.57
1986-10-14,0.0,312.97,17.46,3.8,748.54
1986-10-15,0.0,305.21,17.25,3.8,776.88
1986-10-16,0.0,268.31,16.32,5.11,833.96
1986-10-17,0.0,182.09,14.48,7.32,926.03
1986-10-18,0.0,217.08,12.28,4.98,834.05
1986-10-19,0.0,274.82,13.48,2.76,728.72
1986-10-20,0.0,297.65,17.75,1.49,711.09
1986-10-21,0.0,242.64,17.33,7.79,920.47
1986-10-22,0.03,242.15,16.33,2.75,788.73
1986-10-23,11.29,206.43,15.76,2.63,763.82
1986-10-24,25.32,189.87,17.73,6.77,970.58
1986-10-25,35.37,101.97,17.52,11.35,1254.31
1986-10-26,34.79,76.87,15.74,11.64,1326.04
1986-10-27,15.16,85.86,14.92,10.65,1258.35
1986-10-28,12.14,128.7,14.36,7.77,1079.16
1986-10-29,23.93,155.7,13.69,4.56,918.27
1986-10-30,30.16,67.01,12.77,8.81,1066.55
1986-10-31,12.97,98.32,13.35,8.6,1088.82
1986-11-01,1.41,146.51,12.93,3.5,860.26
1986-11-02,0.05,173.95,11.04,3.88,816.37
1986-11-03,0.89,125.31,11.28,4.92,861.7
1986-11-04,1.25,119.67,10.95,4.15,848.94
1986-11-05,1.55,100.61,12.13,7.07,949.51
1986-11-06,2.57,151.85,11.25,1.31,749.44
1986-11-07,1.2,162.11,9.75,1.09,677.02
1986-11-08,0.25,169.7,8.7,-1.19,603.42
1986-11-09,0.89,138.24,8.01,0.25,616.36
1986-11-10,1.18,165.11,7.01,-3.49,521.22
1986-11-11,0.66,143.81,8.64,0.31,628.72
1986-11-12,4.47,106.26,9.08,3.71,770.55
1986-11-13,6.38,90.75,8.53,3.1,773.32
1986-11-14,6.66,65.71,7.44,4.39,799.35
1986-11-15,7.51,133.6,8.32,0.58,697.83
1986-11-16,15.06,83.46,8.21,4.21,776.01
1986-11-17,17.25,134.7,8.0,-0.2,674.23
1986-11-18,30.48,119.69,10.92,4.17,801.54
1986-11-19,39.64,93.01,10.37,4.29,843.64
1986-11-20,41.31,89.03,10.72,6.21,917.96
1986-11-21,36.55,109.11,10.11,3.3,816.06
1986-11-22,52.8,103.85,8.72,3.14,792.38
1986-11-23,56.49,104.03,11.65,6.13,914.06
1986-11-24,32.29,100.07,11.01,3.98,837.69
1986-11-25,21.67,94.13,8.6,1.85,722.16
1986-11-26,17.66,119.33,7.59,0.41,672.02
1986-11-27,11.29,90.84,8.72,3.83,780.17
1986-11-28,4.07,79.12,8.3,3.37,778.36
1986-11-29,1.89,88.3,6.92,1.63,708.02
1986-11-30,1.9,90.76,6.11,1.63,694.29
1986-12-01,1.42,105.12,8.54,2.15,708.56
1986-12-02,0.42,141.53,7.65,-2.22,562.81
1986-12-03,0.37,121.9,4.89,-3.73,487.2
1986-12-04,1.03,104.76,4.5,-1.86,536.4
1986-12-05,2.42,52.33,4.6,1.91,654.25
1986-12-06,1.05,105.94,4.6,-0.66,607.04
1986-12-07,0.03,77.88,4.35,-0.83,575.92
1986-12-08,0.0,113.89,5.68,0.95,627.36
1986-12-09,0.0,164.09,6.13,-4.15,500.88
1986-12-10,3.44,124.0,5.8,-4.35,456.7
1986-12-11,10.04,110.15,4.87,-3.66,477.29
1986-12-12,20.87,85.94,5.92,1.27,638.34
1986-12-13,32.19,66.04,6.81,3.3,754.11
1986-12-14,31.45,58.95,7.28,4.15,799.81
1986-12-15,10.96,95.76,7.64,1.87,729.31
1986-12-16,0.6,128.03,7.34,0.27,644.15
1986-12-17,1.84,110.97,5.98,-2.28,549.24
1986-12-18,3.77,92.03,5.08,-2.35,526.87
1986-12-19,10.66,94.37,6.8,1.15,638.63
1986-12-20,13.9,103.64,6.61,-0.44,632.99
1986-12-21,18.5,73.66,7.55,3.49,756.59
1986-12-22,21.19,71.19,9.36,5.4,870.08
1986-12-23,13.1,77.94,9.15,4.02,834.24
1986-12-24,14.21,87.68,8.76,3.22,783.89
1986-12-25,14.07,94.71,8.2,0.85,698.85
1986-12-26,8.06,74.83,8.43,4.21,794.8
1986-12-27,19.56,76.96,8.54,4.14,821.26
1986-12-28,29.62,94.24,8.28,2.38,767.78
1986-12-29,27.34,40.05,8.07,5.7,848.03
1986-12-30,14.02,112.28,7.54,-0.56,666.4
1986-12-31,22.48,97.99,7.15,-0.4,616.4
1987-01-01,34.6,64.53,6.67,3.32,735.63
1987-01-02,33.8,63.57,6.52,2.96,759.13
1987-01-03,27.77,57.34,6.98,4.16,796.82
1987-01-04,12.51,62.54,6.82,2.8,748.36
1987-01-05,2.14,101.55,5.66,-0.54,623.12
1987-01-06,0.08,143.03,4.88,-1.81,550.74
1987-01-07,0.0,136.58,4.04,-2.22,515.97
1987-01-08,0.0,163.54,3.33,-4.97,445.23
1987-01-09,0.72,120.29,4.43,-3.06,497.71
1987-01-10,10.07,112.64,7.96,1.5,682.91
1987-01-11,18.34,101.05,11.35,5.84,890.63
1987-01-12,19.44,105.43,10.79,4.18,838.58
1987-01-13,12.02,121.34,8.99,-1.21,619.97
1987-01-14,5.45,105.7,5.27,-1.45,542.57
1987-01-15,1.31,168.82,2.98,-6.25,409.57
1987-01-16,0.94,135.53,2.29,-5.08,407.88
1987-01-17,2.2,138.47,1.76,-5.25,417.68
1987-01-18,1.07,115.02,3.54,-1.87,514.42
1987-01-19,0.1,145.78,4.42,-0.62,569.36
1987-01-20,0.0,182.96,4.01,-3.43,499.12
1987-01-21,4.23,129.6,3.68,-2.68,504.6
1987-01-22,11.78,118.53,4.39,-0.97,573.05
1987-01-23,18.64,90.19,6.09,2.33,698.37
1987-01-24,18.05,95.54,7.2,3.13,752.6
1987-01-25,18.67,125.47,7.11,1.24,698.86
1987-01-26,25.12,109.87,6.69,1.81,700.32
1987-01-27,18.32,120.55,7.41,2.11,727.48
1987-01-28,16.21,109.58,8.76,4.15,809.26
1987-01-29,15.4,95.9,8.46,4.25,821.16
1987-01-30,26.73,133.33,8.43,2.51,755.65
1987-01-31,30.57,135.24,7.84,1.02,690.64
1987-02-01,26.7,155.9,9.65,1.91,715.06
1987-02-02,11.24,128.05,8.95,1.27,691.29
1987-02-03,10.72,114.75,6.47,2.03,717.15
1987-02-04,13.04,103.15,8.62,4.72,827.98
1987-02-05,5.43,156.35,11.28,4.0,828.18
1987-02-06,0.71,180.8,10.75,-0.28,670.03
1987-02-07,0.06,224.51,10.21,-1.85,599.27
1987-02-08,2.26,183.94,12.33,2.08,726.19
1987-02-09,6.76,180.34,12.05,2.63,790.09
1987-02-10,8.25,106.59,11.67,6.63,939.85
1987-02-11,11.3,113.76,10.59,6.5,951.33
1987-02-12,15.26,172.33,10.21,1.84,781.11
1987-02-13,14.48,120.78,9.96,5.81,871.49
1987-02-14,13.69,171.28,9.56,1.82,759.72
1987-02-15,13.79,143.68,8.53,3.51,778.94
1987-02-16,17.08,125.67,8.16,3.44,772.57
1987-02-17,8.92,186.16,7.45,-0.03,661.4
1987-02-18,2.5,182.0,8.08,1.44,693.65
1987-02-19,0.72,162.59,9.16,3.74,790.56
1987-02-20,0.07,207.39,9.1,4.03,815.04
1987-02-21,1.69,186.59,9.43,2.93,776.77
1987-02-22,2.13,186.45,9.11,1.76,709.92
1987-02-23,0.77,232.55,10.69,-2.45,573.99
1987-02-24,0.06,313.96,10.45,-3.14,517.96
1987-02-25,0.92,253.45,9.76,-5.23,464.44
1987-02-26,2.32,244.21,10.19,-2.64,537.36
1987-02-27,8.54,203.74,9.74,0.98,641.35
1987-02-28,17.09,208.94,7.63,-2.05,557.97
1987-03-01,31.51,213.91,5.76,-1.85,562.23
1987-03-02,60.56,194.75,8.91,2.45,738.15
1987-03-03,52.77,143.66,11.26,6.98,969.24
1987-03-04,24.6,119.5,11.55,8.04,1057.69
1987-03-05,10.64,134.75,11.96,7.96,1045.72
1987-03-06,4.99,189.46,11.57,4.22,855.02
1987-03-07,2.34,262.17,12.1,-1.07,651.75
1987-03-08,9.78,259.02,11.64,0.35,670.06
1987-03-09,14.05,198.52,10.75,3.19,773.72
1987-03-10,15.45,208.57,11.45,5.01,877.46
1987-03-11,14.4,172.0,11.21,5.86,929.7
1987-03-12,13.25,146.32,10.89,6.97,981.99
1987-03-13,11.96,160.48,10.79,6.42,958.29
1987-03-14,7.28,160.97,10.44,4.81,858.75
1987-03-15,6.76,271.84,11.57,0.53,700.13
1987-03-16,9.97,286.35,11.04,-0.32,662.76
1987-03-17,9.3,201.24,10.6,4.4,800.24
1987-03-18,3.7,222.71,9.24,2.0,727.72
1987-03-19,1.43,287.87,9.86,-1.1,625.62
1987-03-20,0.77,269.17,9.98,1.49,690.94
1987-03-21,1.54,301.68,14.08,0.84,694.45
1987-03-22,2.73,312.5,13.75,-1.87,632.76
1987-03-23,2.22,249.31,13.25,4.61,809.43
1987-03-24,1.1,304.23,13.18,0.17,703.48
1987-03-25,1.83,293.31,12.62,1.51,705.19
1987-03-26,1.01,304.14,11.14,0.33,659.01
1987-03-27,0.11,421.96,11.73,-2.33,570.61
1987-03-28,0.0,436.63,12.73,-2.21,565.39
1987-03-29,0.0,445.44,16.55,-2.12,590.54
1987-03-30,0.0,446.22,19.82,-1.26,652.45
1987-03-31,0.0,445.11,20.96,2.03,780.53
1987-04-01,0.0,447.07,24.45,1.64,818.98
1987-04-02,4.45,342.12,23.45,4.3,938.08
1987-04-03,5.56,284.45,22.28,7.44,1028.76
1987-04-04,4.21,270.6,16.25,3.59,853.38
1987-04-05,4.41,247.73,11.79,3.98,830.24
1987-04-06,9.73,248.46,11.72,4.33,834.34
1987-04-07,10.9,297.05,12.12,2.0,760.29
1987-04-08,12.71,263.8,11.66,3.54,793.96
1987-04-09,11.26,316.79,14.17,2.35,789.28
1987-04-10,10.83,282.28,13.99,5.24,876.3
1987-04-11,6.48,280.42,13.23,2.13,751.22
1987-04-12,6.08,317.75,11.47,0.17,683.8
1987-04-13,8.92,341.45,17.21,2.95,816.92
1987-04-14,9.25,299.2,16.74,6.54,982.4
1987-04-15,11.85,195.92,15.8,6.92,1000.79
1987-04-16,12.02,179.31,12.19,7.27,987.77
1987-04-17,4.85,214.47,11.6,3.09,783.6
1987-04-18,1.42,323.01,10.26,-1.17,612.0
1987-04-19,0.49,373.35,11.93,-1.93,577.26
1987-04-20,0.02,480.98,15.2,-1.05,621.98
1987-04-21,0.0,492.56,17.23,0.71,699.88
1987-04-22,0.0,478.98,17.01,2.04,761.42
1987-04-23,0.0,459.58,16.49,3.91,811.29
1987-04-24,0.0,490.3,16.01,-1.03,643.56
1987-04-25,0.0,508.58,17.46,-1.37,628.57
1987-04-26,0.0,512.94,25.46,0.16,742.28
1987-04-27,0.0,503.48,26.22,5.13,985.73
1987-04-28,0.93,368.13,25.91,9.05,1199.73
1987-04-29,3.95,334.23,23.51,8.73,1194.29
1987-04-30,10.46,316.01,20.45,9.41,1180.14
1987-05-01,15.0,248.82,19.56,5.55,940.48
1987-05-02,12.42,281.77,11.84,3.66,843.48
1987-05-03,4.56,279.94,14.59,6.89,976.09
1987-05-04,0.5,442.92,18.18,6.32,982.38
1987-05-05,0.0,505.31,22.11,5.11,955.67
1987-05-06,0.0,514.59,26.21,5.53,1020.12
1987-05-07,0.0,511.71,29.82,8.0,1182.72
1987-05-08,0.0,506.91,30.33,8.85,1255.22
1987-05-09,0.0,506.77,29.36,9.08,1231.85
1987-05-10,5.36,401.61,27.53,5.73,1088.79
1987-05-11,10.04,352.86,24.29,10.45,1268.1
1987-05-12,9.2,227.02,22.89,8.69,1122.33
1987-05-13,8.2,340.97,17.02,5.69,1008.54
1987-05-14,5.17,244.96,16.98,10.5,1176.78
1987-05-15,1.22,423.17,16.35,4.63,902.57
1987-05-16,0.0,494.21,17.18,2.87,790.71
1987-05-17,0.0,492.42,16.35,2.52,769.24
1987-05-18,0.01,435.69,15.34,3.57,785.04
1987-05-19,0.01,495.71,15.65,1.09,715.25
1987-05-20,0.16,460.01,18.83,2.38,779.43
1987-05-21,0.08,492.34,19.15,4.7,867.0
1987-05-22,0.0,495.24,18.15,3.81,832.42
1987-05-23,0.0,520.99,19.88,2.99,812.88
1987-05-24,0.0,508.13,19.04,4.31,874.88
1987-05-25,0.0,447.6,18.27,6.89,993.34
1987-05-26,1.63,264.14,16.97,8.01,1053.17
1987-05-27,2.79,229.2,14.04,7.57,1032.76
1987-05-28,10.81,244.08,14.07,7.49,1012.63
1987-05-29,25.4,329.56,15.85,5.25,934.92
1987-05-30,31.89,270.45,15.3,7.15,998.63
1987-05-31,16.46,244.22,13.85,7.46,1001.12
1987-06-01,3.98,324.79,14.89,4.69,867.8
1987-06-02,0.58,514.88,20.62,2.16,784.36
1987-06-03,0.0,544.65,26.62,4.44,921.5
1987-06-04,0.93,409.88,25.68,8.57,1140.81
1987-06-05,0.92,315.71,24.22,9.51,1152.86
1987-06-06,0.23,457.91,19.44,7.15,1009.24
1987-06-07,0.0,531.91,24.2,5.43,958.44
1987-06-08,0.0,514.42,23.89,8.2,1045.55
1987-06-09,0.0,488.49,22.39,6.55,966.77
1987-06-10,0.27,373.64,18.35,7.09,983.44
1987-06-11,0.88,414.1,21.27,5.45,972.6
1987-06-12,0.58,348.49,21.09,10.97,1203.29
1987-06-13,0.1,472.8,22.13,9.11,1109.79
1987-06-14,0.0,515.52,21.95,6.98,985.54
1987-06-15,0.0,486.76,21.4,7.03,940.36
1987-06-16,0.0,497.21,18.41,5.08,851.61
1987-06-17,0.06,467.32,20.41,4.57,847.66
1987-06-18,2.63,412.07,22.18,4.77,910.1
1987-06-19,2.2,391.05,24.08,8.5,1098.65
1987-06-20,4.02,373.89,23.79,9.33,1143.45
1987-06-21,4.94,267.16,22.31,8.48,1073.19
1987-06-22,1.63,333.54,17.25,8.25,1030.64
1987-06-23,0.03,492.71,20.21,6.21,929.65
1987-06-24,0.0,537.89,24.57,5.88,942.97
1987-06-25,0.0,538.37,28.44,7.85,1073.55
1987-06-26,0.0,529.34,28.85,9.84,1186.07
1987-06-27,0.0,524.55,28.44,9.54,1178.45
1987-06-28,0.0,516.54,26.96,9.99,1208.03
1987-06-29,0.0,523.16,31.24,10.97,1306.62
1987-06-30,0.0,502.72,30.87,12.04,1347.52
1987-07-01,0.69,330.74,27.3,11.38,1312.22
1987-07-02,0.43,250.27,20.83,11.44,1293.07
1987-07-03,2.82,235.2,18.33,11.65,1280.17
1987-07-04,7.11,291.3,18.08,8.73,1131.74
1987-07-05,3.87,217.11,17.6,10.39,1171.15
1987-07-06,2.82,288.02,16.59,7.83,1061.82
1987-07-07,3.81,242.75,16.48,9.7,1115.34
1987-07-08,2.77,315.31,17.46,7.47,1034.32
1987-07-09,1.9,267.84,17.03,9.59,1116.51
1987-07-10,0.59,442.88,21.46,9.73,1121.24
1987-07-11,0.0,512.02,26.47,10.19,1144.72
1987-07-12,0.0,529.6,26.77,8.08,1050.9
1987-07-13,0.0,531.12,27.57,8.43,1065.93
1987-07-14,0.0,519.44,27.11,10.33,1110.43
1987-07-15,0.0,532.9,25.7,5.88,909.37
1987-07-16,1.26,377.5,23.21,6.78,910.42
1987-07-17,1.05,417.22,23.51,5.23,920.73
1987-07-18,1.22,360.25,23.51,11.44,1212.4
1987-07-19,0.51,433.86,23.12,12.04,1230.52
1987-07-20,0.0,488.33,24.59,10.51,1146.48
1987-07-21,0.02,466.35,25.85,9.78,1124.26
1987-07-22,0.01,476.71,24.88,10.59,1158.4
1987-07-23,0.99,333.43,23.07,11.6,1249.83
1987-07-24,0.56,350.24,21.67,11.18,1225.68
1987-07-25,0.06,339.0,21.07,11.08,1206.13
1987-07-26,0.48,349.22,21.47,11.05,1202.81
1987-07-27,0.23,418.9,20.9,10.77,1132.49
1987-07-28,0.03,436.1,22.39,7.53,985.53
1987-07-29,0.02,498.39,22.28,7.5,932.99
1987-07-30,0.23,436.8,21.28,6.26,903.73
1987-07-31,0.95,342.7,19.98,8.38,968.49
1987-08-01,0.42,491.98,22.31,6.32,861.05
1987-08-02,0.0,521.02,24.8,6.55,881.21
1987-08-03,0.0,519.42,28.82,8.66,1001.38
1987-08-04,0.0,511.46,28.65,9.8,1066.13
1987-08-05,0.0,466.9,27.45,9.79,1064.63
1987-08-06,0.0,462.78,24.24,10.95,1120.03
1987-08-07,0.0,498.24,28.68,9.97,1121.14
1987-08-08,0.7,390.67,31.32,10.94,1240.76
1987-08-09,0.57,383.13,30.99,11.37,1237.67
1987-08-10,0.42,228.55,27.48,11.52,1236.91
1987-08-11,1.81,301.53,22.46,11.21,1189.86
1987-08-12,1.99,327.94,22.26,10.48,1141.34
1987-08-13,1.69,251.22,21.36,11.46,1205.04
1987-08-14,0.84,268.5,19.78,11.86,1209.9
1987-08-15,0.14,350.57,19.55,10.57,1086.5
1987-08-16,0.0,397.26,18.7,8.4,942.46
1987-08-17,0.0,476.56,21.79,6.49,842.24
1987-08-18,0.0,493.06,23.71,6.18,844.41
1987-08-19,0.0,463.94,23.5,9.36,956.24
1987-08-20,0.0,475.44,22.77,6.15,835.16
1987-08-21,0.0,489.42,22.45,4.98,774.26
1987-08-22,0.0,496.71,25.99,4.86,794.63
1987-08-23,0.0,487.38,27.24,7.3,910.24
1987-08-24,0.0,470.11,26.96,9.72,1046.43
1987-08-25,0.0,448.7,27.25,11.76,1162.04
1987-08-26,0.0,440.6,26.16,11.24,1131.39
1987-08-27,0.0,449.45,25.32,9.72,998.24
1987-08-28,0.0,463.49,24.24,7.05,811.45
1987-08-29,0.0,474.44,27.45,8.2,753.65
1987-08-30,0.0,475.32,30.15,9.28,776.56
1987-08-31,0.88,365.75,32.41,10.24,897.3
1987-09-01,1.57,368.24,31.38,10.32,921.69
1987-09-02,0.66,341.81,29.84,12.61,968.95
1987-09-03,0.05,447.75,24.19,5.54,659.91
1987-09-04,0.0,458.72,24.97,6.54,638.94
1987-09-05,0.0,457.9,26.73,7.41,683.62
1987-09-06,0.0,447.08,26.67,8.59,747.31
1987-09-07,0.0,409.08,25.85,11.15,863.58
1987-09-08,0.0,344.82,23.78,11.29,916.2
1987-09-09,0.36,312.02,24.36,9.59,881.45
1987-09-10,0.2,367.46,23.45,8.05,796.22
1987-09-11,0.01,252.49,21.06,11.05,980.44
1987-09-12,0.11,165.95,17.47,11.51,1107.03
1987-09-13,5.9,175.23,17.81,11.41,1081.84
1987-09-14,12.28,248.41,17.66,7.3,878.18
1987-09-15,6.86,250.73,17.11,6.36,812.71
1987-09-16,1.09,344.73,17.09,4.37,699.38
1987-09-17,0.0,412.93,20.36,2.57,614.22
1987-09-18,0.0,404.44,21.37,4.88,678.61
1987-09-19,0.0,400.91,23.43,6.65,752.49
1987-09-20,0.0,399.84,24.98,7.56,793.67
1987-09-21,0.0,392.06,25.13,8.2,827.6
1987-09-22,0.0,392.12,26.13,8.43,842.56
1987-09-23,0.01,367.51,25.31,6.92,838.12
1987-09-24,0.54,219.95,24.16,11.41,1086.87
1987-09-25,0.62,170.04,19.76,10.52,1080.8
1987-09-26,0.32,279.74,17.41,5.23,790.51
1987-09-27,0.07,364.94,18.53,3.33,641.85
1987-09-28,0.0,382.98,21.25,2.76,618.67
1987-09-29,0.0,381.39,25.17,4.13,676.0
1987-09-30,0.0,377.04,26.13,5.26,732.0
1987-10-01,0.0,368.25,26.41,6.28,799.42
1987-10-02,0.35,266.8,25.47,9.78,993.57
1987-10-03,1.12,164.66,22.34,11.93,1141.83
1987-10-04,0.47,289.41,20.35,9.35,928.13
1987-10-05,0.0,344.22,20.3,4.33,677.38
1987-10-06,0.0,353.71,23.6,4.02,626.85
1987-10-07,0.0,344.61,22.95,5.56,682.63
1987-10-08,0.0,276.61,22.26,8.98,803.11
1987-10-09,0.0,337.9,22.12,3.32,616.88
1987-10-10,0.0,344.71,21.72,1.01,509.96
1987-10-11,0.0,339.42,21.75,0.72,498.08
1987-10-12,0.0,324.7,20.81,2.28,535.37
1987-10-13,0.0,319.71,18.41,1.07,520.67
1987-10-14,0.0,277.52,17.26,2.97,573.17
1987-10-15,0.0,298.04,15.53,0.86,510.72
1987-10-16,0.0,302.77,16.46,0.51,488.35
1987-10-17,0.0,288.57,15.91,1.28,502.57
1987-10-18,0.0,290.7,15.28,0.13,477.54
1987-10-19,0.0,304.97,19.52,0.04,472.68
1987-10-20,0.0,301.14,19.13,-0.35,465.66
1987-10-21,0.0,294.96,18.56,-0.41,474.27
1987-10-22,0.0,256.92,17.55,3.01,568.61
1987-10-23,0.0,244.75,14.81,2.34,580.55
1987-10-24,0.0,224.12,13.8,3.52,630.29
1987-10-25,1.16,162.06,13.82,4.82,710.25
1987-10-26,0.58,226.04,14.99,3.81,655.86
1987-10-27,0.0,234.93,14.39,1.14,560.73
1987-10-28,1.08,184.95,14.61,1.19,590.23
1987-10-29,4.3,163.79,15.84,4.78,752.3
1987-10-30,12.64,79.04,15.56,9.47,1038.89
1987-10-31,10.06,61.76,13.8,10.27,1142.11
1987-11-01,2.52,102.83,13.47,6.89,985.64
1987-11-02,0.14,87.23,12.68,7.52,960.56
1987-11-03,0.04,152.56,12.22,4.88,823.84
1987-11-04,0.01,166.7,11.77,3.36,753.0
1987-11-05,0.96,109.75,14.12,7.6,922.75
1987-11-06,1.53,130.45,13.32,3.91,829.67
1987-11-07,2.57,75.94,12.43,7.74,954.13
1987-11-08,3.87,109.75,13.52,6.71,955.99
1987-11-09,10.78,88.74,13.36,8.2,1008.21
1987-11-10,17.18,100.64,12.72,5.98,945.1
1987-11-11,24.58,62.31,12.73,9.36,1088.06
1987-11-12,19.64,71.47,12.41,8.27,1072.68
1987-11-13,13.56,73.42,11.82,7.32,985.91
1987-11-14,9.95,136.48,10.41,0.71,721.26
1987-11-15,6.43,91.29,9.12,2.26,691.84
1987-11-16,2.68,124.55,7.01,-0.55,604.78
1987-11-17,0.46,190.31,6.93,-3.09,513.11
1987-11-18,0.0,180.98,8.47,-0.48,592.9
1987-11-19,1.1,126.1,11.93,3.95,785.91
1987-11-20,10.1,128.16,13.37,4.77,861.38
1987-11-21,17.64,123.02,12.6,3.99,840.0
1987-11-22,14.89,71.83,11.28,5.67,870.88
1987-11-23,14.34,101.56,8.73,1.86,746.04
1987-11-24,12.13,73.72,8.07,4.32,781.25
1987-11-25,3.61,137.86,7.33,-1.05,623.96
1987-11-26,0.04,130.03,6.37,0.85,634.43
1987-11-27,0.0,142.31,6.94,0.91,641.31
1987-11-28,1.72,122.76,6.16,-2.47,543.36
1987-11-29,11.93,118.28,6.55,-0.86,579.51
1987-11-30,25.37,101.34,7.45,1.59,687.43
1987-12-01,43.72,51.59,7.94,5.31,834.53
1987-12-02,40.15,72.94,7.66,3.45,804.66
1987-12-03,26.67,87.2,10.08,5.09,856.81
1987-12-04,21.02,94.2,9.64,3.42,798.34
1987-12-05,32.04,115.76,8.66,-0.05,673.9
1987-12-06,32.38,98.86,9.83,3.52,770.64
1987-12-07,33.88,61.15,9.61,4.12,809.33
1987-12-08,39.29,72.91,7.45,3.25,780.46
1987-12-09,49.27,115.47,11.75,2.45,768.67
1987-12-10,26.72,104.28,11.42,3.13,773.45
1987-12-11,5.16,106.65,9.83,-1.05,617.94
1987-12-12,0.43,108.36,5.88,-3.64,491.66
1987-12-13,1.28,85.73,3.21,-3.22,474.78
1987-12-14,1.86,74.64,2.7,-1.58,519.66
1987-12-15,0.62,111.75,2.43,-3.31,483.66
1987-12-16,0.07,108.09,3.07,-3.26,471.09
1987-12-17,0.22,134.42,2.93,-6.18,409.85
1987-12-18,0.33,96.49,3.26,-2.6,478.01
1987-12-19,5.95,91.26,3.18,-2.87,491.77
1987-12-20,13.96,74.36,2.27,-2.91,484.9
1987-12-21,9.85,83.75,3.01,-1.83,519.88
1987-12-22,4.27,91.97,3.63,-1.95,526.69
1987-12-23,1.06,114.48,3.34,-3.26,486.22
1987-12-24,0.0,128.83,2.6,-3.35,472.35
1987-12-25,0.0,135.29,2.81,-3.65,463.81
1987-12-26,1.06,114.51,3.43,-4.44,450.88
1987-12-27,2.38,90.68,3.4,-1.97,513.25
1987-12-28,2.03,93.34,5.08,-0.66,576.0
1987-12-29,2.56,86.04,4.85,-0.94,572.06
1987-12-30,1.36,95.97,3.72,-2.38,521.73
1987-12-31,0.3,115.71,3.75,-3.58,478.56
1988-01-01,0.06,154.85,4.3,-4.06,456.03
1988-01-02,0.0,161.87,3.95,-5.92,409.27
1988-01-03,0.05,130.57,3.69,-4.93,426.79
1988-01-04,0.04,119.44,3.7,-1.8,514.87
1988-01-05,0.7,107.35,5.59,-1.23,566.11
1988-01-06,0.8,84.51,5.42,0.18,610.85
1988-01-07,5.81,107.09,6.18,-0.5,605.22
1988-01-08,12.21,97.01,5.66,-0.83,586.72
1988-01-09,12.53,107.57,5.92,-0.62,598.7
1988-01-10,7.03,92.37,5.84,0.82,638.63
1988-01-11,11.78,122.38,6.72,-1.36,587.75
1988-01-12,27.64,99.28,6.12,-0.6,589.25
1988-01-13,45.69,80.52,4.54,-0.03,621.99
1988-01-14,49.26,116.85,10.81,3.56,770.23
1988-01-15,24.7,117.81,10.03,1.28,706.89
1988-01-16,9.98,93.47,7.53,-0.41,607.59
1988-01-17,4.29,96.55,3.7,-1.91,544.74
1988-01-18,5.01,112.41,5.37,-0.5,582.03
1988-01-19,4.16,124.58,5.3,-1.69,570.78
1988-01-20,5.47,108.55,7.12,1.67,660.94
1988-01-21,4.72,131.74,6.37,-2.03,567.65
1988-01-22,2.98,144.2,7.25,-2.01,549.26
1988-01-23,0.86,186.1,7.02,-1.31,569.35
1988-01-24,0.01,152.82,6.25,-1.53,562.46
1988-01-25,0.58,147.17,7.92,-1.04,587.18
1988-01-26,1.01,125.72,7.27,-0.22,616.42
1988-01-27,8.43,124.03,7.18,1.21,682.8
1988-01-28,12.1,101.18,9.14,4.63,820.28
1988-01-29,6.96,102.37,8.73,4.02,807.18
1988-01-30,1.92,130.12,7.72,-0.85,621.21
1988-01-31,0.23,130.13,4.53,-1.53,534.66
1988-02-01,2.67,178.56,3.07,-5.69,425.21
1988-02-02,7.44,168.48,2.67,-4.76,433.64
1988-02-03,4.12,137.78,4.5,-0.67,557.67
1988-02-04,1.29,167.32,6.78,-0.74,589.85
1988-02-05,5.2,172.69,6.18,-2.27,555.17
1988-02-06,12.65,135.27,6.59,1.36,669.49
1988-02-07,17.24,110.53,8.88,4.89,832.09
1988-02-08,19.76,105.16,8.84,4.95,866.05
1988-02-09,15.55,103.58,8.68,4.91,866.43
1988-02-10,6.65,93.4,8.84,5.52,890.9
1988-02-11,5.06,95.35,8.8,5.6,898.2
1988-02-12,8.88,107.58,8.71,5.02,863.44
1988-02-13,13.23,168.39,8.51,1.9,748.29
1988-02-14,16.66,118.08,8.26,3.15,754.86
1988-02-15,12.08,140.84,7.61,2.92,745.33
1988-02-16,6.8,205.6,8.69,-1.49,621.42
1988-02-17,5.64,168.2,8.67,2.73,711.52
1988-02-18,1.91,260.01,8.35,-1.0,634.34
1988-02-19,0.01,265.82,11.04,2.65,723.25
1988-02-20,0.0,293.78,10.62,-1.02,634.44
1988-02-21,0.0,273.56,9.59,0.57,645.07
1988-02-22,0.0,298.11,9.68,-0.68,616.77
1988-02-23,0.06,239.58,13.35,-2.63,567.49
1988-02-24,0.04,302.69,13.26,-2.24,578.53
1988-02-25,0.01,312.33,12.66,0.25,661.72
1988-02-26,0.0,314.28,14.9,2.19,749.17
1988-02-27,0.0,325.34,15.71,0.76,724.52
1988-02-28,0.8,248.98,16.37,1.68,773.38
1988-02-29,1.0,227.05,15.88,6.24,850.17
1988-03-01,1.21,203.37,13.57,5.43,926.91
1988-03-02,7.92,160.23,12.64,4.67,844.58
1988-03-03,10.1,242.42,10.15,-0.64,660.15
1988-03-04,17.78,226.16,9.89,1.53,691.58
1988-03-05,20.34,203.06,9.45,1.53,692.26
1988-03-06,13.31,227.38,8.56,0.31,646.24
1988-03-07,11.83,263.19,10.79,-1.68,607.85
1988-03-08,15.48,160.01,10.46,4.04,766.92
1988-03-09,6.97,199.25,8.66,1.78,704.19
1988-03-10,0.67,346.41,8.44,-2.52,549.62
1988-03-11,0.0,374.68,11.06,-2.98,521.59
1988-03-12,0.0,379.89,12.8,-2.41,550.67
1988-03-13,0.0,376.15,12.49,-0.89,599.9
1988-03-14,0.0,377.41,12.19,-1.19,590.24
1988-03-15,0.03,359.87,14.81,-3.8,524.88
1988-03-16,0.02,398.04,15.78,-3.05,541.46
1988-03-17,0.0,401.06,16.67,-1.84,589.97
1988-03-18,2.2,312.64,18.5,-1.41,625.51
1988-03-19,9.14,301.37,17.57,-0.56,674.29
1988-03-20,12.19,215.59,15.62,5.82,878.59
1988-03-21,23.7,206.28,12.61,2.98,793.43
1988-03-22,29.19,193.9,9.58,2.62,756.57
1988-03-23,27.1,153.79,8.75,4.03,785.74
1988-03-24,35.31,187.25,8.22,0.37,666.53
1988-03-25,34.96,211.75,8.07,1.52,685.93
1988-03-26,21.79,189.47,7.86,2.09,700.35
1988-03-27,11.71,274.11,8.95,-0.9,605.19
1988-03-28,10.15,309.57,8.69,-3.14,528.42
1988-03-29,6.69,293.27,9.18,-0.87,586.27
1988-03-30,1.6,362.52,10.37,-0.81,618.87
1988-03-31,3.76,307.68,12.87,2.03,740.45
1988-04-01,17.37,274.03,13.28,4.36,854.02
1988-04-02,27.79,152.18,12.82,5.85,887.21
1988-04-03,16.68,222.17,9.15,2.22,741.9
1988-04-04,22.67,270.24,8.41,0.03,651.4
1988-04-05,31.24,236.05,8.23,1.81,716.18
1988-04-06,23.47,153.21,8.93,5.26,821.62
1988-04-07,7.29,296.24,8.65,-1.45,611.47
1988-04-08,0.65,336.81,10.83,-1.95,569.69
1988-04-09,0.09,466.01,16.83,-1.77,611.79
1988-04-10,0.0,478.15,21.48,0.89,727.2
1988-04-11,0.0,476.88,20.72,1.44,763.32
1988-04-12,0.21,413.3,21.37,1.55,805.58
1988-04-13,0.17,398.52,22.04,6.63,1009.45
1988-04-14,0.21,278.54,21.15,6.3,982.69
1988-04-15,0.09,365.98,15.14,6.71,995.49
1988-04-16,0.0,349.89,14.98,7.55,1024.98
1988-04-17,0.47,290.67,14.21,6.48,951.99
1988-04-18,0.23,456.48,15.54,2.13,791.68
1988-04-19,0.0,487.85,19.61,3.89,879.21
1988-04-20,1.44,352.58,19.63,8.11,1082.28
1988-04-21,1.05,336.69,19.33,7.1,1022.29
1988-04-22,1.81,275.61,16.5,3.95,856.04
1988-04-23,3.16,212.52,10.91,5.42,851.77
1988-04-24,1.98,319.28,10.28,-0.03,664.8
1988-04-25,0.41,476.8,13.68,-0.38,631.68
1988-04-26,0.0,496.84,18.64,-0.65,677.94
1988-04-27,4.54,382.31,19.93,5.31,931.61
1988-04-28,13.35,318.75,19.73,8.16,1054.91
1988-04-29,12.87,276.74,17.39,3.77,836.86
1988-04-30,8.72,281.99,10.79,1.74,703.03
1988-05-01,14.82,338.36,9.35,-1.07,627.56
1988-05-02,18.33,187.19,9.27,4.54,791.14
1988-05-03,12.83,233.03,9.02,2.98,764.96
1988-05-04,6.82,316.89,11.26,1.99,727.13
1988-05-05,5.68,364.14,13.55,1.06,721.97
1988-05-06,5.56,302.26,13.09,4.63,825.83
1988-05-07,1.84,424.63,17.36,0.99,741.65
1988-05-08,0.03,507.1,18.37,2.91,809.83
1988-05-09,0.46,367.3,17.55,5.51,960.19
1988-05-10,0.23,474.83,23.57,9.38,1197.33
1988-05-11,4.17,397.88,27.23,8.7,1249.75
1988-05-12,10.93,378.19,26.61,10.29,1299.4
1988-05-13,12.96,348.06,25.39,7.63,1101.27
1988-05-14,7.13,292.06,17.31,7.47,1049.84
1988-05-15,6.03,353.55,19.82,7.61,1083.46
1988-05-16,10.25,303.99,19.09,8.36,1071.16
1988-05-17,8.2,323.79,15.53,4.51,901.13
1988-05-18,3.73,289.92,13.64,6.38,953.24
1988-05-19,0.84,383.33,15.7,6.38,944.41
1988-05-20,0.02,518.2,19.8,2.67,838.54
1988-05-21,0.75,420.74,27.91,4.59,989.81
1988-05-22,2.03,390.87,26.97,9.06,1161.42
1988-05-23,0.87,379.29,25.36,2.92,831.64
1988-05-24,0.02,499.86,16.72,2.43,779.19
1988-05-25,2.15,396.74,17.16,4.39,875.55
1988-05-26,12.19,352.26,16.62,6.08,982.35
1988-05-27,15.92,197.26,16.13,9.42,1122.22
1988-05-28,8.73,211.56,13.15,7.74,1010.56
1988-05-29,2.58,361.99,13.81,1.14,735.59
1988-05-30,5.43,383.96,13.6,1.02,736.32
1988-05-31,9.57,258.94,13.27,7.32,974.18
1988-06-01,13.81,263.24,13.11,6.37,951.32
1988-06-02,11.51,305.59,12.65,4.29,868.77
1988-06-03,4.32,322.84,14.8,5.8,928.27
1988-06-04,1.5,333.93,15.37,5.87,925.28
1988-06-05,1.69,375.66,15.76,3.11,829.03
1988-06-06,3.33,370.58,16.23,4.79,895.28
1988-06-07,5.04,338.78,16.3,6.83,968.43
1988-06-08,8.51,387.28,17.81,3.35,850.84
1988-06-09,4.89,394.53,18.38,4.16,907.32
1988-06-10,3.53,298.4,18.17,9.48,1096.29
1988-06-11,1.37,500.2,18.07,3.02,852.31
1988-06-12,0.0,534.38,19.62,4.62,898.14
1988-06-13,0.0,536.32,23.85,6.42,1028.09
1988-06-14,0.0,537.37,29.24,7.46,1152.46
1988-06-15,0.0,525.31,28.87,9.99,1276.94
1988-06-16,3.61,399.62,27.45,8.66,1206.01
1988-06-17,3.76,293.27,22.83,9.96,1231.85
1988-06-18,1.58,234.94,17.51,11.28,1259.32
1988-06-19,0.43,375.6,21.39,4.7,979.21
1988-06-20,0.14,484.77,21.36,6.84,1051.57
1988-06-21,0.3,413.61,23.6,10.29,1277.73
1988-06-22,0.13,427.06,23.38,12.29,1365.03
1988-06-23,0.0,376.83,21.64,10.04,1180.64
1988-06-24,0.0,515.96,23.17,5.11,971.11
1988-06-25,0.01,508.55,23.44,7.79,1085.71
1988-06-26,0.04,331.69,23.11,10.95,1200.42
1988-06-27,0.08,340.82,17.23,5.81,957.66
1988-06-28,0.4,364.9,16.23,4.62,868.77
1988-06-29,1.81,380.91,17.48,4.52,882.48
1988-06-30,6.36,370.09,18.9,6.84,996.2
1988-07-01,8.22,342.99,18.69,7.91,1092.14
1988-07-02,3.8,255.67,18.18,11.53,1251.48
1988-07-03,0.94,321.17,17.72,7.19,1032.38
1988-07-04,3.07,341.34,17.01,6.11,947.73
1988-07-05,4.65,299.55,16.2,7.36,996.32
1988-07-06,1.71,326.82,18.0,8.23,1029.41
1988-07-07,0.05,507.96,23.26,5.41,926.96
1988-07-08,0.0,534.32,25.63,7.15,1004.14
1988-07-09,0.0,521.29,24.58,8.46,1096.3
1988-07-10,0.51,350.71,23.33,11.07,1254.97
1988-07-11,6.21,287.69,20.35,10.88,1253.4
1988-07-12,11.18,205.59,18.21,10.45,1221.83
1988-07-13,4.36,235.68,16.83,10.61,1233.32
1988-07-14,0.13,366.85,19.29,11.33,1232.8
1988-07-15,0.0,465.44,20.03,8.82,1086.43
1988-07-16,0.0,519.48,22.38,6.96,988.82
1988-07-17,0.0,531.6,23.56,6.28,963.12
1988-07-18,0.0,533.5,26.8,6.64,1023.07
1988-07-19,0.0,529.97,33.13,8.71,1201.33
1988-07-20,0.0,516.82,32.36,11.79,1364.35
1988-07-21,0.0,515.01,30.78,10.19,1243.7
1988-07-22,0.0,497.21,26.94,8.78,1106.89
1988-07-23,0.0,515.66,25.03,7.61,1062.75
1988-07-24,0.0,521.05,28.22,8.65,1150.83
1988-07-25,0.0,517.02,32.0,10.4,1302.75
1988-07-26,0.0,506.16,31.82,12.23,1393.82
1988-07-27,0.0,510.95,30.39,9.52,1197.52
1988-07-28,0.0,511.8,26.82,7.08,1046.78
1988-07-29,0.0,485.49,24.52,9.89,1137.53
1988-07-30,0.0,496.96,24.05,8.06,1062.46
1988-07-31,0.0,479.21,23.05,8.38,1057.22
1988-08-01,0.0,442.32,21.48,9.66,1100.43
1988-08-02,0.0,501.14,26.72,7.84,1053.62
1988-08-03,0.0,511.03,30.23,8.9,1119.27
1988-08-04,0.0,505.46,29.87,9.61,1157.42
1988-08-05,0.0,483.86,28.61,9.9,1136.88
1988-08-06,0.0,397.76,24.92,8.92,1049.82
1988-08-07,0.0,458.16,20.67,6.75,945.46
1988-08-08,0.0,486.4,23.48,7.21,994.62
1988-08-09,0.0,420.23,23.29,11.71,1218.3
1988-08-10,0.0,404.93,22.74,10.59,1177.25
1988-08-11,0.0,411.53,21.16,9.31,1093.14
1988-08-12,0.0,388.86,20.45,10.05,1103.12
1988-08-13,0.0,403.03,20.13,8.96,1060.99
1988-08-14,3.94,271.34,19.8,9.76,1111.71
1988-08-15,8.32,276.75,18.12,8.38,1081.16
1988-08-16,5.94,206.74,18.27,11.94,1243.1
1988-08-17,1.97,267.8,18.06,8.26,1064.27
1988-08-18,0.29,419.08,21.0,8.38,1003.65
1988-08-19,0.0,430.6,20.84,8.43,996.62
1988-08-20,0.0,424.09,20.42,7.84,956.04
1988-08-21,0.0,476.66,23.33,5.65,876.05
1988-08-22,0.0,488.7,27.7,5.91,918.04
1988-08-23,0.0,482.99,31.4,8.71,1088.71
1988-08-24,0.0,459.82,30.93,11.54,1204.48
1988-08-25,0.0,434.37,27.69,7.98,1021.4
1988-08-26,0.0,411.7,22.66,10.78,1101.39
1988-08-27,0.0,455.62,26.53,9.26,1061.41
1988-08-28,0.0,447.02,28.7,9.67,1100.41
1988-08-29,0.0,432.64,27.78,12.07,1173.39
1988-08-30,0.0,411.64,25.64,8.47,970.12
1988-08-31,0.0,455.91,24.34,6.25,833.6
1988-09-01,0.0,466.06,28.05,7.0,863.45
1988-09-02,0.0,460.25,33.87,9.35,1003.26
1988-09-03,0.0,449.17,32.61,11.1,1081.78
1988-09-04,0.0,392.36,29.79,10.92,1073.13
1988-09-05,0.69,275.86,22.25,10.72,1111.01
1988-09-06,1.66,219.42,20.18,10.94,1124.04
1988-09-07,0.74,249.93,19.06,10.39,1031.07
1988-09-08,0.04,419.37,21.48,5.1,739.02
1988-09-09,0.0,427.03,20.69,5.37,676.09
1988-09-10,0.0,431.11,19.67,3.26,608.49
1988-09-11,0.0,442.98,22.41,2.53,591.03
1988-09-12,0.0,437.48,24.55,4.0,650.28
1988-09-13,0.0,431.0,27.2,6.37,757.32
1988-09-14,0.28,321.72,26.27,7.0,864.95
1988-09-15,0.66,216.44,24.18,9.52,970.32
1988-09-16,0.26,311.87,17.19,6.01,783.73
1988-09-17,12.41,282.52,17.42,4.35,720.39
1988-09-18,14.75,262.65,16.8,4.6,776.4
1988-09-19,13.41,167.63,15.73,7.98,961.34
1988-09-20,4.58,236.18,17.41,9.55,1038.22
1988-09-21,0.36,261.77,17.13,4.93,863.07
1988-09-22,3.08,229.92,16.55,5.92,871.53
1988-09-23,13.28,197.14,15.14,7.46,934.3
1988-09-24,21.7,226.69,14.51,3.66,818.52
1988-09-25,21.29,169.31,13.64,7.4,960.93
1988-09-26,15.55,142.26,13.53,8.31,1052.15
1988-09-27,7.88,184.44,16.04,8.61,1068.84
1988-09-28,1.73,327.73,18.46,6.05,939.3
1988-09-29,0.0,365.05,22.0,4.7,882.44
1988-09-30,0.0,351.69,22.32,6.89,969.09
1988-10-01,0.0,352.07,24.16,7.44,1031.26
1988-10-02,0.0,315.75,23.41,8.68,1082.32
1988-10-03,1.0,200.07,20.05,9.63,1164.45
1988-10-04,1.77,176.46,17.78,11.16,1263.0
1988-10-05,1.15,126.53,17.45,11.76,1308.0
1988-10-06,0.26,237.26,17.96,10.2,1209.94
1988-10-07,0.0,187.55,17.64,10.77,1213.96
1988-10-08,0.0,212.81,16.51,9.89,1169.1
1988-10-09,0.2,204.5,18.88,9.39,1137.62
1988-10-10,0.33,236.1,20.12,5.62,993.68
1988-10-11,0.93,141.14,19.65,10.46,1176.7
1988-10-12,11.36,81.48,15.51,10.88,1243.66
1988-10-13,23.38,91.62,14.15,10.83,1249.69
1988-10-14,36.76,80.08,13.99,10.91,1267.59
1988-10-15,32.85,64.55,14.25,12.08,1337.04
1988-10-16,16.13,93.07,14.19,10.7,1240.0
1988-10-17,5.32,185.06,13.67,5.37,960.51
1988-10-18,4.03,159.98,12.99,5.04,889.53
1988-10-19,2.2,175.44,15.11,7.69,1036.31
1988-10-20,1.77,150.21,16.33,10.29,1195.08
1988-10-21,2.78,169.35,15.93,7.5,1060.12
1988-10-22,1.08,227.53,14.33,3.44,842.67
1988-10-23,0.02,267.98,13.91,2.98,792.9
1988-10-24,0.0,240.3,14.1,5.63,883.29
1988-10-25,0.03,225.31,13.68,3.62,831.09
1988-10-26,0.02,244.13,13.63,3.73,797.03
1988-10-27,0.0,264.32,12.99,-1.23,623.77
1988-10-28,4.49,200.79,11.79,-1.78,590.54
1988-10-29,14.36,182.19,13.51,3.2,778.45
1988-10-30,14.19,122.66,13.43,7.73,1012.05
1988-10-31,8.84,118.32,14.17,8.95,1120.37
1988-11-01,12.41,114.09,13.98,8.47,1103.75
1988-11-02,29.4,111.45,13.11,7.51,1036.88
1988-11-03,31.11,141.3,12.43,5.8,947.5
1988-11-04,36.71,150.55,12.12,4.55,897.87
1988-11-05,35.67,78.88,11.93,8.75,1046.79
1988-11-06,19.49,133.17,11.27,3.91,866.73
1988-11-07,10.62,141.24,9.56,1.94,747.78
1988-11-08,17.01,113.53,9.41,4.33,807.71
1988-11-09,15.95,124.69,8.9,2.11,754.29
1988-11-10,16.78,91.79,8.9,4.99,828.03
1988-11-11,14.61,127.19,8.29,1.24,720.66
1988-11-12,10.14,121.15,8.49,2.61,731.67
1988-11-13,5.47,146.61,9.71,0.69,674.74
1988-11-14,4.46,155.89,8.68,-2.81,571.5
1988-11-15,6.69,94.31,8.62,3.97,770.98
1988-11-16,8.36,42.35,8.39,5.82,876.66
1988-11-17,4.42,105.58,8.35,2.73,773.69
1988-11-18,12.61,110.84,7.7,0.62,680.82
1988-11-19,21.66,43.76,6.42,3.92,773.63
1988-11-20,25.55,89.38,9.66,5.03,868.53
1988-11-21,25.88,63.93,9.39,6.14,916.26
1988-11-22,26.48,106.71,9.61,3.74,824.0
1988-11-23,18.27,116.28,8.88,0.72,680.42
1988-11-24,13.42,102.53,6.66,-1.37,574.22
1988-11-25,11.86,101.3,4.17,-1.48,547.25
1988-11-26,11.74,110.22,3.66,-2.66,523.29
1988-11-27,10.72,124.6,8.6,0.41,632.1
1988-11-28,6.07,110.18,8.07,1.45,692.1
1988-11-29,1.62,109.94,8.75,2.22,717.69
1988-11-30,1.58,119.81,8.17,-1.03,616.03
1988-12-01,3.58,102.98,6.32,-0.1,623.83
1988-12-02,3.78,82.16,7.29,2.94,726.13
1988-12-03,2.01,104.84,7.77,0.92,680.43
1988-12-04,7.97,119.38,7.21,-1.97,588.14
1988-12-05,12.28,96.19,9.03,3.17,746.45
1988-12-06,10.3,75.78,10.36,6.12,910.94
1988-12-07,4.38,85.6,10.25,5.17,902.18
1988-12-08,2.18,68.24,9.93,4.57,860.88
1988-12-09,1.14,68.98,9.89,5.97,912.13
1988-12-10,2.42,66.37,9.78,5.11,887.25
1988-12-11,4.75,66.27,8.61,4.65,864.13
1988-12-12,11.24,61.62,10.32,6.96,950.6
1988-12-13,6.3,111.39,10.86,2.48,794.15
1988-12-14,0.83,131.35,10.34,-2.92,552.47
1988-12-15,0.02,159.35,4.76,-4.98,445.98
1988-12-16,0.0,154.78,4.89,-4.37,447.59
1988-12-17,6.87,110.06,4.75,-3.63,466.29
1988-12-18,9.38,106.22,3.78,-4.33,459.88
1988-12-19,12.38,68.56,4.33,0.72,600.57
1988-12-20,15.98,55.99,4.31,1.05,649.61
1988-12-21,16.9,81.8,5.33,0.77,649.37
1988-12-22,17.41,70.87,5.15,0.33,625.68
1988-12-23,11.05,78.61,3.87,-1.04,580.22
1988-12-24,5.63,38.71,3.14,0.65,604.49
1988-12-25,2.95,97.57,3.12,-2.73,522.1
1988-12-26,1.12,91.06,2.84,-3.41,477.62
1988-12-27,4.78,89.55,3.39,-1.57,523.44
1988-12-28,23.87,109.53,3.31,-3.68,489.93
1988-12-29,45.53,94.38,4.86,-0.49,581.67
1988-12-30,31.9,99.63,9.16,3.21,735.86
1988-12-31,16.34,105.14,8.79,-0.56,644.18
1989-01-01,13.15,80.2,5.9,1.65,675.94
1989-01-02,14.24,69.44,6.35,2.9,743.01
1989-01-03,13.47,88.35,8.99,4.24,812.83
1989-01-04,5.68,97.88,8.73,2.32,746.8
1989-01-05,1.55,84.04,7.37,-0.47,617.4
1989-01-06,3.84,94.05,3.56,-1.49,550.55
1989-01-07,8.88,111.88,2.93,-3.42,489.18
1989-01-08,14.15,71.23,2.29,-1.97,516.43
1989-01-09,10.8,102.7,5.65,0.38,612.41
1989-01-10,6.51,117.32,5.96,-0.63,605.27
1989-01-11,9.37,119.93,6.24,-0.64,612.09
1989-01-12,18.09,53.32,5.97,3.42,724.31
1989-01-13,22.5,112.63,5.25,-0.53,622.78
1989-01-14,26.35,64.11,4.67,-1.32,555.06
1989-01-15,32.45,119.3,5.61,-0.33,612.12
1989-01-16,34.24,72.02,7.24,4.31,780.72
1989-01-17,24.24,104.01,7.48,2.9,776.82
1989-01-18,10.68,87.41,8.03,4.38,801.34
1989-01-19,4.17,141.08,7.56,-1.2,626.57
1989-01-20,3.86,135.73,6.69,-0.89,596.61
1989-01-21,2.01,103.12,6.29,1.76,665.35
1989-01-22,1.01,140.51,5.55,-2.36,550.21
1989-01-23,1.41,138.3,4.48,-3.65,477.41
1989-01-24,0.94,112.68,2.47,-3.02,488.31
1989-01-25,2.29,137.6,6.46,-0.06,590.37
1989-01-26,2.89,165.65,6.58,-2.5,547.99
1989-01-27,2.91,156.77,7.93,-1.28,576.32
1989-01-28,3.09,155.06,8.13,-0.45,622.99
1989-01-29,6.83,111.0,7.74,2.86,736.57
1989-01-30,11.78,115.65,9.13,4.14,795.94
1989-01-31,6.71,164.31,8.21,-2.0,581.89
1989-02-01,2.83,202.11,6.04,-7.88,361.29
1989-02-02,0.86,168.72,-0.94,-10.75,255.49
1989-02-03,0.0,205.54,-7.16,-11.88,225.1
1989-02-04,0.11,247.05,-1.47,-12.3,226.58
1989-02-05,0.06,294.84,1.48,-13.24,223.45
1989-02-06,0.0,296.53,3.05,-11.5,251.57
1989-02-07,0.0,300.67,4.67,-10.33,283.52
1989-02-08,0.0,301.5,6.76,-8.75,326.86
1989-02-09,0.0,303.89,8.33,-6.52,384.75
1989-02-10,0.02,290.82,7.9,-6.6,397.11
1989-02-11,0.04,269.48,7.53,-4.92,442.16
1989-02-12,0.02,234.91,7.1,-1.75,526.15
1989-02-13,0.01,193.73,5.47,-2.42,516.33
1989-02-14,1.72,187.43,5.65,-3.21,491.03
1989-02-15,17.54,212.41,6.82,-5.3,448.0
1989-02-16,31.11,165.44,6.46,-1.6,534.03
1989-02-17,34.72,141.21,5.17,-0.14,607.4
1989-02-18,22.95,95.65,5.5,2.3,692.0
1989-02-19,10.45,139.96,6.25,1.1,682.38
1989-02-20,13.01,142.41,7.74,2.51,726.49
1989-02-21,16.4,151.77,7.93,2.3,739.05
1989-02-22,17.75,141.07,8.63,3.63,784.98
1989-02-23,14.18,122.73,8.38,3.02,748.94
1989-02-24,6.39,202.47,6.9,-1.7,589.55
1989-02-25,2.46,207.54,7.1,-1.25,567.59
1989-02-26,1.64,225.48,7.22,-2.75,532.96
1989-02-27,2.02,197.33,6.86,-0.75,592.6
1989-02-28,1.98,167.84,7.87,2.09,684.73
1989-03-01,4.32,213.8,7.4,-1.75,569.34
1989-03-02,3.6,146.89,6.15,-3.48,461.63
1989-03-03,4.54,272.32,2.81,-7.79,367.82
1989-03-04,13.62,228.15,3.01,-3.34,465.72
1989-03-05,22.22,212.09,6.15,-0.06,595.76
1989-03-06,14.31,238.48,8.66,0.02,624.08
1989-03-07,6.71,249.37,8.17,-1.92,575.52
1989-03-08,10.04,224.4,9.01,1.32,672.14
1989-03-09,17.03,220.47,9.12,1.8,725.99
1989-03-10,18.63,160.34,9.55,5.22,858.75
1989-03-11,13.85,162.88,9.77,5.36,881.84
1989-03-12,20.1,201.42,9.41,3.27,794.26
1989-03-13,17.91,201.46,8.59,2.51,735.45
1989-03-14,16.3,239.89,7.52,0.41,656.6
1989-03-15,13.84,232.83,7.01,0.12,643.29
1989-03-16,13.94,177.2,7.61,3.47,755.12
1989-03-17,12.65,202.43,8.15,3.05,765.85
1989-03-18,10.6,202.95,7.93,2.9,745.16
1989-03-19,7.94,288.64,10.27,-0.18,649.46
1989-03-20,8.9,307.78,12.55,-1.66,612.89
1989-03-21,9.01,274.4,12.12,2.65,737.95
1989-03-22,4.38,229.35,10.82,2.13,720.97
1989-03-23,5.88,298.5,11.12,-0.15,654.86
1989-03-24,8.9,302.56,11.04,0.42,676.23
1989-03-25,12.52,143.77,10.58,4.48,799.88
1989-03-26,15.83,147.55,7.3,3.93,797.46
1989-03-27,17.61,230.13,8.24,2.39,733.87
1989-03-28,11.5,291.35,8.44,-0.19,647.68
1989-03-29,8.67,291.17,9.54,1.47,679.67
1989-03-30,8.96,303.5,9.02,-0.57,630.78
1989-03-31,14.31,269.34,8.35,1.76,689.14
1989-04-01,18.49,252.84,8.0,1.46,683.81
1989-04-02,17.98,240.25,7.1,0.68,647.08
1989-04-03,26.58,305.11,8.84,-0.32,640.73
1989-04-04,35.83,228.24,9.15,3.58,776.99
1989-04-05,26.85,226.19,10.17,5.19,881.02
1989-04-06,11.11,197.4,10.66,6.57,947.26
1989-04-07,2.2,289.72,12.86,5.08,891.82
1989-04-08,0.09,450.03,15.68,1.96,775.07
1989-04-09,0.0,471.04,18.4,1.73,774.49
1989-04-10,0.0,471.23,19.57,3.67,859.41
1989-04-11,0.0,467.31,19.1,4.43,895.68
1989-04-12,0.0,472.92,19.74,3.23,856.87
1989-04-13,0.0,479.87,22.39,3.03,863.64
1989-04-14,0.0,476.31,22.18,4.69,945.04
1989-04-15,0.0,442.83,21.35,7.29,1006.5
1989-04-16,0.0,459.22,17.3,1.55,752.68
1989-04-17,0.0,493.69,17.33,-1.17,660.46
1989-04-18,0.41,395.15,18.05,3.62,857.08
1989-04-19,3.73,276.46,17.6,8.98,1115.77
1989-04-20,4.71,245.68,16.05,8.82,1090.31
1989-04-21,4.88,344.09,14.9,0.86,761.33
1989-04-22,5.69,307.92,13.26,3.47,778.16
1989-04-23,2.69,362.86,15.81,1.18,734.47
1989-04-24,0.35,490.36,19.71,1.65,758.94
1989-04-25,0.15,414.06,19.84,2.52,827.88
1989-04-26,0.11,331.93,19.63,7.41,995.14
1989-04-27,0.02,433.28,15.63,4.47,885.28
1989-04-28,0.0,489.56,18.11,3.01,828.76
1989-04-29,0.0,506.78,22.76,3.95,893.99
1989-04-30,0.0,506.92,26.03,5.12,1008.31
1989-05-01,0.0,455.95,25.76,10.35,1236.31
1989-05-02,0.0,408.6,22.34,7.78,1094.4
1989-05-03,0.0,493.11,21.71,4.53,949.0
1989-05-04,0.08,432.27,23.54,6.1,1043.01
1989-05-05,0.04,460.24,23.96,10.13,1269.71
1989-05-06,0.0,429.68,23.76,11.15,1347.51
1989-05-07,0.0,396.03,21.84,10.84,1297.6
1989-05-08,0.03,392.74,19.86,8.34,1148.42
1989-05-09,0.86,334.04,19.01,7.41,1058.11
1989-05-10,1.35,260.23,17.44,5.68,909.07
1989-05-11,1.15,348.22,13.34,0.73,709.82
1989-05-12,0.4,429.4,15.3,0.77,693.0
1989-05-13,0.03,517.53,18.93,0.93,721.26
1989-05-14,0.0,530.64,21.49,2.14,800.93
1989-05-15,1.89,406.21,21.93,4.95,961.79
1989-05-16,13.15,332.14,21.09,8.79,1121.29
1989-05-17,19.13,258.05,18.52,6.7,972.52
1989-05-18,10.02,324.87,12.77,1.78,761.82
1989-05-19,2.01,382.01,14.66,3.5,799.38
1989-05-20,0.37,418.21,16.11,2.93,782.81
1989-05-21,1.36,388.88,15.32,1.08,742.1
1989-05-22,5.37,318.57,14.74,5.45,890.4
1989-05-23,7.0,310.3,14.31,5.13,896.47
1989-05-24,3.29,321.03,14.4,4.79,859.39
1989-05-25,4.67,366.87,14.43,1.76,774.71
1989-05-26,9.47,296.4,14.16,6.36,915.55
1989-05-27,8.34,326.71,13.54,3.47,840.18
1989-05-28,4.82,237.53,12.98,6.25,938.77
1989-05-29,1.69,241.77,13.71,7.48,1005.73
1989-05-30,0.28,359.9,16.35,5.53,944.53
1989-05-31,0.03,499.56,20.87,5.95,992.82
1989-06-01,0.0,519.75,24.82,8.66,1164.35
1989-06-02,0.0,511.12,24.81,9.88,1257.37
1989-06-03,0.0,522.66,29.06,9.77,1289.54
1989-06-04,0.0,526.72,30.48,9.47,1282.42
1989-06-05,0.0,525.14,29.37,9.56,1259.35
1989-06-06,0.0,440.55,27.5,9.96,1188.43
1989-06-07,0.0,507.07,21.78,6.43,1037.8
1989-06-08,0.07,424.88,21.51,8.65,1102.75
1989-06-09,0.04,453.67,20.37,6.88,1005.39
1989-06-10,0.03,461.43,21.28,6.65,1016.49
1989-06-11,0.17,453.9,25.5,7.44,1093.59
1989-06-12,3.85,391.33,25.17,8.95,1184.04
1989-06-13,5.75,310.85,23.55,10.69,1260.65
1989-06-14,3.43,226.17,18.99,11.27,1245.62
1989-06-15,1.09,339.76,17.42,6.08,972.17
1989-06-16,2.1,374.44,17.27,4.67,873.36
1989-06-17,5.88,376.16,17.49,4.91,874.97
1989-06-18,6.82,356.03,17.27,5.27,901.41
1989-06-19,7.86,265.97,15.87,7.58,973.44
1989-06-20,3.21,364.03,17.28,4.19,861.01
1989-06-21,0.18,499.14,19.44,5.34,907.58
1989-06-22,0.0,499.82,22.03,9.01,1081.88
1989-06-23,0.0,524.97,25.29,7.86,1092.67
1989-06-24,0.0,531.16,30.57,9.72,1227.34
1989-06-25,0.03,470.02,30.56,11.09,1306.45
1989-06-26,1.08,309.32,29.96,10.05,1164.25
1989-06-27,5.22,356.13,18.43,5.28,940.41
1989-06-28,8.14,308.48,17.66,8.5,1062.59
1989-06-29,14.79,195.05,17.08,9.99,1159.52
1989-06-30,22.54,192.87,14.67,9.59,1150.64
1989-07-01,20.54,150.43,14.55,9.9,1164.57
1989-07-02,11.75,187.44,14.71,9.83,1135.02
1989-07-03,4.28,315.05,16.7,6.98,977.7
1989-07-04,1.28,358.69,17.45,6.31,908.97
1989-07-05,0.28,507.67,20.84,5.67,856.81
1989-07-06,0.0,537.39,23.15,6.37,889.45
1989-07-07,0.09,485.25,22.83,6.95,948.66
1989-07-08,0.06,367.75,21.55,9.89,1058.42
1989-07-09,0.01,468.34,19.05,7.46,988.98
1989-07-10,0.0,393.21,18.94,11.55,1161.2
1989-07-11,0.0,498.64,23.42,8.98,1072.5
1989-07-12,0.0,518.43,25.08,10.06,1128.86
1989-07-13,0.01,436.99,24.22,11.6,1230.64
1989-07-14,3.76,351.14,22.09,11.32,1230.36
1989-07-15,9.54,348.06,20.76,8.95,1108.22
1989-07-16,11.83,314.75,19.02,9.86,1144.17
1989-07-17,5.13,311.89,19.16,10.46,1217.36
1989-07-18,0.76,306.94,21.43,12.82,1341.34
1989-07-19,0.1,450.1,21.88,10.56,1171.77
1989-07-20,0.01,479.03,21.15,8.42,1024.64
1989-07-21,0.0,502.56,20.41,7.16,945.22
1989-07-22,0.0,524.29,23.58,7.0,954.37
1989-07-23,0.0,515.92,23.28,8.64,1027.07
1989-07-24,0.0,503.49,22.52,9.04,1068.11
1989-07-25,0.0,508.05,25.28,10.47,1158.97
1989-07-26,0.0,496.78,24.41,10.78,1193.36
1989-07-27,0.04,356.62,23.23,11.86,1213.41
1989-07-28,0.02,495.0,22.42,6.74,1009.41
1989-07-29,0.41,363.57,21.98,11.19,1208.2
1989-07-30,1.12,345.8,21.27,9.88,1176.37
1989-07-31,1.12,315.8,20.37,10.32,1169.65
1989-08-01,2.33,303.83,18.76,8.84,1069.56
1989-08-02,1.85,361.3,17.68,6.57,992.24
1989-08-03,0.45,357.82,20.37,11.66,1231.5
1989-08-04,0.02,438.66,22.44,11.34,1243.23
1989-08-05,0.0,469.14,24.42,11.64,1243.32
1989-08-06,0.0,501.96,26.34,9.15,1133.66
1989-08-07,0.0,502.92,26.44,9.47,1130.15
1989-08-08,0.0,493.77,25.91,9.43,1137.27
1989-08-09,0.0,445.12,24.38,11.71,1213.3
1989-08-10,0.0,475.72,22.59,7.05,983.87
1989-08-11,0.0,499.29,21.97,5.93,907.41
1989-08-12,0.04,436.46,22.95,6.5,969.25
1989-08-13,0.02,421.32,22.74,10.25,1143.76
1989-08-14,0.03,343.32,20.97,11.17,1208.53
1989-08-15,0.82,341.0,20.24,7.86,1083.24
1989-08-16,0.4,321.68,20.02,11.94,1214.03
1989-08-17,0.0,445.2,22.75,9.41,1108.05
1989-08-18,0.0,459.11,23.62,10.04,1135.39
1989-08-19,1.54,328.32,23.41,11.5,1270.78
1989-08-20,9.15,234.09,22.14,12.69,1368.92
1989-08-21,9.38,202.32,19.16,13.07,1374.07
1989-08-22,5.98,266.29,18.56,9.08,1123.78
1989-08-23,1.69,409.71,19.25,8.35,1017.3
1989-08-24,0.0,415.04,19.07,8.39,999.65
1989-08-25,0.0,453.49,21.62,7.85,985.15
1989-08-26,0.0,465.15,24.14,8.7,1044.84
1989-08-27,0.12,345.07,23.58,10.15,1162.09
1989-08-28,0.06,364.07,22.63,11.22,1176.88
1989-08-29,0.0,437.92,23.02,9.26,1091.03
1989-08-30,0.0,422.73,22.35,10.34,1137.92
1989-08-31,0.49,234.35,21.53,11.02,1217.89
1989-09-01,1.44,210.02,16.91,10.66,1186.05
1989-09-02,0.6,367.66,18.4,8.23,1012.39
1989-09-03,0.0,441.71,21.18,6.16,907.71
1989-09-04,0.0,438.15,21.16,7.19,936.33
1989-09-05,0.0,436.73,21.25,7.08,936.18
1989-09-06,0.0,448.55,23.66,6.0,905.17
1989-09-07,0.0,451.32,25.26,5.78,917.02
1989-09-08,0.0,442.63,27.78,7.73,1025.55
1989-09-09,0.0,433.95,27.16,8.99,1072.13
1989-09-10,0.0,443.55,25.92,5.13,909.35
1989-09-11,0.0,439.53,25.93,5.26,884.5
1989-09-12,0.0,435.2,25.86,5.85,913.76
1989-09-13,0.0,427.98,27.19,6.73,962.45
1989-09-14,0.0,426.18,27.89,6.71,983.99
1989-09-15,0.06,316.43,26.91,7.86,1040.99
1989-09-16,0.13,291.55,23.44,7.47,983.77
1989-09-17,1.75,289.82,18.25,4.85,847.38
1989-09-18,0.85,394.82,18.59,2.6,720.89
1989-09-19,0.0,401.47,18.04,2.3,703.32
1989-09-20,0.0,399.05,21.95,5.0,811.11
1989-09-21,0.0,399.11,23.69,4.82,846.89
1989-09-22,0.0,401.18,29.34,5.86,925.12
1989-09-23,0.0,392.96,28.29,6.96,975.71
1989-09-24,0.14,294.77,26.24,6.16,993.32
1989-09-25,0.21,286.61,24.34,10.17,1160.61
1989-09-26,0.24,149.23,22.98,10.76,1207.16
1989-09-27,0.09,253.19,18.08,9.42,1099.28
1989-09-28,0.71,272.28,23.41,6.53,965.35
1989-09-29,0.47,295.97,22.85,6.87,930.5
1989-09-30,0.31,178.55,21.96,10.39,1077.28
1989-10-01,0.33,208.79,17.26,8.05,941.19
1989-10-02,0.12,318.79,17.97,3.45,689.58
1989-10-03,0.81,276.97,19.06,0.11,601.7
1989-10-04,2.04,222.16,18.4,5.62,794.4
1989-10-05,1.46,131.03,15.92,9.44,1027.06
1989-10-06,0.32,251.66,19.14,9.43,1012.37
1989-10-07,0.0,225.73,18.71,9.69,1018.57
1989-10-08,0.27,216.17,19.75,8.15,973.03
1989-10-09,0.91,233.76,20.81,6.36,902.93
1989-10-10,2.63,191.41,20.24,8.44,967.9
1989-10-11,17.65,154.89,17.47,6.22,912.81
1989-10-12,21.56,129.84,14.71,9.03,1052.74
1989-10-13,9.84,147.22,15.65,8.88,1048.33
1989-10-14,1.66,204.75,15.02,2.7,758.21
1989-10-15,0.03,300.18,13.39,-0.38,576.58
1989-10-16,1.42,232.61,14.21,-0.63,592.56
1989-10-17,2.8,221.64,19.79,4.85,812.69
1989-10-18,1.64,198.16,19.41,7.26,942.87
1989-10-19,6.47,193.29,18.19,4.54,844.28
1989-10-20,21.66,165.69,14.73,4.36,823.28
1989-10-21,28.25,110.6,12.69,7.63,974.91
1989-10-22,26.31,101.33,12.28,7.46,1013.23
1989-10-23,17.86,64.05,11.84,8.6,1057.65
1989-10-24,10.85,148.58,13.12,5.99,956.08
1989-10-25,14.36,142.98,12.8,5.67,919.6
1989-10-26,12.92,100.09,12.15,7.31,964.64
1989-10-27,3.7,183.94,11.16,1.71,753.68
1989-10-28,0.05,217.96,10.83,0.86,667.16
1989-10-29,0.01,241.8,10.35,-0.38,615.18
1989-10-30,0.25,197.12,9.83,-0.98,596.8
1989-10-31,0.12,227.44,10.77,1.07,647.04
1989-11-01,0.75,189.56,10.94,-2.2,567.4
1989-11-02,10.87,180.8,10.39,-2.21,565.86
1989-11-03,14.92,132.15,11.52,5.04,826.99
1989-11-04,12.06,107.14,12.04,6.93,965.3
1989-11-05,13.76,122.32,11.76,5.46,928.82
1989-11-06,20.58,69.44,11.22,7.01,957.95
1989-11-07,28.17,131.73,10.81,3.83,856.17
1989-11-08,40.94,123.42,12.05,5.71,938.0
1989-11-09,33.79,35.25,12.62,11.25,1216.42
1989-11-10,24.57,68.1,12.31,8.83,1139.43
1989-11-11,18.56,73.08,11.56,6.05,952.08
1989-11-12,17.39,81.14,8.95,3.33,797.51
1989-11-13,12.12,115.85,8.16,2.26,732.42
1989-11-14,3.98,139.66,8.57,0.38,667.54
1989-11-15,3.7,125.47,7.98,1.1,677.59
1989-11-16,7.53,96.11,7.36,2.7,744.02
1989-11-17,6.83,77.18,9.1,5.58,875.98
1989-11-18,3.5,58.57,9.08,6.24,931.13
1989-11-19,3.61,70.71,9.67,6.44,950.82
1989-11-20,4.58,72.89,9.92,6.55,950.57
1989-11-21,6.37,103.38,9.61,4.27,841.41
1989-11-22,12.22,129.9,8.69,-0.59,660.0
1989-11-23,16.38,119.22,10.14,3.26,753.47
1989-11-24,17.54,87.51,9.49,2.2,727.41
1989-11-25,14.97,76.69,6.07,1.26,678.86
1989-11-26,6.17,107.07,7.54,1.62,690.29
1989-11-27,0.82,155.03,8.22,0.44,655.92
1989-11-28,0.0,173.33,8.37,-1.2,599.44
1989-11-29,0.0,164.5,8.04,-0.52,608.95
1989-11-30,0.4,110.47,7.31,0.4,636.81
1989-12-01,16.51,125.05,8.82,-0.31,636.21
1989-12-02,41.66,106.08,8.46,1.88,720.14
1989-12-03,52.35,79.45,10.67,6.52,936.31
1989-12-04,46.13,64.44,12.32,9.0,1095.9
1989-12-05,16.37,88.77,12.02,6.21,996.39
1989-12-06,12.21,54.32,11.0,6.57,958.82
1989-12-07,16.94,62.08,9.27,6.09,937.48
1989-12-08,14.76,69.46,9.16,5.53,895.11
1989-12-09,5.51,108.18,8.78,0.97,716.75
1989-12-10,0.49,143.49,7.61,-0.77,603.25
1989-12-11,0.0,142.78,5.75,-3.07,509.68
1989-12-12,0.0,139.23,3.61,-3.22,485.44
1989-12-13,0.0,146.83,5.05,-2.48,511.29
1989-12-14,0.0,127.11,4.78,-2.06,534.26
1989-12-15,0.0,89.11,5.2,1.65,651.28
1989-12-16,0.08,81.39,5.33,1.24,671.89
1989-12-17,0.79,47.54,5.09,1.35,657.88
1989-12-18,1.81,77.56,3.58,-1.05,590.12
1989-12-19,2.39,87.16,6.17,1.07,653.95
1989-12-20,3.35,64.1,7.01,3.52,759.6
1989-12-21,1.54,83.41,7.89,3.04,765.56
1989-12-22,1.68,105.07,7.61,0.67,688.78
1989-12-23,1.87,90.01,9.02,3.54,772.94
1989-12-24,0.55,110.46,9.02,4.15,822.21
1989-12-25,0.0,91.74,8.76,3.52,786.3
1989-12-26,0.0,106.04,7.0,0.64,668.34
1989-12-27,0.75,93.99,4.92,-0.96,596.75
1989-12-28,0.9,72.04,5.54,1.77,672.68
1989-12-29,1.7,70.13,6.41,2.81,736.14
1989-12-30,6.41,72.68,6.86,3.1,756.49
1989-12-31,9.34,93.95,7.3,2.12,729.98
1990-01-01,8.55,94.29,7.13,1.88,700.42
1990-01-02,15.33,110.38,6.63,-2.44,564.32
1990-01-03,23.75,111.53,7.62,0.67,640.52
1990-01-04,26.01,101.01,9.27,3.43,775.57
1990-01-05,38.74,102.02,10.47,4.46,848.61
1990-01-06,49.18,77.94,10.25,5.08,878.19
1990-01-07,59.09,93.43,10.72,5.65,907.53
1990-01-08,46.62,80.08,10.21,3.79,828.29
1990-01-09,33.67,108.3,10.15,3.93,809.16
1990-01-10,11.39,105.99,9.33,0.09,663.76
1990-01-11,2.81,116.62,6.94,0.19,641.75
1990-01-12,3.55,112.45,8.08,1.89,710.75
1990-01-13,4.3,91.87,8.21,3.78,796.35
1990-01-14,3.25,65.3,8.12,5.17,860.24
1990-01-15,3.39,62.91,7.8,4.84,848.13
1990-01-16,2.15,104.35,7.7,2.64,758.52
1990-01-17,0.44,164.85,7.1,0.1,640.67
1990-01-18,0.0,180.18,5.95,-3.57,505.25
1990-01-19,0.0,182.8,5.41,-2.71,507.99
1990-01-20,6.22,146.1,7.65,-2.19,552.38
1990-01-21,17.76,98.49,7.29,2.13,689.16
1990-01-22,19.86,110.01,7.52,2.41,727.26
1990-01-23,13.82,136.85,7.49,0.27,661.01
1990-01-24,14.83,120.23,6.99,0.55,648.46
1990-01-25,22.41,98.38,5.7,1.35,657.72
1990-01-26,28.34,122.95,4.79,-2.2,552.87
1990-01-27,34.65,141.09,6.26,-0.67,589.86
1990-01-28,43.46,132.13,7.22,1.09,658.96
1990-01-29,29.57,128.36,6.7,0.19,633.94
1990-01-30,20.55,94.35,5.25,-0.73,581.3
1990-01-31,18.35,97.21,2.51,-1.38,552.93
1990-02-01,23.97,137.71,5.16,-0.74,585.55
1990-02-02,20.56,148.37,7.13,0.57,644.77
1990-02-03,23.61,145.71,7.34,1.16,665.9
1990-02-04,25.92,160.97,6.6,-1.73,576.72
1990-02-05,23.39,118.63,5.12,-0.54,578.33
1990-02-06,25.04,104.75,3.33,-1.05,559.81
1990-02-07,24.13,115.4,2.39,-2.21,523.0
1990-02-08,27.97,119.19,3.2,-0.92,565.63
1990-02-09,47.02,164.28,7.72,0.93,673.65
1990-02-10,45.73,81.42,8.3,5.81,849.13
1990-02-11,19.22,178.46,8.08,0.39,683.43
1990-02-12,4.02,169.74,7.58,-3.41,498.92
1990-02-13,7.73,213.96,2.99,-5.99,400.72
1990-02-14,11.89,236.6,2.53,-7.75,355.75
1990-02-15,12.78,187.66,2.02,-2.71,464.94
1990-02-16,11.0,158.24,1.89,-1.97,508.97
1990-02-17,4.1,178.11,1.66,-2.8,481.26
1990-02-18,6.2,257.69,2.86,-7.45,374.04
1990-02-19,13.4,268.07,4.23,-7.01,377.09
1990-02-20,16.06,216.07,4.07,-1.64,514.34
1990-02-21,5.66,219.87,5.11,-0.65,584.13
1990-02-22,1.91,266.4,9.9,-0.57,609.97
1990-02-23,2.4,283.38,9.68,-2.34,576.33
1990-02-24,1.21,241.48,9.5,1.84,698.25
1990-02-25,0.23,299.4,9.28,1.91,708.09
1990-02-26,0.0,358.25,11.88,-2.33,587.6
1990-02-27,0.0,358.82,15.99,-2.26,582.8
1990-02-28,0.0,361.33,16.47,-2.81,571.49
1990-03-01,0.0,367.62,16.13,-3.42,550.49
1990-03-02,0.54,288.21,16.31,-3.12,570.92
1990-03-03,9.18,270.95,15.68,0.73,697.54
1990-03-04,6.0,251.2,13.97,3.4,801.45
1990-03-05,9.93,236.84,12.59,2.8,791.24
1990-03-06,17.16,173.48,10.73,4.14,816.9
1990-03-07,19.86,132.2,8.87,3.5,771.69
1990-03-08,21.43,190.48,6.67,-0.26,633.68
1990-03-09,23.64,176.29,5.47,-0.46,595.55
1990-03-10,12.42,218.98,6.39,-0.71,589.61
1990-03-11,2.31,267.25,8.03,-2.18,550.06
1990-03-12,11.68,284.11,9.08,-3.01,528.69
1990-03-13,12.37,276.48,9.28,-1.5,574.66
1990-03-14,8.89,273.73,10.12,-0.8,617.59
1990-03-15,4.11,261.43,11.56,1.56,714.42
1990-03-16,3.24,273.08,13.87,2.81,808.86
1990-03-17,4.63,247.3,15.45,6.44,968.92
1990-03-18,3.75,221.54,14.91,5.53,944.33
1990-03-19,4.48,246.3,13.93,5.08,924.78
1990-03-20,2.35,201.05,13.56,6.34,948.18
1990-03-21,1.26,280.57,13.91,2.17,808.63
1990-03-22,1.72,266.83,14.14,4.38,852.23
1990-03-23,1.33,204.59,13.5,2.99,779.73
1990-03-24,0.36,361.72,11.17,0.47,683.57
1990-03-25,0.0,412.28,14.31,0.0,661.01
1990-03-26,0.0,432.09,15.59,-2.08,605.7
1990-03-27,0.0,432.98,16.3,-1.18,629.67
1990-03-28,0.0,435.39,18.48,-0.54,681.69
1990-03-29,0.0,419.96,17.93,3.39,825.57
1990-03-30,0.0,375.76,16.74,4.43,885.86
1990-03-31,0.04,282.4,13.9,6.33,946.66
1990-04-01,0.02,363.48,13.1,3.2,831.39
1990-04-02,0.0,341.34,12.33,4.79,855.71
1990-04-03,0.0,433.37,16.12,1.69,759.65
1990-04-04,0.0,457.06,18.11,-0.41,685.76
1990-04-05,0.0,460.7,18.1,0.3,714.27
1990-04-06,0.0,442.47,17.63,3.43,817.18
1990-04-07,0.0,448.5,16.71,1.68,780.03
1990-04-08,0.21,238.62,15.94,5.17,849.38
1990-04-09,1.18,307.63,11.74,0.04,694.74
1990-04-10,2.25,340.64,16.75,1.7,787.5
1990-04-11,7.15,318.08,20.46,8.31,1070.57
1990-04-12,4.06,310.49,19.52,3.44,891.08
1990-04-13,6.03,235.73,13.95,7.12,1010.36
1990-04-14,4.1,178.55,13.86,8.91,1112.34
1990-04-15,1.37,320.18,20.15,6.42,1070.45
1990-04-16,1.17,359.07,23.72,8.94,1206.94
1990-04-17,1.81,303.59,22.92,9.14,1179.7
1990-04-18,3.88,283.66,18.36,5.36,968.32
1990-04-19,4.81,211.07,13.64,6.67,984.0
1990-04-20,3.37,187.02,12.59,7.68,1014.23
1990-04-21,9.98,297.15,13.43,3.61,870.07
1990-04-22,15.65,251.12,13.42,6.45,957.27
1990-04-23,13.48,188.47,13.03,6.73,961.79
1990-04-24,12.31,241.39,11.4,3.98,855.53
1990-04-25,13.81,232.95,11.57,5.65,898.3
1990-04-26,8.75,234.71,11.41,4.58,858.45
1990-04-27,7.21,196.95,10.32,4.17,811.27
1990-04-28,3.63,306.21,10.95,1.84,736.27
1990-04-29,3.25,347.72,12.82,2.32,742.56
1990-04-30,2.04,378.99,15.88,0.77,727.76
1990-05-01,0.98,371.98,17.41,4.33,866.37
1990-05-02,0.85,337.78,17.21,5.77,955.85
1990-05-03,0.26,425.14,17.93,8.1,1060.86
1990-05-04,0.0,502.77,23.18,5.57,1012.62
1990-05-05,0.5,398.92,25.76,7.52,1093.4
1990-05-06,2.52,347.18,25.37,5.03,919.99
1990-05-07,1.73,321.38,15.41,2.81,761.22
1990-05-08,0.3,477.86,14.03,0.59,685.64
1990-05-09,0.0,524.23,18.6,2.22,775.12
1990-05-10,0.03,486.58,19.34,6.34,942.26
1990-05-11,0.45,352.75,18.47,5.76,934.57
1990-05-12,3.08,288.02,14.48,6.91,965.15
1990-05-13,3.68,259.81,13.3,6.46,916.97
1990-05-14,1.39,345.21,12.43,2.23,771.54
1990-05-15,0.16,350.84,13.12,6.0,860.73
1990-05-16,0.02,479.74,14.37,3.02,774.99
1990-05-17,0.2,361.45,14.23,4.78,844.05
1990-05-18,0.42,315.81,13.83,6.15,896.77
1990-05-19,5.5,355.59,14.61,4.18,851.34
1990-05-20,13.32,324.54,15.33,7.24,963.98
1990-05-21,13.48,308.71,14.79,6.56,950.51
1990-05-22,6.78,326.98,15.38,6.71,929.85
1990-05-23,2.1,383.58,16.2,3.03,790.82
1990-05-24,0.56,390.78,15.45,3.25,782.47
1990-05-25,1.71,368.92,16.2,4.66,844.92
1990-05-26,3.75,365.19,16.46,5.41,912.64
1990-05-27,5.07,292.71,15.99,8.76,1077.47
1990-05-28,4.8,308.01,17.79,9.39,1134.31
1990-05-29,7.06,337.19,18.38,8.65,1107.57
1990-05-30,9.31,323.88,17.81,8.86,1096.4
1990-05-31,9.96,319.54,16.75,7.57,1024.96
1990-06-01,13.09,297.01,15.41,7.2,996.64
1990-06-02,15.55,262.88,13.98,7.69,1042.12
1990-06-03,14.4,226.72,15.33,10.42,1160.96
1990-06-04,10.0,299.98,14.95,6.75,982.48
1990-06-05,6.12,365.94,16.21,5.59,946.74
1990-06-06,6.31,282.34,16.0,9.87,1118.31
1990-06-07,7.02,312.6,15.63,7.55,1028.66
1990-06-08,10.09,323.92,15.78,8.11,1045.02
1990-06-09,8.26,249.79,15.64,9.28,1076.74
1990-06-10,8.01,319.8,14.07,5.76,925.36
1990-06-11,3.43,326.46,14.39,7.04,963.08
1990-06-12,1.39,304.18,14.61,7.83,997.66
1990-06-13,0.56,454.66,16.38,6.9,947.34
1990-06-14,0.0,532.99,22.43,6.8,989.67
1990-06-15,0.0,515.01,22.31,10.29,1145.06
1990-06-16,0.03,395.88,21.84,9.61,1124.51
1990-06-17,0.01,453.22,18.77,9.8,1109.86
1990-06-18,0.0,508.55,20.63,8.71,1078.67
1990-06-19,0.0,483.53,20.51,10.5,1170.7
1990-06-20,0.0,492.44,22.5,11.54,1235.99
1990-06-21,0.0,532.05,29.33,9.03,1184.9
1990-06-22,0.13,436.29,29.37,10.44,1258.66
1990-06-23,0.08,432.53,28.41,10.06,1143.05
1990-06-24,0.01,510.75,20.04,7.13,974.96
1990-06-25,0.0,520.7,19.71,6.83,929.29
1990-06-26,1.87,416.67,19.18,5.28,894.8
1990-06-27,6.48,396.92,19.51,5.91,960.85
1990-06-28,5.28,330.52,19.39,10.76,1209.12
1990-06-29,2.43,352.11,22.08,11.47,1308.82
1990-06-30,1.0,329.29,21.89,12.2,1329.14
1990-07-01,0.32,380.24,20.55,10.0,1196.8
1990-07-02,0.2,361.46,19.4,10.66,1188.88
1990-07-03,0.34,387.18,21.53,7.45,1084.43
1990-07-04,2.19,385.69,24.47,10.35,1240.42
1990-07-05,12.79,367.97,24.23,11.65,1322.99
1990-07-06,8.46,317.34,23.3,11.01,1266.75
1990-07-07,1.29,475.07,23.13,10.12,1200.22
1990-07-08,0.0,511.81,24.31,9.97,1188.41
1990-07-09,0.02,504.7,24.27,9.55,1186.27
1990-07-10,0.01,518.76,28.1,10.75,1277.57
1990-07-11,0.0,523.7,30.58,10.93,1332.66
1990-07-12,0.0,510.43,29.55,12.55,1385.05
1990-07-13,0.0,518.68,28.09,9.49,1208.81
1990-07-14,0.0,518.29,26.74,9.89,1206.19
1990-07-15,0.0,512.85,27.21,10.65,1232.7
1990-07-16,0.0,518.26,26.11,8.56,1113.71
1990-07-17,0.0,508.28,24.74,7.89,1043.82
1990-07-18,0.0,524.73,26.1,7.23,1039.72
1990-07-19,0.0,522.9,28.23,8.74,1143.96
1990-07-20,0.0,518.91,30.95,10.56,1279.51
1990-07-21,0.0,516.19,32.37,11.24,1354.07
1990-07-22,0.0,502.1,31.29,12.96,1425.42
1990-07-23,0.0,345.11,29.65,12.37,1335.18
1990-07-24,0.0,314.92,18.97,10.98,1233.8
1990-07-25,0.01,296.45,17.98,11.29,1241.09
1990-07-26,0.0,269.5,17.51,11.44,1253.06
1990-07-27,0.0,372.35,20.98,12.0,1246.49
1990-07-28,0.0,495.48,27.21,9.39,1158.39
1990-07-29,0.0,508.11,32.09,11.84,1307.33
1990-07-30,0.01,484.12,31.0,12.45,1349.59
1990-07-31,0.0,404.22,29.47,12.22,1301.63
1990-08-01,0.03,315.75,21.26,12.0,1249.79
1990-08-02,0.02,474.16,22.9,6.96,1001.79
1990-08-03,0.0,502.04,27.25,9.49,1121.1
1990-08-04,0.0,503.32,31.78,11.14,1265.22
1990-08-05,0.0,483.12,30.62,12.17,1296.0
1990-08-06,0.0,452.6,27.57,10.59,1173.71
1990-08-07,0.0,490.58,26.29,8.64,1085.65
1990-08-08,0.0,488.12,26.83,10.04,1153.4
1990-08-09,0.0,477.74,27.34,11.16,1237.4
1990-08-10,0.0,480.77,29.35,11.87,1312.47
1990-08-11,0.2,381.21,32.62,11.7,1377.73
1990-08-12,0.11,453.47,32.26,11.56,1332.47
1990-08-13,0.01,366.27,30.27,13.95,1388.54
1990-08-14,0.27,356.61,24.3,8.22,1152.91
1990-08-15,1.36,316.39,24.09,11.81,1303.07
1990-08-16,2.72,227.92,23.26,13.2,1409.09
1990-08-17,2.75,237.25,20.06,12.03,1351.05
1990-08-18,1.42,271.7,21.78,12.41,1344.53
1990-08-19,1.05,306.92,22.03,10.77,1244.68
1990-08-20,1.65,323.75,23.82,11.0,1271.64
1990-08-21,1.45,283.61,23.69,14.08,1447.56
1990-08-22,0.44,328.22,23.42,13.03,1339.94
1990-08-23,0.17,336.21,22.23,6.69,1006.04
1990-08-24,1.22,328.32,19.86,8.11,992.76
1990-08-25,1.02,324.29,19.36,6.83,950.3
1990-08-26,0.26,415.25,22.34,6.74,935.88
1990-08-27,0.03,443.62,24.38,8.51,1024.81
1990-08-28,2.12,349.87,26.33,10.05,1166.24
1990-08-29,8.05,318.58,25.48,11.07,1228.11
1990-08-30,23.77,218.62,23.57,11.23,1247.01
1990-08-31,11.38,246.44,20.51,11.86,1271.71
1990-09-01,0.63,340.8,20.28,10.01,1122.21
1990-09-02,0.0,411.48,21.41,8.71,1001.24
1990-09-03,0.0,441.69,22.7,7.2,921.34
1990-09-04,0.0,449.49,25.2,7.72,953.23
1990-09-05,0.0,432.49,25.3,10.26,1082.47
1990-09-06,0.0,405.95,25.39,12.3,1191.11
1990-09-07,0.0,391.66,24.44,11.38,1159.38
1990-09-08,0.0,285.32,22.55,13.36,1261.68
1990-09-09,0.0,311.96,20.03,11.83,1146.48
1990-09-10,0.14,319.7,23.52,8.3,994.34
1990-09-11,0.32,321.04,22.72,8.79,1009.14
1990-09-12,0.19,196.35,20.74,12.67,1197.2
1990-09-13,0.03,404.35,22.72,6.42,885.9
1990-09-14,0.57,322.38,22.26,7.1,906.93
1990-09-15,0.36,268.79,21.61,10.77,1087.81
1990-09-16,1.74,230.01,19.35,11.35,1159.99
1990-09-17,0.85,360.48,21.22,9.6,1021.3
1990-09-18,0.0,389.72,21.71,7.99,924.3
1990-09-19,0.0,380.77,21.22,8.42,924.46
1990-09-20,0.0,392.42,21.91,7.33,886.41
1990-09-21,0.0,403.52,26.28,6.62,880.8
1990-09-22,0.0,400.71,30.35,8.15,988.32
1990-09-23,0.0,348.81,29.47,12.25,1179.73
1990-09-24,0.0,237.88,23.59,11.37,1193.0
1990-09-25,0.0,215.16,17.4,11.37,1181.14
1990-09-26,0.0,238.44,17.55,10.81,1124.19
1990-09-27,0.0,319.94,21.04,10.4,1047.36
1990-09-28,0.0,361.37,21.45,7.4,915.12
1990-09-29,1.25,250.41,20.86,9.2,997.13
1990-09-30,2.59,260.77,19.86,6.41,905.96
1990-10-01,7.08,244.0,19.16,6.77,887.77
1990-10-02,14.06,240.77,17.46,4.95,840.95
1990-10-03,22.05,205.02,16.07,7.62,960.25
1990-10-04,15.2,163.96,15.55,8.73,1015.04
1990-10-05,4.03,233.35,14.28,2.64,755.68
1990-10-06,0.28,328.98,13.03,0.03,600.98
1990-10-07,0.0,334.81,13.84,0.51,606.89
1990-10-08,2.24,253.09,15.45,1.88,682.7
1990-10-09,4.75,239.36,15.49,2.6,722.52
1990-10-10,8.28,233.02,14.85,2.18,707.61
1990-10-11,9.67,221.99,13.61,1.12,682.54
1990-10-12,8.34,184.29,12.63,4.44,797.6
1990-10-13,19.95,188.7,13.3,4.67,839.99
1990-10-14,23.54,160.52,12.9,5.08,868.71
1990-10-15,15.77,121.15,11.67,6.46,912.29
1990-10-16,10.23,192.52,11.7,2.22,761.83
1990-10-17,10.24,186.0,11.26,2.06,730.95
1990-10-18,7.26,174.45,12.57,4.39,802.89
1990-10-19,19.87,213.89,12.06,-0.9,645.9
1990-10-20,24.27,204.99,11.34,0.19,652.67
1990-10-21,18.62,161.64,11.43,4.16,791.4
1990-10-22,5.54,204.17,11.38,1.69,741.76
1990-10-23,0.56,182.85,12.55,3.47,788.23
1990-10-24,10.77,194.53,13.92,2.79,814.97
1990-10-25,17.92,108.37,13.89,9.17,1068.86
1990-10-26,9.87,150.68,13.49,5.64,966.37
1990-10-27,11.21,170.86,14.26,4.76,893.83
1990-10-28,13.24,174.03,13.95,4.03,846.76
1990-10-29,9.84,158.76,13.31,1.91,761.91
1990-10-30,6.94,89.89,10.1,6.21,892.55
1990-10-31,2.46,133.22,10.63,4.18,836.11
1990-11-01,3.32,176.13,10.34,-1.06,638.14
1990-11-02,9.52,156.83,9.14,-0.23,631.2
1990-11-03,12.41,107.71,9.08,4.09,796.59
1990-11-04,5.56,83.94,10.35,6.54,915.51
1990-11-05,3.86,161.02,10.54,0.69,716.61
1990-11-06,5.32,160.97,9.42,-1.11,620.1
1990-11-07,12.69,135.24,10.72,3.74,781.98
1990-11-08,34.83,93.88,10.32,5.35,882.95
1990-11-09,61.14,131.67,12.73,5.64,943.39
1990-11-10,35.12,91.3,13.25,8.75,1101.99
1990-11-11,20.64,84.77,13.96,9.85,1174.59
1990-11-12,22.6,131.29,13.23,5.07,963.51
1990-11-13,17.61,94.47,11.93,6.42,935.06
1990-11-14,14.39,113.55,10.22,1.82,760.95
1990-11-15,10.69,99.36,8.23,3.34,764.47
1990-11-16,5.47,129.57,9.15,1.65,738.42
1990-11-17,2.54,82.51,9.39,5.36,838.99
1990-11-18,4.28,137.09,8.56,-0.69,657.55
1990-11-19,9.26,111.97,7.2,0.34,628.78
1990-11-20,21.17,117.61,5.99,-0.69,607.85
1990-11-21,32.81,113.48,7.45,1.26,690.66
1990-11-22,43.27,86.57,11.01,6.48,937.94
1990-11-23,60.39,37.71,11.12,9.4,1116.02
1990-11-24,58.49,67.35,11.72,8.35,1079.75
1990-11-25,23.59,126.24,11.21,2.64,814.86
1990-11-26,5.92,118.35,10.17,-0.97,624.42
1990-11-27,12.22,110.51,6.49,0.16,624.13
1990-11-28,17.5,114.99,6.79,-0.12,636.1
1990-11-29,24.58,86.98,7.59,2.95,719.97
1990-11-30,18.49,108.91,6.79,-1.72,588.17
1990-12-01,19.09,86.93,4.23,-0.38,584.53
1990-12-02,36.03,85.21,3.81,-1.15,579.03
1990-12-03,44.82,68.03,5.72,2.31,693.92
1990-12-04,33.78,87.76,7.89,3.05,754.96
1990-12-05,11.2,92.59,7.58,1.36,701.1
1990-12-06,7.31,99.76,6.93,1.11,670.17
1990-12-07,20.46,105.93,6.6,-1.54,587.75
1990-12-08,30.71,97.93,7.06,1.13,667.86
1990-12-09,21.85,40.34,8.08,6.08,864.99
1990-12-10,8.06,77.31,8.06,3.83,819.81
1990-12-11,6.3,97.03,7.74,-0.26,648.41
1990-12-12,6.71,92.14,5.22,-1.02,579.1
1990-12-13,5.96,88.69,4.07,-1.27,563.24
1990-12-14,4.12,81.98,4.1,-0.46,589.73
1990-12-15,5.46,67.12,4.56,1.05,635.15
1990-12-16,10.67,93.12,4.3,-2.21,552.65
1990-12-17,15.84,103.51,6.41,-0.4,589.11
1990-12-18,7.49,117.63,7.84,-1.82,558.67
1990-12-19,1.39,149.53,7.26,-7.24,382.48
1990-12-20,0.27,174.31,-1.15,-10.6,265.61
1990-12-21,0.08,170.56,-5.39,-14.67,197.27
1990-12-22,0.09,158.75,-5.53,-11.59,221.38
1990-12-23,0.02,205.1,-2.91,-12.37,229.56
1990-12-24,0.1,155.31,-2.6,-9.2,281.83
1990-12-25,2.67,129.83,-0.35,-5.66,373.78
1990-12-26,8.65,94.36,1.78,-2.37,484.61
1990-12-27,7.76,113.31,5.05,-0.89,554.04
1990-12-28,2.89,137.92,4.62,-6.08,415.09
1990-12-29,9.41,159.56,1.34,-12.09,262.97
1990-12-30,13.74,139.05,-3.28,-7.9,307.01
1990-12-31,9.37,168.34,4.69,-3.54,452.16
1991-01-01,3.81,139.46,4.76,-0.37,575.33
1991-01-02,0.87,140.47,4.91,-0.16,598.82
1991-01-03,0.17,186.42,4.65,-3.73,492.84
1991-01-04,0.06,199.5,3.99,-6.07,405.39
1991-01-05,7.75,172.99,2.94,-6.6,378.04
1991-01-06,19.11,134.63,1.43,-3.92,435.17
1991-01-07,30.74,165.09,5.31,-1.72,535.15
1991-01-08,29.8,124.06,4.97,0.32,609.78
1991-01-09,20.62,103.75,3.76,0.44,627.31
1991-01-10,33.23,103.8,4.67,1.82,685.09
1991-01-11,51.35,135.99,8.5,3.32,782.98
1991-01-12,43.03,115.52,10.38,6.02,919.56
1991-01-13,28.45,74.79,10.12,7.25,983.6
1991-01-14,17.49,100.54,9.3,5.87,930.05
1991-01-15,8.05,106.22,8.9,4.31,846.64
1991-01-16,3.53,91.79,7.97,3.69,802.1
1991-01-17,0.96,149.21,9.5,4.32,835.13
1991-01-18,0.04,148.28,10.39,4.61,838.3
1991-01-19,0.01,197.09,9.46,-2.01,605.64
1991-01-20,0.0,196.74,7.9,-3.9,486.7
1991-01-21,0.0,192.95,5.27,-4.1,463.07
1991-01-22,0.29,136.37,4.14,-3.46,481.37
1991-01-23,0.15,101.3,3.42,-0.62,554.56
1991-01-24,0.03,161.29,4.76,-1.83,543.0
1991-01-25,0.02,208.39,5.46,-3.91,478.54
1991-01-26,0.0,217.91,5.78,-5.37,429.09
1991-01-27,0.32,189.79,5.38,-6.22,407.08
1991-01-28,0.18,192.54,5.43,-3.48,460.31
1991-01-29,4.55,200.98,4.71,-6.59,401.99
1991-01-30,12.88,196.2,4.2,-5.23,428.45
1991-01-31,32.04,164.77,6.03,0.06,599.32
1991-02-01,36.79,154.32,9.02,2.7,751.12
1991-02-02,40.03,112.07,10.76,6.26,915.7
1991-02-03,46.41,135.83,10.39,4.62,887.86
1991-02-04,44.23,128.59,10.74,5.49,894.14
1991-02-05,19.3,172.12,10.22,1.42,738.85
1991-02-06,2.91,185.74,9.88,-1.32,630.15
1991-02-07,2.84,144.07,9.58,3.61,776.0
1991-02-08,1.42,185.94,13.39,4.73,867.24
1991-02-09,0.39,192.33,13.6,1.43,763.0
1991-02-10,8.15,171.68,13.09,1.99,739.5
1991-02-11,20.2,172.17,10.56,2.25,759.46
1991-02-12,20.08,68.93,9.89,6.06,892.92
1991-02-13,12.13,95.0,9.6,6.21,947.69
1991-02-14,4.05,165.4,14.41,7.08,1023.46
1991-02-15,1.54,149.12,14.13,7.46,1028.08
1991-02-16,3.26,180.31,12.84,2.24,802.76
1991-02-17,18.62,131.0,9.66,3.31,763.49
1991-02-18,46.36,180.69,7.58,0.17,685.6
1991-02-19,45.11,111.3,9.49,5.9,872.01
1991-02-20,16.67,105.33,9.33,5.49,884.91
1991-02-21,1.8,233.1,9.35,0.61,704.16
1991-02-22,0.01,290.4,9.5,-0.52,625.99
1991-02-23,0.0,310.24,11.08,-1.97,579.07
1991-02-24,0.0,316.41,11.73,-2.18,577.07
1991-02-25,0.0,321.89,16.52,-0.64,645.23
1991-02-26,0.0,325.1,17.76,-0.81,655.42
1991-02-27,1.01,253.5,16.88,-1.9,618.43
1991-02-28,14.7,249.88,15.44,-1.13,632.52
1991-03-01,33.11,211.75,14.6,0.67,673.02
1991-03-02,34.6,159.61,8.54,3.16,762.78
1991-03-03,23.77,154.34,8.92,3.88,795.18
1991-03-04,9.08,203.41,8.62,0.96,678.45
1991-03-05,3.66,249.47,7.7,-3.87,527.88
1991-03-06,2.45,170.07,7.17,1.97,664.1
1991-03-07,1.38,223.08,7.42,-0.72,620.79
1991-03-08,3.68,213.41,7.52,0.29,628.52
1991-03-09,6.93,234.57,7.14,-1.52,579.35
1991-03-10,8.88,191.56,6.53,-0.31,592.08
1991-03-11,11.93,200.39,5.2,-1.72,555.03
1991-03-12,7.6,245.27,7.66,-1.26,575.68
1991-03-13,2.91,246.91,8.17,-0.45,615.48
1991-03-14,1.34,221.5,8.18,1.34,675.81
1991-03-15,0.66,225.16,8.01,0.79,661.9
1991-03-16,0.16,376.6,11.75,-1.43,602.9
1991-03-17,1.47,304.71,13.68,-1.56,598.8
1991-03-18,3.09,298.46,13.04,-1.79,605.6
1991-03-19,4.66,241.93,12.4,2.51,717.83
1991-03-20,4.02,295.84,12.99,-1.1,649.58
1991-03-21,5.84,273.34,12.77,2.51,735.99
1991-03-22,8.19,238.47,11.89,0.54,669.52
1991-03-23,6.97,266.79,8.97,-0.44,639.08
1991-03-24,6.29,180.84,8.71,3.44,752.91
1991-03-25,4.79,164.99,8.03,2.15,708.48
1991-03-26,1.83,306.29,10.82,-3.0,550.74
1991-03-27,1.2,326.76,11.54,-3.58,525.05
1991-03-28,1.46,288.79,11.0,0.49,639.73
1991-03-29,1.56,280.47,9.39,1.0,677.29
1991-03-30,0.53,424.04,16.36,0.81,710.85
1991-03-31,1.16,336.34,16.16,2.18,785.68
1991-04-01,7.43,177.29,15.35,6.15,903.81
1991-04-02,28.0,203.9,9.98,3.79,819.12
1991-04-03,52.71,225.13,8.92,2.75,777.14
1991-04-04,48.55,148.93,8.89,5.51,873.42
1991-04-05,32.11,185.13,9.73,5.08,858.35
1991-04-06,17.06,265.84,9.26,1.17,708.38
1991-04-07,12.03,304.72,10.03,0.74,671.18
1991-04-08,11.91,302.91,9.48,0.17,651.78
1991-04-09,11.2,252.13,8.49,1.54,678.73
1991-04-10,4.08,318.88,9.63,-0.52,620.7
1991-04-11,0.23,464.25,13.2,-2.36,570.76
1991-04-12,0.0,484.76,17.76,-1.98,606.66
1991-04-13,0.35,374.06,17.44,0.58,713.48
1991-04-14,0.54,305.92,16.72,4.35,831.56
1991-04-15,0.92,342.62,12.89,2.14,756.61
1991-04-16,0.78,380.76,15.6,0.86,733.12
1991-04-17,0.21,398.44,15.07,5.19,876.9
1991-04-18,0.0,445.64,16.06,4.58,885.2
1991-04-19,0.0,486.02,20.91,3.05,847.17
1991-04-20,0.0,496.77,22.92,2.58,857.05
1991-04-21,0.0,483.32,22.72,6.19,997.99
1991-04-22,4.72,293.51,22.09,5.88,935.52
1991-04-23,11.49,309.24,12.95,2.33,777.74
1991-04-24,10.2,227.07,11.52,3.2,756.0
1991-04-25,5.58,318.11,10.26,0.37,666.66
1991-04-26,4.61,318.59,10.09,-0.17,642.61
1991-04-27,2.91,303.8,10.8,2.58,740.82
1991-04-28,1.84,311.58,11.62,2.92,765.72
1991-04-29,0.6,479.01,14.69,0.83,712.15
1991-04-30,0.0,514.17,19.65,1.35,752.94
1991-05-01,0.0,516.27,22.12,2.96,827.09
1991-05-02,0.0,518.39,22.26,1.94,821.14
1991-05-03,0.0,497.35,21.99,5.79,956.54
1991-05-04,5.19,344.88,20.23,5.89,972.17
1991-05-05,14.46,298.66,15.91,6.84,1007.66
1991-05-06,10.08,223.99,15.27,7.38,1015.45
1991-05-07,20.64,210.07,12.7,6.39,947.96
1991-05-08,11.75,266.81,11.56,4.06,827.22
1991-05-09,1.48,330.44,11.9,1.52,726.49
1991-05-10,0.12,464.58,14.32,2.1,760.26
1991-05-11,0.0,465.83,16.4,5.22,902.37
1991-05-12,0.82,308.94,15.78,6.54,970.4
1991-05-13,1.13,290.96,14.06,5.98,924.68
1991-05-14,0.4,394.67,13.93,2.42,789.31
1991-05-15,0.02,499.63,18.27,3.82,855.2
1991-05-16,0.54,386.45,18.57,6.27,990.99
1991-05-17,0.61,329.89,17.91,7.77,1064.34
1991-05-18,1.14,242.72,16.63,7.51,1043.41
1991-05-19,0.49,245.14,13.06,8.41,1075.51
1991-05-20,0.0,366.72,16.08,8.77,1101.67
1991-05-21,0.0,405.08,16.19,8.34,1042.33
1991-05-22,0.0,491.05,15.53,3.55,821.21
1991-05-23,4.5,405.08,15.0,1.92,763.47
1991-05-24,9.18,317.21,14.22,5.67,893.07
1991-05-25,4.07,317.31,13.96,5.65,913.55
1991-05-26,0.53,329.24,13.42,5.49,889.71
1991-05-27,2.04,325.96,13.05,4.64,870.55
1991-05-28,0.98,393.82,15.24,6.07,920.32
1991-05-29,8.12,353.17,14.64,5.06,883.45
1991-05-30,5.03,359.03,14.04,4.05,846.79
1991-05-31,0.49,467.66,16.08,5.81,914.04
1991-06-01,0.0,495.19,17.85,7.09,968.04
1991-06-02,0.01,485.85,17.1,5.2,873.84
1991-06-03,0.08,438.3,15.27,3.06,766.56
1991-06-04,0.04,521.73,15.11,1.62,712.36
1991-06-05,0.93,431.02,19.97,2.23,789.31
1991-06-06,1.74,394.3,19.82,6.44,982.72
1991-06-07,1.85,247.49,19.46,9.08,1103.88
1991-06-08,0.61,396.59,17.11,9.01,1094.13
1991-06-09,0.01,510.16,23.07,6.96,1046.0
1991-06-10,1.46,406.22,22.82,8.81,1114.91
1991-06-11,3.06,360.11,21.87,6.88,994.89
1991-06-12,4.18,321.71,16.54,5.8,913.82
1991-06-13,2.93,342.53,14.71,5.51,901.78
1991-06-14,5.24,325.86,14.59,6.24,939.87
1991-06-15,8.64,293.16,14.32,7.53,1000.71
1991-06-16,8.29,282.87,14.11,7.25,978.04
1991-06-17,2.56,438.18,16.71,4.95,882.43
1991-06-18,1.19,418.16,22.11,4.19,890.34
1991-06-19,4.18,401.55,21.8,6.1,987.44
1991-06-20,7.01,278.9,21.1,9.01,1091.18
1991-06-21,2.99,266.15,15.26,7.58,1042.68
1991-06-22,0.88,302.1,16.59,8.64,1081.89
1991-06-23,0.36,423.23,19.04,7.91,1062.5
1991-06-24,0.01,444.31,18.86,9.33,1123.56
1991-06-25,0.0,364.07,18.06,10.07,1161.76
1991-06-26,0.0,414.78,17.64,9.36,1139.29
1991-06-27,0.0,498.62,23.18,9.86,1184.72
1991-06-28,0.86,405.95,23.05,9.02,1178.42
1991-06-29,1.65,315.82,22.72,9.91,1197.17
1991-06-30,1.04,275.16,18.01,10.4,1230.1
1991-07-01,0.21,473.96,24.52,10.96,1273.42
1991-07-02,0.0,528.07,29.25,9.99,1257.25
1991-07-03,0.0,511.68,28.91,11.28,1250.81
1991-07-04,0.0,502.41,25.87,9.5,1098.35
1991-07-05,0.0,508.99,21.68,8.1,985.47
1991-07-06,0.0,531.46,23.13,7.43,947.52
1991-07-07,0.0,540.57,25.63,7.33,962.13
1991-07-08,0.0,521.93,25.22,9.83,1052.56
1991-07-09,0.0,451.83,23.77,9.26,1030.01
1991-07-10,0.0,412.99,18.85,9.88,1034.6
1991-07-11,0.0,519.16,24.69,7.42,1010.0
1991-07-12,0.2,387.84,26.68,13.91,1381.66
1991-07-13,2.21,344.95,25.89,12.91,1331.06
1991-07-14,5.37,354.38,23.2,8.99,1100.53
1991-07-15,6.12,327.03,19.52,9.93,1123.8
1991-07-16,2.17,282.99,18.64,10.74,1180.66
1991-07-17,0.09,357.31,18.67,11.32,1152.56
1991-07-18,0.0,486.64,20.66,7.64,971.16
1991-07-19,0.19,380.91,19.88,8.17,994.53
1991-07-20,0.39,399.66,20.88,7.47,994.29
1991-07-21,0.15,453.18,21.96,10.88,1120.67
1991-07-22,0.0,514.7,27.57,9.65,1127.78
1991-07-23,2.12,409.2,32.89,11.16,1279.19
1991-07-24,5.45,368.71,31.54,11.59,1272.6
1991-07-25,2.5,267.81,24.91,11.69,1227.97
1991-07-26,0.15,437.21,20.87,9.24,1051.74
1991-07-27,0.0,478.83,23.55,10.59,1080.12
1991-07-28,0.0,503.64,24.24,9.03,1021.93
1991-07-29,0.0,494.58,23.73,9.59,1025.56
1991-07-30,0.0,513.45,25.44,8.1,977.61
1991-07-31,0.0,513.24,26.26,8.8,1024.67
1991-08-01,0.46,424.39,25.27,10.8,1116.82
1991-08-02,0.23,491.34,24.06,8.29,1004.8
1991-08-03,0.0,494.61,25.0,9.96,1059.54
1991-08-04,0.0,483.51,24.61,10.58,1100.84
1991-08-05,0.0,387.55,23.85,12.65,1187.31
1991-08-06,1.57,356.99,22.12,9.24,1052.76
1991-08-07,5.69,316.2,21.67,11.66,1186.02
1991-08-08,4.67,244.6,21.63,14.63,1414.33
1991-08-09,1.5,231.31,21.26,13.7,1354.91
1991-08-10,0.32,331.36,20.09,9.71,1059.11
1991-08-11,0.06,462.1,21.14,7.73,893.08
1991-08-12,0.0,492.06,24.23,8.69,925.6
1991-08-13,0.0,473.5,24.04,10.3,1014.8
1991-08-14,0.0,477.88,26.2,11.18,1080.48
1991-08-15,0.0,463.11,27.01,11.43,1122.77
1991-08-16,0.0,429.09,26.64,12.79,1189.07
1991-08-17,0.0,448.54,25.61,12.39,1172.51
1991-08-18,0.0,465.17,27.27,11.98,1153.35
1991-08-19,0.0,443.96,27.02,12.13,1146.45
1991-08-20,0.0,460.74,25.62,10.67,1075.93
1991-08-21,0.0,469.56,26.73,10.82,1063.14
1991-08-22,0.0,473.9,26.44,9.5,975.38
1991-08-23,0.0,444.89,25.24,7.86,861.66
1991-08-24,0.0,459.08,20.82,6.66,800.57
1991-08-25,9.91,360.05,20.79,6.01,812.08
1991-08-26,17.85,348.84,20.04,4.8,835.7
1991-08-27,30.81,241.99,19.44,11.14,1156.96
1991-08-28,31.05,147.0,18.0,11.8,1289.49
1991-08-29,32.98,197.36,18.21,11.97,1337.76
1991-08-30,20.51,156.97,18.35,13.92,1467.0
1991-08-31,6.82,189.32,17.99,11.88,1323.06
1991-09-01,1.26,343.85,19.21,8.39,1098.2
1991-09-02,0.02,421.78,21.84,8.91,1080.82
1991-09-03,0.0,446.52,24.48,8.01,1065.93
1991-09-04,0.0,444.27,25.4,8.87,1108.56
1991-09-05,0.0,442.73,26.95,8.66,1140.82
1991-09-06,0.21,320.74,26.07,11.06,1289.42
1991-09-07,0.11,264.7,23.78,12.36,1302.85
1991-09-08,0.0,373.23,18.55,7.2,1017.83
1991-09-09,0.0,425.72,21.65,6.05,939.22
1991-09-10,0.0,426.64,23.07,7.27,1007.71
1991-09-11,0.5,303.56,22.29,8.99,1124.79
1991-09-12,0.75,257.21,20.57,10.18,1192.92
1991-09-13,0.28,251.73,18.19,10.89,1188.73
1991-09-14,0.02,403.08,19.08,3.82,867.98
1991-09-15,0.0,418.38,22.1,5.67,888.96
1991-09-16,0.0,411.79,24.41,7.19,997.38
1991-09-17,0.0,406.14,26.57,9.05,1118.81
1991-09-18,0.0,396.16,26.69,9.78,1165.78
1991-09-19,0.0,394.36,25.8,8.73,1088.23
1991-09-20,0.0,384.31,24.09,6.08,922.66
1991-09-21,0.0,385.9,19.09,4.43,820.33
1991-09-22,0.0,394.45,19.46,3.39,786.9
1991-09-23,0.0,388.32,21.64,5.81,891.33
1991-09-24,0.0,385.98,25.02,7.0,995.79
1991-09-25,0.21,290.6,25.84,8.31,1107.81
1991-09-26,0.1,339.4,24.89,9.31,1132.09
1991-09-27,0.07,198.28,21.49,10.21,1189.16
1991-09-28,0.09,163.08,16.91,11.5,1259.9
1991-09-29,0.03,311.57,19.93,8.26,1082.71
1991-09-30,0.0,353.45,22.77,6.88,990.49
1991-10-01,0.0,350.64,22.09,6.08,942.59
1991-10-02,0.0,311.92,21.21,6.27,914.3
1991-10-03,0.0,334.24,17.94,4.3,830.17
1991-10-04,0.0,352.32,20.46,2.78,775.3
1991-10-05,0.12,271.99,22.7,2.61,805.58
1991-10-06,0.06,306.28,21.93,6.72,938.59
1991-10-07,0.0,286.98,18.9,6.41,924.15
1991-10-08,0.0,324.65,17.63,2.7,780.56
1991-10-09,0.0,326.92,19.16,2.95,774.36
1991-10-10,0.0,328.54,21.82,3.96,833.69
1991-10-11,0.0,325.1,24.01,4.65,905.53
1991-10-12,0.03,255.57,23.26,8.62,1061.52
1991-10-13,0.02,297.12,20.17,4.44,895.48
1991-10-14,2.17,227.65,20.32,5.08,907.18
1991-10-15,4.41,225.06,22.35,5.88,975.02
1991-10-16,4.0,192.24,21.65,7.93,1019.82
1991-10-17,1.2,247.56,18.15,-0.19,700.16
1991-10-18,0.02,264.33,14.76,2.57,735.71
1991-10-19,0.2,170.2,15.39,6.44,920.82
1991-10-20,4.15,182.71,15.85,5.04,912.74
1991-10-21,9.64,140.64,15.47,7.0,963.91
1991-10-22,15.66,140.41,13.74,3.93,841.12
1991-10-23,13.26,129.65,10.75,3.39,789.24
1991-10-24,8.93,128.4,10.88,4.47,823.53
1991-10-25,3.38,121.79,10.55,3.01,768.05
1991-10-26,0.62,149.55,8.72,1.86,698.87
1991-10-27,2.88,167.9,8.57,-1.07,597.45
1991-10-28,4.65,138.17,8.14,-1.39,557.42
1991-10-29,1.76,144.92,6.59,-1.33,550.46
1991-10-30,1.51,172.29,6.59,-3.84,493.91
1991-10-31,2.58,113.05,6.47,0.51,612.84
1991-11-01,2.0,80.15,7.19,3.24,734.3
1991-11-02,6.63,135.05,9.3,1.79,711.39
1991-11-03,20.5,140.21,8.99,0.36,663.05
1991-11-04,20.69,139.66,11.08,3.21,786.01
1991-11-05,13.64,84.54,13.09,8.86,1055.82
1991-11-06,7.57,104.68,12.82,7.03,1026.63
1991-11-07,7.82,105.33,12.32,6.51,991.5
1991-11-08,7.82,100.73,13.96,8.67,1087.36
1991-11-09,15.8,98.84,13.37,6.71,1012.27
1991-11-10,20.96,72.04,11.42,7.45,1017.98
1991-11-11,23.67,100.78,13.14,8.01,1070.24
1991-11-12,12.87,85.12,12.91,8.75,1089.02
1991-11-13,4.34,139.09,12.09,3.19,842.49
1991-11-14,2.91,132.47,10.58,1.05,691.93
1991-11-15,15.88,142.51,7.86,-0.68,624.49
1991-11-16,30.22,106.41,7.72,2.36,720.14
1991-11-17,29.83,96.52,9.98,5.33,856.84
1991-11-18,36.78,124.86,9.99,3.12,816.99
1991-11-19,45.05,61.04,9.85,6.44,911.99
1991-11-20,23.89,111.81,10.18,4.31,851.11
1991-11-21,6.5,127.53,9.43,0.97,700.78
1991-11-22,7.48,129.89,7.61,-0.84,614.25
1991-11-23,18.08,95.84,6.56,1.06,666.02
1991-11-24,21.04,62.57,7.74,4.79,824.26
1991-11-25,15.2,93.79,11.15,6.17,926.49
1991-11-26,9.17,89.69,10.58,4.26,836.82
1991-11-27,3.22,123.51,8.05,-0.55,648.49
1991-11-28,1.46,127.97,8.77,-0.26,614.33
1991-11-29,1.51,134.84,7.89,-3.54,517.32
1991-11-30,3.17,128.13,7.07,-3.0,513.94
1991-12-01,5.06,127.23,9.95,-0.5,614.65
1991-12-02,4.9,100.87,9.4,2.61,741.62
1991-12-03,15.53,79.49,9.48,5.09,862.45
1991-12-04,32.36,60.84,9.36,6.13,928.17
1991-12-05,49.73,60.74,10.05,6.79,964.9
1991-12-06,30.24,88.42,10.03,4.79,881.83
1991-12-07,16.43,103.24,9.68,1.24,732.89
1991-12-08,14.87,89.3,9.54,4.1,800.0
1991-12-09,13.38,84.42,9.34,3.7,794.59
1991-12-10,20.36,108.87,8.33,-2.03,604.21
1991-12-11,19.49,100.4,8.88,2.22,699.9
1991-12-12,10.87,83.81,8.73,3.29,758.21
1991-12-13,2.57,148.48,7.94,-2.76,563.39
1991-12-14,0.0,144.07,5.15,-3.17,491.17
1991-12-15,0.0,138.82,4.07,-4.29,454.27
1991-12-16,0.05,109.48,3.34,-3.18,478.88
1991-12-17,5.77,80.07,3.26,-1.63,533.12
1991-12-18,8.18,101.41,6.58,-0.34,595.17
1991-12-19,3.33,104.29,6.41,-1.46,576.55
1991-12-20,7.35,95.47,5.83,-0.66,597.79
1991-12-21,5.26,58.08,6.02,2.59,702.26
1991-12-22,2.07,74.7,6.29,1.87,716.82
1991-12-23,2.38,50.51,6.61,3.81,770.4
1991-12-24,6.28,78.89,6.55,1.82,727.38
1991-12-25,9.56,53.34,6.73,3.67,773.53
1991-12-26,9.38,50.57,7.59,4.74,839.77
1991-12-27,8.3,44.41,8.47,6.07,902.57
1991-12-28,5.46,66.69,8.31,4.2,838.46
1991-12-29,5.44,79.51,7.68,2.28,750.7
1991-12-30,3.47,61.16,7.32,4.13,788.44
1991-12-31,20.9,102.32,7.76,1.35,718.85
1992-01-01,31.65,67.02,7.51,2.6,723.49
1992-01-02,21.42,102.65,7.82,1.63,710.49
1992-01-03,21.24,96.43,7.61,1.88,711.32
1992-01-04,13.73,92.24,7.32,2.06,710.05
1992-01-05,2.88,131.49,6.93,-0.75,601.37
1992-01-06,0.69,148.04,4.3,-5.84,439.43
1992-01-07,0.35,154.01,3.3,-4.11,442.11
1992-01-08,0.27,117.69,3.69,-3.31,488.63
1992-01-09,8.55,113.27,7.38,0.53,637.53
1992-01-10,16.87,69.86,7.59,4.24,787.58
1992-01-11,7.65,105.04,8.43,2.61,749.08
1992-01-12,0.97,131.35,7.65,-2.16,588.76
1992-01-13,1.76,89.58,6.69,0.9,645.67
1992-01-14,1.8,74.64,6.9,3.51,763.37
1992-01-15,9.91,86.34,8.45,4.35,830.96
1992-01-16,8.15,84.56,9.34,5.46,863.87
1992-01-17,1.72,185.92,8.45,-1.5,626.13
1992-01-18,0.0,188.61,7.58,-2.72,528.54
1992-01-19,0.0,193.44,7.61,-3.22,507.35
1992-01-20,9.48,142.52,6.74,-2.87,526.78
1992-01-21,8.71,118.2,7.99,2.12,680.71
1992-01-22,35.7,116.27,7.3,0.27,656.66
1992-01-23,48.44,140.94,9.81,1.5,715.19
1992-01-24,25.45,85.85,9.85,6.11,897.27
1992-01-25,9.24,106.34,10.3,5.42,898.01
1992-01-26,19.86,146.81,9.95,1.2,751.06
1992-01-27,45.45,84.61,9.68,5.57,873.25
1992-01-28,60.51,103.6,10.95,6.35,960.58
1992-01-29,53.11,67.7,10.68,7.66,1022.71
1992-01-30,44.41,71.92,10.43,7.52,1030.45
1992-01-31,30.37,106.56,12.06,7.48,1030.93
1992-02-01,18.9,95.83,11.54,5.77,929.43
1992-02-02,13.24,116.02,8.98,2.85,789.02
1992-02-03,4.07,186.27,11.5,2.97,770.74
1992-02-04,0.08,236.6,11.08,-0.97,642.2
1992-02-05,0.01,212.72,9.73,-0.92,608.91
1992-02-06,2.23,146.23,7.99,0.73,650.12
1992-02-07,3.58,145.36,6.86,0.79,666.49
1992-02-08,3.74,157.39,8.85,2.11,731.15
1992-02-09,2.14,140.15,10.31,4.86,846.76
1992-02-10,1.05,171.16,11.22,3.38,820.4
1992-02-11,3.05,172.0,10.97,2.99,791.14
1992-02-12,5.5,156.26,10.17,3.4,803.25
1992-02-13,7.16,129.91,9.87,5.25,872.29
1992-02-14,4.74,135.5,9.6,4.4,845.51
1992-02-15,4.26,170.83,9.41,2.4,750.43
1992-02-16,11.27,209.0,9.46,-1.87,611.71
1992-02-17,13.8,161.63,9.18,2.48,707.17
1992-02-18,11.43,160.31,7.84,0.56,653.98
1992-02-19,20.77,206.82,6.3,-2.58,555.96
1992-02-20,26.63,154.07,6.76,1.92,681.24
1992-02-21,20.6,197.19,11.16,3.28,787.61
1992-02-22,14.47,192.12,11.07,4.06,820.32
1992-02-23,10.65,190.89,10.51,1.1,729.21
1992-02-24,4.75,172.26,11.52,5.89,906.0
1992-02-25,0.79,290.16,16.38,6.35,985.03
1992-02-26,0.0,314.86,17.94,3.62,886.37
1992-02-27,0.13,245.38,17.37,2.98,839.02
1992-02-28,0.57,243.01,17.05,2.78,841.8
1992-02-29,1.92,213.91,16.42,6.86,907.53
1992-03-01,3.27,183.24,14.09,6.51,973.22
1992-03-02,4.95,238.77,13.41,2.37,821.11
1992-03-03,8.99,199.42,13.15,5.92,923.66
1992-03-04,9.23,176.82,12.39,5.75,938.79
1992-03-05,5.67,140.44,11.24,6.59,960.87
1992-03-06,2.17,200.43,12.37,5.6,935.63
1992-03-07,0.43,254.98,12.17,5.71,903.9
1992-03-08,0.03,356.3,13.21,-0.09,698.14
1992-03-09,0.0,369.24,15.83,-0.11,672.77
1992-03-10,0.0,372.22,15.9,0.79,707.66
1992-03-11,0.0,373.81,16.48,1.26,733.05
1992-03-12,0.0,376.04,17.02,1.39,743.1
1992-03-13,0.2,293.07,16.99,1.19,752.46
1992-03-14,0.72,262.38,16.37,4.17,861.52
1992-03-15,1.61,213.26,14.39,6.61,972.81
1992-03-16,2.68,171.31,13.14,6.12,954.58
1992-03-17,1.66,182.45,11.53,5.94,914.06
1992-03-18,0.32,376.36,13.24,0.05,705.01
1992-03-19,0.0,400.88,16.14,0.72,696.87
1992-03-20,0.0,410.92,17.21,0.06,690.33
1992-03-21,0.0,413.29,18.67,0.5,707.45
1992-03-22,0.0,414.62,17.94,0.39,706.53
1992-03-23,0.0,410.67,17.1,1.14,725.85
1992-03-24,0.0,400.16,15.9,2.25,762.69
1992-03-25,0.2,316.88,16.08,1.59,759.83
1992-03-26,0.15,346.22,15.78,3.56,821.53
1992-03-27,0.09,299.78,14.98,3.16,793.24
1992-03-28,0.03,421.63,14.4,-1.47,637.12
1992-03-29,0.0,422.37,17.09,-0.37,678.66
1992-03-30,0.0,411.34,17.89,4.74,892.34
1992-03-31,0.0,382.73,17.58,6.63,989.46
1992-04-01,0.78,333.02,20.59,3.39,905.06
1992-04-02,1.95,321.33,22.01,6.23,1020.89
1992-04-03,10.46,227.02,21.2,7.42,1013.53
1992-04-04,15.76,272.64,13.83,1.54,748.78
1992-04-05,12.31,203.93,10.64,0.75,652.52
1992-04-06,4.64,289.54,9.78,-1.08,599.81
1992-04-07,0.91,322.06,11.53,-1.19,592.06
1992-04-08,1.05,341.2,12.86,-2.31,582.09
1992-04-09,1.47,303.19,12.4,1.72,703.69
1992-04-10,5.32,328.04,14.15,0.89,700.67
1992-04-11,6.67,334.29,13.61,0.3,707.55
1992-04-12,12.02,273.58,14.69,6.19,927.29
1992-04-13,15.4,260.34,14.3,5.65,956.98
1992-04-14,17.4,230.87,14.9,8.13,1068.83
1992-04-15,32.1,231.82,14.68,7.67,1069.82
1992-04-16,33.73,193.79,14.27,8.24,1076.88
1992-04-17,16.74,225.19,13.53,6.88,1003.34
1992-04-18,3.62,297.2,14.56,4.58,882.37
1992-04-19,1.37,367.17,14.8,1.61,783.41
1992-04-20,2.11,268.12,14.76,6.86,933.23
1992-04-21,5.08,336.58,13.83,0.43,714.25
1992-04-22,3.05,331.98,12.04,1.08,674.98
1992-04-23,0.45,484.6,14.29,-1.62,635.26
1992-04-24,0.0,488.44,20.39,4.85,891.67
1992-04-25,5.45,382.32,22.64,6.07,1026.03
1992-04-26,13.97,347.81,22.4,8.32,1141.63
1992-04-27,18.91,252.61,20.9,9.48,1171.19
1992-04-28,19.05,270.53,16.0,8.13,1121.21
1992-04-29,17.18,191.74,15.62,10.81,1196.78
1992-04-30,6.19,303.19,15.06,4.13,873.36
1992-05-01,0.37,430.57,14.99,0.73,711.23
1992-05-02,0.01,506.79,19.39,3.32,802.86
1992-05-03,0.0,519.59,25.83,3.77,893.37
1992-05-04,0.0,515.24,27.6,6.81,1044.59
1992-05-05,0.0,513.62,27.3,6.57,1051.81
1992-05-06,0.0,515.61,26.33,6.68,1059.51
1992-05-07,0.3,397.32,25.19,7.37,1087.07
1992-05-08,3.46,330.84,23.85,6.69,984.23
1992-05-09,4.94,291.09,15.94,3.74,845.09
1992-05-10,2.12,232.9,12.39,6.71,914.0
1992-05-11,0.38,359.14,12.1,1.46,717.14
1992-05-12,0.07,505.02,15.44,0.25,689.38
1992-05-13,0.0,512.77,20.7,5.53,887.98
1992-05-14,0.0,524.69,21.54,3.89,873.65
1992-05-15,0.0,486.49,20.59,6.45,940.61
1992-05-16,0.0,526.13,23.88,3.54,873.24
1992-05-17,0.0,530.3,25.46,5.43,972.77
1992-05-18,0.0,487.97,24.55,9.34,1122.57
1992-05-19,0.0,466.73,22.1,6.27,948.33
1992-05-20,0.0,484.17,17.07,3.45,789.47
1992-05-21,0.0,513.53,17.63,2.25,731.89
1992-05-22,0.0,533.36,20.82,2.39,759.28
1992-05-23,0.0,536.66,25.5,4.67,893.5
1992-05-24,0.0,530.2,29.63,7.89,1101.0
1992-05-25,0.02,488.84,28.94,10.95,1260.31
1992-05-26,0.17,358.75,27.68,9.14,1117.44
1992-05-27,0.46,345.92,18.39,6.41,1004.5
1992-05-28,0.26,297.9,17.88,9.98,1150.11
1992-05-29,0.03,392.68,19.8,9.99,1158.77
1992-05-30,0.0,467.66,22.64,9.3,1128.28
1992-05-31,0.0,516.69,27.43,8.66,1129.35
1992-06-01,0.0,500.92,26.33,10.18,1135.51
1992-06-02,0.0,521.16,23.99,4.13,860.01
1992-06-03,0.0,527.9,23.23,5.6,877.34
1992-06-04,0.0,525.0,22.28,5.38,886.8
1992-06-05,0.0,509.39,22.4,7.51,982.76
1992-06-06,0.0,468.73,21.99,8.45,1029.38
1992-06-07,0.41,365.39,20.01,7.65,1028.29
1992-06-08,1.73,320.9,19.3,8.36,1061.55
1992-06-09,4.96,255.45,18.1,8.92,1087.77
1992-06-10,2.29,303.77,18.38,8.46,1077.49
1992-06-11,0.44,315.86,18.76,8.85,1099.57
1992-06-12,2.31,271.5,18.58,9.36,1124.04
1992-06-13,2.7,227.3,16.72,9.15,1109.02
1992-06-14,1.33,279.14,17.02,8.72,1077.34
1992-06-15,0.26,424.88,18.72,8.33,1035.92
1992-06-16,0.01,403.38,18.68,8.85,1053.18
1992-06-17,0.0,457.38,18.98,7.79,997.08
1992-06-18,0.0,514.2,23.06,7.44,1003.73
1992-06-19,0.0,507.17,23.29,9.22,1084.16
1992-06-20,0.0,520.5,24.83,8.63,1109.47
1992-06-21,0.0,523.49,30.29,11.41,1300.32
1992-06-22,0.0,522.38,32.19,12.25,1395.11
1992-06-23,0.0,520.08,31.9,12.55,1400.37
1992-06-24,0.0,525.76,31.31,10.99,1323.64
1992-06-25,0.0,513.68,30.42,12.87,1404.0
1992-06-26,0.38,342.05,29.8,12.25,1362.32
1992-06-27,4.6,370.14,26.29,10.8,1318.94
1992-06-28,6.68,356.95,26.11,12.88,1420.99
1992-06-29,13.76,208.21,25.3,12.27,1354.93
1992-06-30,6.44,288.85,19.09,10.31,1224.54
1992-07-01,0.38,407.86,22.09,10.27,1182.08
1992-07-02,0.02,489.85,22.55,8.98,1112.81
1992-07-03,2.26,400.78,23.95,9.05,1148.7
1992-07-04,3.08,370.28,23.68,10.05,1198.49
1992-07-05,2.58,292.83,22.81,10.66,1220.49
1992-07-06,1.19,304.35,19.77,10.92,1223.94
1992-07-07,0.23,368.98,19.47,9.69,1133.47
1992-07-08,0.45,368.38,19.82,9.35,1128.76
1992-07-09,0.4,368.98,22.97,9.85,1186.71
1992-07-10,0.16,403.11,22.88,11.2,1240.28
1992-07-11,0.03,416.35,22.15,11.47,1228.0
1992-07-12,0.0,464.09,22.29,10.6,1185.04
1992-07-13,0.0,416.94,21.66,11.96,1214.31
1992-07-14,0.0,476.56,21.41,8.69,1022.52
1992-07-15,0.0,525.41,25.19,7.28,922.89
1992-07-16,0.0,537.12,29.66,8.56,970.29
1992-07-17,0.0,530.45,31.22,10.74,1103.05
1992-07-18,0.55,404.42,30.94,12.63,1285.39
1992-07-19,3.67,349.23,29.8,13.02,1298.92
1992-07-20,5.2,305.31,24.43,12.14,1268.25
1992-07-21,1.96,224.35,20.73,13.55,1337.06
1992-07-22,0.26,294.25,19.03,11.34,1179.22
1992-07-23,0.08,292.5,18.44,11.61,1155.52
1992-07-24,0.0,406.0,20.67,11.4,1078.81
1992-07-25,0.0,509.89,24.82,8.52,935.07
1992-07-26,0.0,502.1,24.14,10.52,948.51
1992-07-27,0.0,525.08,24.51,7.7,800.8
1992-07-28,0.0,526.45,25.14,8.41,771.74
1992-07-29,0.0,527.69,27.67,10.03,791.08
1992-07-30,0.0,530.33,31.37,10.32,824.73
1992-07-31,0.01,508.04,31.0,11.32,893.62
1992-08-01,0.0,398.31,29.82,12.61,979.81
1992-08-02,0.0,387.3,20.98,12.34,943.86
1992-08-03,0.0,494.29,24.68,8.95,800.46
1992-08-04,0.41,365.13,23.86,10.99,953.49
1992-08-05,9.78,279.66,22.06,12.16,1071.73
1992-08-06,18.38,284.85,20.15,11.52,1099.52
1992-08-07,7.93,259.45,20.08,12.6,1159.14
1992-08-08,1.68,335.21,19.8,6.86,876.05
1992-08-09,0.63,421.21,22.8,7.55,823.47
1992-08-10,0.04,503.78,27.46,7.87,839.94
1992-08-11,0.0,508.04,31.72,10.52,988.19
1992-08-12,0.0,487.02,31.58,13.6,1152.75
1992-08-13,0.0,459.46,30.2,13.78,1178.98
1992-08-14,0.0,456.24,27.19,12.96,1109.59
1992-08-15,0.0,483.84,26.08,9.1,932.31
1992-08-16,0.0,479.54,26.25,10.8,976.07
1992-08-17,0.0,485.06,28.06,10.6,993.15
1992-08-18,0.0,458.05,27.78,11.48,1025.69
1992-08-19,0.0,438.35,24.61,10.77,994.67
1992-08-20,0.0,441.77,22.78,9.68,922.87
1992-08-21,0.0,455.92,22.05,6.73,819.5
1992-08-22,0.0,394.28,20.38,10.32,942.84
1992-08-23,0.0,451.4,22.03,7.53,835.46
1992-08-24,0.0,479.1,24.26,6.03,760.94
1992-08-25,0.0,488.76,26.79,5.3,752.64
1992-08-26,0.0,477.2,27.45,7.86,851.04
1992-08-27,0.0,461.95,26.59,9.25,916.26
1992-08-28,0.0,437.92,25.07,8.31,877.73
1992-08-29,0.34,353.99,22.8,6.22,855.42
1992-08-30,0.87,332.39,22.03,8.83,944.93
1992-08-31,0.35,391.7,21.3,9.43,960.39
1992-09-01,0.0,403.7,22.47,10.0,972.13
1992-09-02,0.0,418.99,21.84,7.87,896.66
1992-09-03,0.01,372.6,20.91,9.35,970.04
1992-09-04,0.04,289.63,20.15,10.2,1010.27
1992-09-05,0.02,395.28,17.99,4.83,753.24
1992-09-06,0.1,382.04,17.8,2.42,649.4
1992-09-07,15.4,320.17,17.18,2.73,724.68
1992-09-08,10.78,213.87,18.19,11.03,1073.04
1992-09-09,1.56,388.3,21.41,4.32,825.24
1992-09-10,0.0,420.43,23.78,7.28,885.89
1992-09-11,0.0,398.28,22.98,9.1,964.63
1992-09-12,0.01,330.96,21.89,6.88,871.95
1992-09-13,0.12,320.98,16.22,3.55,730.59
1992-09-14,0.06,366.06,14.91,3.14,672.83
1992-09-15,0.0,405.1,17.32,2.31,639.81
1992-09-16,0.0,423.66,19.64,1.06,609.92
1992-09-17,0.0,413.32,19.54,2.33,651.51
1992-09-18,1.27,313.37,20.25,3.29,747.97
1992-09-19,1.22,269.0,19.71,7.45,942.47
1992-09-20,1.14,193.42,19.02,10.18,1132.46
1992-09-21,0.42,262.32,20.6,12.52,1250.78
1992-09-22,2.19,260.58,22.67,10.37,1200.11
1992-09-23,26.13,166.81,22.13,11.46,1245.77
1992-09-24,24.11,153.1,17.25,10.67,1218.78
1992-09-25,7.39,216.54,17.78,8.75,1116.36
1992-09-26,3.8,212.64,17.37,8.76,1058.33
1992-09-27,1.5,356.65,17.6,3.25,805.0
1992-09-28,0.0,376.17,21.48,3.25,769.12
1992-09-29,0.0,371.62,23.07,4.79,861.46
1992-09-30,0.0,348.18,24.62,9.18,1087.83
1992-10-01,2.17,233.28,23.95,10.79,1235.58
1992-10-02,1.52,135.03,21.03,11.23,1267.44
1992-10-03,0.56,158.78,16.61,10.73,1188.78
1992-10-04,0.17,314.5,16.11,3.56,820.61
1992-10-05,0.0,338.89,16.06,1.53,678.05
1992-10-06,0.0,347.89,18.12,0.65,658.02
1992-10-07,1.0,248.29,17.41,3.07,773.48
1992-10-08,0.57,211.11,16.57,8.02,963.9
1992-10-09,0.04,315.42,16.52,2.44,776.32
1992-10-10,0.0,312.19,18.41,4.68,821.26
1992-10-11,0.0,307.34,19.65,6.03,906.55
1992-10-12,3.05,208.03,19.03,6.79,961.19
1992-10-13,2.12,198.5,16.59,6.37,914.85
1992-10-14,0.3,297.94,14.87,-0.03,650.59
1992-10-15,0.0,305.74,12.85,-2.05,553.56
1992-10-16,4.44,186.5,11.87,2.29,702.04
1992-10-17,5.27,135.22,12.0,6.19,897.95
1992-10-18,24.79,150.3,15.13,8.12,1034.54
1992-10-19,29.34,136.56,14.89,8.1,1065.25
1992-10-20,22.11,118.81,13.98,8.66,1105.56
1992-10-21,9.8,96.87,14.32,10.11,1183.77
1992-10-22,3.2,133.91,14.61,8.23,1111.17
1992-10-23,1.11,172.97,18.26,8.39,1129.34
1992-10-24,0.95,148.19,18.28,10.42,1214.11
1992-10-25,0.41,187.53,17.46,5.04,954.43
1992-10-26,0.01,195.13,13.31,5.84,898.09
1992-10-27,0.08,203.66,12.82,1.79,758.73
1992-10-28,4.82,153.87,12.16,3.12,777.35
1992-10-29,17.17,88.47,10.75,6.26,902.5
1992-10-30,22.83,98.26,9.93,5.22,894.57
1992-10-31,24.52,105.21,11.13,6.3,929.06
1992-11-01,22.13,137.63,11.53,4.52,869.89
1992-11-02,9.02,140.55,11.32,3.78,819.4
1992-11-03,9.86,141.41,10.7,2.6,773.52
1992-11-04,7.31,129.82,11.27,4.71,844.99
1992-11-05,1.57,133.3,10.88,4.21,842.71
1992-11-06,18.82,105.07,10.21,4.79,863.79
1992-11-07,18.43,104.95,11.75,6.74,951.09
1992-11-08,6.03,117.87,11.15,4.4,850.14
1992-11-09,0.76,188.98,9.22,-0.74,637.01
1992-11-10,13.83,154.49,7.37,-1.75,578.38
1992-11-11,13.18,72.57,6.98,3.65,748.69
1992-11-12,3.72,89.47,9.29,5.13,853.65
1992-11-13,0.31,139.85,9.59,3.71,815.77
1992-11-14,0.01,156.01,9.29,3.25,783.07
1992-11-15,9.31,89.83,8.57,3.78,803.27
1992-11-16,13.4,63.37,8.9,6.15,896.76
1992-11-17,9.88,102.03,8.93,4.05,840.67
1992-11-18,16.88,110.55,9.6,4.02,821.4
1992-11-19,14.46,101.82,9.1,3.58,784.91
1992-11-20,17.31,131.69,7.78,-0.77,638.7
1992-11-21,33.51,93.86,6.7,1.82,686.14
1992-11-22,14.45,115.68,9.13,2.74,731.87
1992-11-23,0.58,158.17,8.18,-2.38,563.83
1992-11-24,0.02,179.15,6.33,-3.45,495.64
1992-11-25,0.0,181.79,7.77,-2.45,526.65
1992-11-26,8.04,127.86,7.08,-1.45,585.5
1992-11-27,10.74,66.79,8.35,5.04,797.07
1992-11-28,3.48,123.62,7.73,0.51,682.8
1992-11-29,14.14,105.75,6.69,-1.18,589.17
1992-11-30,11.23,119.5,8.56,0.25,628.69
1992-12-01,2.11,138.35,7.77,-1.07,595.72
1992-12-02,0.01,149.0,7.93,0.37,619.02
1992-12-03,0.0,168.72,7.0,-5.38,460.77
1992-12-04,2.59,130.91,5.82,-5.33,419.75
1992-12-05,5.72,156.63,5.35,-6.35,398.73
1992-12-06,7.43,122.64,3.44,-1.98,500.6
1992-12-07,19.48,104.41,3.59,-0.47,575.03
1992-12-08,25.0,81.08,4.03,0.04,602.42
1992-12-09,15.4,93.35,4.2,-1.0,579.41
1992-12-10,16.11,77.51,3.96,-0.57,580.66
1992-12-11,13.71,73.33,3.48,-0.28,592.02
1992-12-12,8.54,83.87,4.46,-0.41,599.5
1992-12-13,9.32,69.19,4.85,0.88,647.28
1992-12-14,4.64,83.55,8.17,3.08,732.35
1992-12-15,9.58,102.86,7.78,-2.07,579.2
1992-12-16,12.64,76.53,4.57,-2.72,503.74
1992-12-17,11.71,58.21,2.21,-1.11,535.68
1992-12-18,10.2,84.98,2.15,-2.95,500.66
1992-12-19,13.28,70.89,2.1,-2.22,511.17
1992-12-20,11.17,84.87,5.0,-0.17,589.63
1992-12-21,8.97,91.95,5.64,-0.16,620.01
1992-12-22,8.74,92.39,7.62,1.65,690.37
1992-12-23,4.94,78.48,7.67,2.96,749.16
1992-12-24,4.26,81.67,7.56,2.31,725.85
1992-12-25,3.87,110.28,6.85,-1.56,603.48
1992-12-26,9.51,91.66,7.02,1.42,654.37
1992-12-27,7.05,99.22,6.64,-1.7,576.33
1992-12-28,7.79,88.72,4.43,-1.02,569.17
1992-12-29,4.29,82.27,5.07,0.37,615.0
1992-12-30,1.72,90.08,4.85,-1.19,572.55
1992-12-31,0.62,78.39,3.7,-2.45,502.89
1993-01-01,0.02,143.73,0.87,-5.91,410.37
1993-01-02,1.69,89.36,0.88,-3.57,446.67
1993-01-03,10.02,91.32,3.03,-1.56,522.64
1993-01-04,7.22,68.54,2.84,-1.9,517.84
1993-01-05,1.38,99.4,1.02,-3.62,460.46
1993-01-06,0.03,163.84,0.48,-6.99,373.06
1993-01-07,0.31,164.31,1.62,-7.08,363.7
1993-01-08,0.41,100.94,1.44,-2.94,449.2
1993-01-09,0.12,170.87,1.76,-6.65,382.6
1993-01-10,0.0,182.11,1.05,-9.12,310.55
1993-01-11,0.0,186.22,0.27,-10.54,277.61
1993-01-12,0.0,187.82,2.82,-8.74,321.47
1993-01-13,0.0,152.81,3.28,-3.03,460.58
1993-01-14,1.77,109.78,3.06,-2.49,506.41
1993-01-15,0.92,149.94,5.15,-2.26,517.65
1993-01-16,0.02,180.75,4.89,-4.6,460.23
1993-01-17,0.0,187.76,5.93,-3.76,464.78
1993-01-18,5.24,165.01,5.66,-5.65,429.77
1993-01-19,24.65,140.2,5.06,-2.94,494.68
1993-01-20,30.74,128.48,6.99,1.03,636.06
1993-01-21,22.82,102.75,6.42,0.12,619.54
1993-01-22,6.62,143.13,4.66,-2.0,541.3
1993-01-23,8.31,136.1,3.7,-3.59,485.4
1993-01-24,53.48,120.59,4.85,-0.92,576.36
1993-01-25,44.15,112.55,8.89,3.91,782.56
1993-01-26,12.45,86.02,8.89,5.09,863.79
1993-01-27,5.61,106.71,8.9,4.12,836.45
1993-01-28,11.62,91.8,8.51,4.26,830.24
1993-01-29,5.23,80.91,8.18,4.95,837.69
1993-01-30,0.25,209.81,8.37,-0.68,646.67
1993-01-31,0.0,226.22,9.22,-2.43,555.38
1993-02-01,0.09,175.12,9.96,-2.07,563.13
1993-02-02,0.05,220.48,11.51,-1.13,598.89
1993-02-03,0.5,168.0,10.46,-1.17,595.4
1993-02-04,1.64,182.41,14.41,-1.61,610.03
1993-02-05,1.64,176.78,13.49,1.14,705.56
1993-02-06,0.54,176.05,12.95,4.1,815.14
1993-02-07,0.04,248.08,14.81,0.51,724.91
1993-02-08,1.54,188.99,14.89,1.37,737.54
1993-02-09,2.63,173.47,14.39,3.37,801.73
1993-02-10,1.13,162.7,12.47,2.49,773.76
1993-02-11,0.21,131.93,10.28,3.68,779.76
1993-02-12,0.07,241.38,9.33,-1.68,617.51
1993-02-13,0.01,238.76,9.33,0.53,638.7
1993-02-14,0.0,242.92,8.85,-1.25,583.62
1993-02-15,0.0,261.07,7.28,-4.15,475.93
1993-02-16,0.01,245.64,5.49,-5.7,414.02
1993-02-17,0.01,258.22,3.98,-5.08,409.43
1993-02-18,0.0,296.51,4.85,-7.63,367.69
1993-02-19,0.53,216.28,4.62,-4.26,438.11
1993-02-20,1.89,151.88,4.25,-1.82,517.33
1993-02-21,2.64,106.16,3.48,-1.44,536.54
1993-02-22,0.93,232.63,6.61,-1.9,535.49
1993-02-23,0.01,285.96,6.4,-3.66,478.11
1993-02-24,0.01,291.95,5.8,-6.59,393.83
1993-02-25,0.01,331.09,6.75,-6.84,376.12
1993-02-26,0.0,338.52,7.87,-6.89,383.83
1993-02-27,0.0,333.33,10.65,-5.17,436.41
1993-02-28,2.1,257.8,13.12,-4.54,494.47
1993-03-01,2.7,209.7,12.56,1.52,667.69
1993-03-02,8.34,214.41,10.15,0.17,672.88
1993-03-03,29.52,148.85,10.03,4.57,825.6
1993-03-04,37.46,123.23,10.27,5.99,922.37
1993-03-05,15.16,125.75,11.03,6.68,964.32
1993-03-06,1.54,246.51,14.31,5.3,913.26
1993-03-07,0.05,331.63,14.23,2.06,788.39
1993-03-08,0.03,258.53,13.68,4.8,835.87
1993-03-09,0.02,357.6,13.77,-1.46,638.52
1993-03-10,0.0,368.35,14.76,-1.22,600.69
1993-03-11,0.0,378.39,14.57,-2.91,563.81
1993-03-12,0.01,346.39,13.92,0.87,657.91
1993-03-13,3.34,283.11,13.02,-1.46,626.11
1993-03-14,12.91,235.23,12.36,3.42,766.92
1993-03-15,7.96,237.66,11.79,1.99,721.06
1993-03-16,17.61,276.39,10.26,-2.73,574.87
1993-03-17,18.07,215.15,10.03,2.97,719.08
1993-03-18,5.41,248.69,10.13,0.74,681.94
1993-03-19,8.82,258.44,10.26,0.69,682.24
1993-03-20,11.27,192.8,10.45,4.54,823.63
1993-03-21,12.79,219.96,12.7,5.33,895.11
1993-03-22,40.26,214.09,12.61,5.46,908.26
1993-03-23,26.49,186.42,12.11,5.73,888.24
1993-03-24,4.65,280.85,10.77,-0.52,657.51
1993-03-25,0.23,351.19,11.47,-1.8,571.91
1993-03-26,0.04,420.01,12.69,-2.22,552.56
1993-03-27,0.0,433.37,13.88,-2.7,544.22
1993-03-28,0.97,332.06,13.46,-1.76,589.25
1993-03-29,1.61,267.63,12.92,2.37,715.24
1993-03-30,5.33,300.84,13.03,1.47,717.65
1993-03-31,8.31,294.29,12.41,1.77,726.81
1993-04-01,8.09,294.35,13.29,3.03,799.17
1993-04-02,10.36,196.9,12.92,6.61,942.01
1993-04-03,7.26,165.76,11.53,6.29,909.78
1993-04-04,3.13,308.01,11.68,-0.65,664.99
1993-04-05,4.55,308.79,11.6,1.11,696.27
1993-04-06,6.2,243.49,11.34,4.48,816.04
1993-04-07,12.42,256.55,10.8,2.96,802.41
1993-04-08,19.5,181.48,11.45,6.98,947.6
1993-04-09,23.6,230.12,11.63,5.29,900.84
1993-04-10,17.34,245.43,11.33,4.53,847.24
1993-04-11,6.85,278.23,11.18,3.37,778.98
1993-04-12,5.36,332.09,10.75,-0.53,655.81
1993-04-13,7.05,292.56,10.76,3.06,736.56
1993-04-14,7.06,348.93,13.3,-0.39,688.83
1993-04-15,9.8,285.13,13.59,6.24,893.1
1993-04-16,11.28,299.75,12.97,2.6,807.94
1993-04-17,13.02,224.15,12.24,7.11,950.26
1993-04-18,6.39,292.74,12.5,4.32,846.61
1993-04-19,0.97,396.93,13.6,0.18,718.88
1993-04-20,4.71,358.28,18.51,5.98,944.48
1993-04-21,7.73,306.35,18.31,6.95,996.29
1993-04-22,11.69,280.36,15.34,5.22,911.92
1993-04-23,19.88,189.44,12.34,6.18,930.06
1993-04-24,21.67,216.62,11.78,6.68,968.75
1993-04-25,22.58,235.19,12.65,7.25,990.57
1993-04-26,19.12,267.36,12.53,5.59,917.18
1993-04-27,7.99,291.96,12.4,5.52,902.34
1993-04-28,12.78,297.62,12.47,5.48,922.66
1993-04-29,9.28,220.89,12.94,8.6,1043.98
1993-04-30,2.35,328.55,13.93,4.9,908.34
1993-05-01,10.81,320.91,13.78,5.12,880.44
1993-05-02,11.91,342.89,13.88,4.89,886.21
1993-05-03,10.67,329.88,13.97,6.0,925.04
1993-05-04,4.01,350.7,14.19,4.79,882.89
1993-05-05,6.8,366.55,14.8,4.3,872.24
1993-05-06,7.57,322.74,14.64,6.66,943.85
1993-05-07,14.77,343.38,13.53,3.89,853.12
1993-05-08,7.7,306.55,12.87,6.08,909.89
1993-05-09,4.16,376.71,16.12,3.36,885.0
1993-05-10,2.48,374.61,21.95,9.29,1167.02
1993-05-11,1.01,405.03,21.09,8.43,1143.94
1993-05-12,0.45,427.03,20.97,7.39,1102.83
1993-05-13,0.55,376.81,20.99,9.32,1180.68
1993-05-14,0.32,418.99,20.35,7.5,1105.55
1993-05-15,0.04,459.2,19.34,9.65,1152.32
1993-05-16,0.0,521.19,21.57,5.23,982.27
1993-05-17,0.0,530.0,25.84,5.8,1041.49
1993-05-18,0.0,517.29,26.29,9.78,1260.33
1993-05-19,8.62,388.51,25.29,10.61,1321.03
1993-05-20,16.59,329.52,22.31,10.55,1277.95
1993-05-21,12.66,263.31,18.62,9.48,1178.11
1993-05-22,3.81,323.03,16.94,8.03,1082.91
1993-05-23,0.28,508.51,23.07,4.94,989.25
1993-05-24,0.0,528.1,27.24,8.13,1190.37
1993-05-25,0.0,506.55,27.23,11.92,1419.13
1993-05-26,0.0,463.72,26.16,11.37,1369.73
1993-05-27,0.34,400.98,23.31,10.52,1314.61
1993-05-28,9.16,344.02,22.43,9.55,1223.25
1993-05-29,11.49,356.89,20.1,8.47,1185.51
1993-05-30,14.07,335.01,21.02,11.07,1328.81
1993-05-31,10.91,237.88,20.41,11.38,1320.63
1993-06-01,14.18,244.61,16.57,9.68,1198.42
1993-06-02,7.99,332.22,17.93,7.58,1106.39
1993-06-03,1.57,321.93,18.67,9.62,1198.33
1993-06-04,0.39,332.45,18.47,9.64,1213.42
1993-06-05,0.15,413.48,22.25,9.63,1259.75
1993-06-06,0.57,353.65,22.18,11.93,1372.97
1993-06-07,0.4,305.06,21.63,9.53,1198.3
1993-06-08,9.84,346.47,17.73,6.47,1042.73
1993-06-09,23.83,283.32,17.15,9.31,1137.41
1993-06-10,13.19,283.31,16.11,7.68,1065.97
1993-06-11,3.83,307.88,15.47,7.26,1023.93
1993-06-12,1.44,415.07,18.31,5.56,957.66
1993-06-13,0.74,401.98,20.23,5.35,982.09
1993-06-14,9.96,354.05,20.11,8.84,1157.08
1993-06-15,6.28,289.23,19.16,10.27,1220.45
1993-06-16,1.23,407.7,19.55,7.81,1143.35
1993-06-17,0.27,420.46,21.97,11.51,1316.58
1993-06-18,0.01,499.25,23.0,9.25,1205.53
1993-06-19,0.0,521.38,22.72,7.36,1071.78
1993-06-20,0.0,532.42,22.03,5.98,993.38
1993-06-21,6.6,413.12,21.72,5.97,988.11
1993-06-22,9.04,317.59,19.91,7.4,1011.35
1993-06-23,3.0,366.21,17.29,5.56,956.14
1993-06-24,0.06,507.71,21.83,6.56,1036.81
1993-06-25,0.0,520.04,25.06,9.96,1255.98
1993-06-26,0.45,397.85,24.96,11.24,1341.67
1993-06-27,0.58,319.34,24.57,8.72,1133.36
1993-06-28,0.81,365.1,17.4,5.74,983.5
1993-06-29,0.47,421.02,19.43,7.73,1064.71
1993-06-30,0.08,458.01,19.77,8.67,1129.14
1993-07-01,0.19,403.64,19.7,9.53,1196.06
1993-07-02,0.34,353.69,19.81,10.61,1277.92
1993-07-03,0.29,341.94,19.62,11.14,1285.49
1993-07-04,0.14,406.57,19.87,8.6,1151.93
1993-07-05,0.03,463.82,19.76,9.03,1133.4
1993-07-06,0.0,468.46,19.47,8.17,1073.44
1993-07-07,0.0,516.51,21.13,6.28,1020.19
1993-07-08,0.0,489.07,21.42,9.59,1166.83
1993-07-09,0.0,440.48,20.76,9.49,1163.9
1993-07-10,0.0,433.53,18.59,9.06,1146.59
1993-07-11,0.44,292.38,17.93,10.5,1194.01
1993-07-12,0.22,472.6,19.02,5.96,1014.62
1993-07-13,2.68,355.2,20.1,10.46,1227.05
1993-07-14,2.49,320.66,19.56,11.0,1280.28
1993-07-15,1.51,289.35,18.51,10.63,1268.21
1993-07-16,2.62,269.11,18.12,11.25,1290.45
1993-07-17,1.11,352.63,18.91,10.62,1214.78
1993-07-18,0.02,498.5,22.18,7.08,1058.48
1993-07-19,5.16,396.91,22.08,8.68,1154.7
1993-07-20,4.6,242.87,21.4,11.45,1289.9
1993-07-21,5.94,238.55,16.85,10.83,1273.62
1993-07-22,5.46,250.6,17.51,11.28,1304.1
1993-07-23,1.54,298.09,19.06,12.01,1320.02
1993-07-24,0.02,418.65,18.52,9.65,1151.6
1993-07-25,0.0,498.08,21.08,7.95,1063.55
1993-07-26,0.0,494.45,21.67,9.63,1151.55
1993-07-27,4.58,363.34,21.49,11.22,1277.1
1993-07-28,8.4,325.33,20.78,11.18,1264.81
1993-07-29,9.34,321.61,19.41,9.46,1151.91
1993-07-30,4.2,360.97,20.11,8.37,1095.79
1993-07-31,0.53,493.76,24.3,8.61,1110.47
1993-08-01,0.0,512.97,27.04,9.95,1207.78
1993-08-02,0.0,506.69,28.43,11.17,1309.29
1993-08-03,0.0,504.06,32.01,12.23,1430.06
1993-08-04,0.0,497.47,32.95,13.5,1528.59
1993-08-05,0.0,485.66,31.78,14.02,1525.91
1993-08-06,0.0,423.24,28.78,13.65,1415.91
1993-08-07,0.0,391.26,22.39,10.65,1235.89
1993-08-08,1.74,259.79,18.83,12.35,1338.9
1993-08-09,2.9,210.97,18.56,12.71,1377.96
1993-08-10,1.18,303.13,20.22,11.72,1298.38
1993-08-11,0.08,442.31,21.46,10.02,1181.42
1993-08-12,0.0,419.23,21.31,11.76,1244.56
1993-08-13,0.0,387.2,20.86,10.46,1185.38
1993-08-14,1.14,292.96,18.31,10.11,1179.87
1993-08-15,3.22,308.68,19.4,10.0,1194.4
1993-08-16,2.75,267.46,19.38,11.43,1286.99
1993-08-17,0.98,278.43,20.29,12.27,1333.19
1993-08-18,0.13,452.78,24.52,9.75,1191.01
1993-08-19,0.0,477.53,26.25,10.7,1230.33
1993-08-20,0.06,353.03,26.07,12.13,1336.58
1993-08-21,0.11,375.25,24.89,10.92,1253.29
1993-08-22,4.89,329.98,23.07,10.63,1239.52
1993-08-23,5.19,276.23,21.92,11.34,1229.19
1993-08-24,1.64,338.06,19.3,5.31,932.13
1993-08-25,0.13,455.77,19.58,5.07,850.49
1993-08-26,0.0,481.16,22.61,4.79,859.17
1993-08-27,0.0,468.98,22.33,6.41,920.84
1993-08-28,0.0,454.06,21.75,7.1,956.25
1993-08-29,0.0,461.5,23.2,7.14,956.57
1993-08-30,0.0,469.08,26.25,6.65,953.41
1993-08-31,0.0,466.85,26.95,7.59,1011.72
1993-09-01,0.0,438.78,26.42,11.37,1174.26
1993-09-02,0.0,454.47,27.09,8.65,1096.34
1993-09-03,0.0,437.67,26.88,11.32,1208.58
1993-09-04,0.01,302.73,26.02,11.91,1256.49
1993-09-05,0.01,338.51,20.61,11.82,1235.39
1993-09-06,0.0,420.35,25.3,10.12,1155.19
1993-09-07,0.0,435.85,27.96,10.23,1143.33
1993-09-08,0.0,433.13,27.91,10.07,1096.32
1993-09-09,0.0,434.56,28.11,9.4,1044.08
1993-09-10,0.0,436.12,27.36,8.28,1011.69
1993-09-11,0.19,209.34,26.39,11.27,1144.39
1993-09-12,0.1,390.41,19.99,5.66,847.37
1993-09-13,0.0,430.35,22.67,3.83,729.54
1993-09-14,0.02,377.17,22.08,5.9,811.91
1993-09-15,0.01,342.13,20.48,8.95,927.98
1993-09-16,0.0,404.48,22.21,5.41,810.64
1993-09-17,0.0,404.68,21.87,5.86,789.59
1993-09-18,0.0,376.99,20.94,4.32,733.77
1993-09-19,0.01,338.47,16.55,4.25,718.31
1993-09-20,0.01,359.12,16.34,2.29,641.86
1993-09-21,0.01,366.45,17.17,1.74,597.96
1993-09-22,0.01,377.35,19.7,1.31,587.07
1993-09-23,0.0,402.12,20.98,1.55,597.66
1993-09-24,0.12,329.13,20.11,2.99,671.08
1993-09-25,0.06,339.28,19.85,5.57,755.38
1993-09-26,0.0,383.07,23.73,4.16,728.24
1993-09-27,0.0,382.18,24.41,5.03,757.2
1993-09-28,0.0,370.99,24.13,6.69,824.17
1993-09-29,0.0,370.31,25.17,6.21,824.88
1993-09-30,0.0,353.51,24.24,6.25,810.56
1993-10-01,0.0,353.78,21.57,5.09,770.91
1993-10-02,0.0,358.33,23.81,5.55,792.22
1993-10-03,0.0,354.27,24.43,6.41,841.36
1993-10-04,0.0,237.52,23.61,7.64,916.02
1993-10-05,2.47,130.11,15.11,8.13,1002.81
1993-10-06,2.39,128.27,15.36,9.69,1082.88
1993-10-07,0.62,200.59,15.7,7.34,941.71
1993-10-08,0.09,251.65,16.18,3.77,766.91
1993-10-09,0.04,327.95,21.19,3.75,729.46
1993-10-10,0.0,325.77,20.38,3.32,716.39
1993-10-11,0.72,235.01,18.73,3.9,782.03
1993-10-12,3.77,176.53,17.51,7.95,970.31
1993-10-13,3.02,138.78,16.48,9.53,1100.37
1993-10-14,4.02,105.18,15.78,10.17,1148.12
1993-10-15,6.97,119.18,14.6,8.48,1050.89
1993-10-16,3.92,159.4,13.93,6.28,918.33
1993-10-17,0.98,167.38,13.87,5.17,854.06
1993-10-18,3.23,170.72,14.13,5.02,848.67
1993-10-19,2.02,158.34,15.21,7.91,948.56
1993-10-20,0.25,249.1,14.64,1.6,720.49
1993-10-21,0.16,181.24,13.34,4.72,785.96
1993-10-22,27.68,114.6,13.06,7.6,971.19
1993-10-23,30.72,97.19,15.16,10.61,1155.35
1993-10-24,9.98,179.11,14.84,4.15,891.01
1993-10-25,0.76,249.9,15.45,1.86,728.83
1993-10-26,0.01,251.38,15.07,1.25,685.2
1993-10-27,0.01,227.42,14.11,2.07,712.14
1993-10-28,0.0,204.58,14.14,6.16,869.2
1993-10-29,0.0,191.48,13.88,5.99,894.77
1993-10-30,0.64,146.21,13.07,4.9,863.33
1993-10-31,0.38,178.08,13.85,5.34,856.2
1993-11-01,0.03,235.22,13.3,1.13,698.69
1993-11-02,11.27,171.2,11.8,1.96,713.3
1993-11-03,7.81,124.93,12.06,6.28,866.01
1993-11-04,1.09,227.8,11.48,-0.06,676.75
1993-11-05,0.13,169.7,11.68,1.86,684.02
1993-11-06,0.06,225.82,12.36,0.37,645.16
1993-11-07,0.0,210.71,11.28,-0.71,585.87
1993-11-08,0.0,205.71,8.38,-1.11,558.17
1993-11-09,0.0,185.17,7.4,-1.35,542.66
1993-11-10,0.0,198.56,7.56,-1.34,543.37
1993-11-11,0.03,178.33,6.95,-1.71,540.54
1993-11-12,0.07,137.6,7.18,0.51,606.64
1993-11-13,0.03,199.57,9.81,-0.56,590.23
1993-11-14,4.08,152.17,9.06,-2.54,544.61
1993-11-15,12.86,119.31,9.77,2.77,698.48
1993-11-16,10.87,119.14,9.12,1.48,693.82
1993-11-17,3.52,109.67,8.04,1.21,663.32
1993-11-18,1.08,135.26,7.98,-1.29,594.71
1993-11-19,1.04,102.45,7.7,1.7,667.26
1993-11-20,17.42,105.28,7.75,1.35,679.54
1993-11-21,14.16,103.33,7.9,1.68,675.26
1993-11-22,5.13,81.52,7.05,-2.29,523.51
1993-11-23,1.16,151.38,1.3,-6.96,368.7
1993-11-24,0.0,182.17,0.41,-8.72,311.02
1993-11-25,0.0,178.45,2.54,-7.8,330.04
1993-11-26,1.18,143.91,2.48,-5.72,389.08
1993-11-27,4.79,123.58,4.75,-2.24,506.94
1993-11-28,16.21,66.64,5.17,1.45,648.03
1993-11-29,16.08,77.89,7.3,2.64,720.68
1993-11-30,36.05,95.44,7.51,1.42,706.15
1993-12-01,35.34,74.93,8.94,4.44,808.28
1993-12-02,32.25,76.66,8.54,3.81,815.67
1993-12-03,32.09,71.32,9.25,4.98,851.69
1993-12-04,15.22,93.17,8.98,3.0,771.88
1993-12-05,2.4,139.76,8.39,-3.28,540.24
1993-12-06,7.53,112.93,4.96,-4.64,455.84
1993-12-07,19.04,86.77,5.74,0.71,612.58
1993-12-08,27.37,79.94,7.95,3.3,755.06
1993-12-09,59.24,59.05,7.95,4.44,824.85
1993-12-10,49.4,90.02,10.84,5.31,883.73
1993-12-11,20.67,69.32,10.57,3.77,809.82
1993-12-12,14.44,96.42,7.29,-0.21,652.46
1993-12-13,16.67,94.13,6.42,0.6,649.3
1993-12-14,8.58,65.44,6.91,3.29,746.04
1993-12-15,3.44,73.43,6.86,3.35,760.37
1993-12-16,1.02,141.56,6.58,-0.91,617.19
1993-12-17,0.0,135.13,6.03,-3.45,497.83
1993-12-18,0.02,98.98,2.98,-2.3,502.15
1993-12-19,0.01,127.82,3.5,-2.4,510.92
1993-12-20,0.0,128.46,3.53,-2.44,513.09
1993-12-21,0.0,123.9,4.32,-1.31,544.53
1993-12-22,0.0,137.24,4.12,-2.96,506.27
1993-12-23,0.0,135.05,3.77,-2.74,499.05
1993-12-24,0.04,115.16,3.76,-2.71,500.82
1993-12-25,0.02,120.27,3.41,-3.12,485.36
1993-12-26,0.0,85.84,2.09,-2.01,507.81
1993-12-27,0.0,105.68,3.1,-1.23,541.91
1993-12-28,3.82,96.96,3.25,-2.5,524.61
1993-12-29,13.36,77.08,4.77,0.65,620.48
1993-12-30,26.55,51.45,5.85,3.27,741.52
1993-12-31,22.67,50.65,7.28,4.74,832.64
1994-01-01,25.84,65.99,9.47,6.01,911.18
1994-01-02,21.68,89.37,10.24,5.21,902.36
1994-01-03,36.8,86.8,10.04,4.9,880.11
1994-01-04,31.94,86.09,9.8,5.13,875.59
1994-01-05,10.23,100.14,9.47,2.23,754.02
1994-01-06,1.39,121.82,7.46,-1.23,612.38
1994-01-07,14.93,101.76,6.78,-0.11,618.65
1994-01-08,17.25,103.44,8.08,2.36,723.63
1994-01-09,7.12,102.12,9.59,3.93,812.03
1994-01-10,21.88,82.34,9.18,4.41,837.82
1994-01-11,25.55,78.68,8.52,4.61,855.55
1994-01-12,12.84,62.48,9.11,6.24,928.11
1994-01-13,3.66,75.57,10.42,6.85,963.4
1994-01-14,1.75,112.71,9.81,3.02,820.32
1994-01-15,1.16,98.82,9.31,4.54,835.96
1994-01-16,0.3,131.35,9.29,3.68,808.43
1994-01-17,0.1,139.84,8.72,1.23,701.32
1994-01-18,0.04,181.04,7.81,-1.83,578.97
1994-01-19,0.0,163.66,5.99,-0.57,592.51
1994-01-20,0.44,120.6,6.29,0.41,635.67
1994-01-21,10.84,122.94,7.13,0.93,681.76
1994-01-22,16.04,106.95,10.18,5.37,869.1
1994-01-23,11.85,78.02,10.35,7.16,977.15
1994-01-24,7.3,76.92,9.94,5.37,894.55
1994-01-25,2.89,116.41,7.86,1.85,737.91
1994-01-26,0.46,163.11,7.48,1.43,688.95
1994-01-27,0.02,201.13,7.87,-0.12,633.86
1994-01-28,0.0,212.08,7.42,-1.75,568.52
1994-01-29,0.01,193.78,6.8,-2.47,535.84
1994-01-30,0.0,222.91,9.25,-1.58,560.36
1994-01-31,0.0,229.18,8.21,-3.96,494.15
1994-02-01,0.0,223.82,6.76,-4.07,464.06
1994-02-02,0.0,219.13,5.66,-4.48,453.26
1994-02-03,0.0,179.26,4.93,-3.18,477.15
1994-02-04,0.0,193.64,4.38,-2.03,514.67
1994-02-05,0.0,230.42,4.51,-4.28,461.77
1994-02-06,0.03,213.47,4.07,-4.79,442.35
1994-02-07,0.04,148.4,3.75,-1.13,520.58
1994-02-08,4.72,228.67,3.59,-7.66,394.27
1994-02-09,4.42,216.32,5.47,-2.81,482.54
1994-02-10,1.14,234.36,6.66,-1.73,541.66
1994-02-11,0.91,218.14,7.03,-3.23,518.67
1994-02-12,19.02,154.21,6.74,0.27,604.98
1994-02-13,23.23,169.82,6.06,-0.33,611.85
1994-02-14,22.35,147.18,5.67,-0.07,621.97
1994-02-15,34.71,117.83,6.75,2.75,726.92
1994-02-16,31.69,93.4,7.15,4.14,802.48
1994-02-17,16.25,81.36,7.06,4.44,807.59
1994-02-18,9.01,174.75,6.74,-0.27,647.36
1994-02-19,4.65,183.63,6.11,-1.27,582.76
1994-02-20,11.67,179.56,7.15,0.61,634.41
1994-02-21,12.51,178.66,6.83,-0.36,613.9
1994-02-22,19.52,194.56,6.49,-0.87,598.83
1994-02-23,14.22,159.86,6.5,1.22,652.1
1994-02-24,13.16,113.72,6.16,-0.48,598.22
1994-02-25,18.12,190.98,6.19,-0.73,612.76
1994-02-26,13.57,146.78,8.68,4.16,793.21
1994-02-27,25.52,127.65,8.55,4.76,862.13
1994-02-28,24.35,141.83,10.93,6.64,970.55
1994-03-01,39.64,83.43,11.01,8.64,1078.08
1994-03-02,32.42,102.69,11.15,8.35,1069.08
1994-03-03,21.28,184.75,11.16,5.44,930.09
1994-03-04,9.32,202.39,10.73,4.01,821.45
1994-03-05,1.42,250.13,9.59,-0.39,642.83
1994-03-06,0.05,354.86,9.74,-3.87,511.95
1994-03-07,0.0,363.7,11.54,-3.11,528.19
1994-03-08,0.0,362.66,12.86,-1.05,606.78
1994-03-09,3.13,279.66,13.39,0.0,675.31
1994-03-10,2.78,242.89,13.08,4.27,811.41
1994-03-11,0.61,356.3,12.68,0.74,710.89
1994-03-12,0.0,378.85,16.28,-0.29,692.76
1994-03-13,0.0,360.51,16.61,5.42,907.54
1994-03-14,0.0,352.14,16.41,6.45,982.92
1994-03-15,6.14,276.57,15.77,4.59,905.57
1994-03-16,12.44,178.71,14.49,4.94,855.96
1994-03-17,29.78,222.54,9.08,1.79,733.06
1994-03-18,24.76,192.5,7.94,2.29,709.03
1994-03-19,10.37,267.24,8.24,-0.7,626.85
1994-03-20,19.23,203.7,7.91,1.26,657.9
1994-03-21,17.61,201.17,6.27,0.09,620.55
1994-03-22,8.57,228.23,5.03,-1.22,567.54
1994-03-23,2.18,332.25,7.66,-2.43,551.79
1994-03-24,0.08,389.96,12.51,1.83,686.62
1994-03-25,0.0,428.95,15.38,-2.92,584.0
1994-03-26,0.0,435.12,18.17,-1.54,622.35
1994-03-27,0.0,434.12,22.36,0.24,713.2
1994-03-28,0.0,434.11,22.32,0.99,759.14
1994-03-29,0.0,433.63,21.72,1.85,816.11
1994-03-30,0.0,321.82,20.53,7.85,1033.83
1994-03-31,0.0,296.51,15.12,7.15,1026.86
1994-04-01,0.0,288.54,13.53,6.64,983.71
1994-04-02,0.3,270.68,13.55,5.5,926.94
1994-04-03,0.82,246.09,13.03,4.56,861.8
1994-04-04,0.33,353.83,11.82,2.64,766.0
1994-04-05,13.1,278.23,11.05,1.49,719.42
1994-04-06,21.46,221.22,9.81,3.71,782.85
1994-04-07,23.8,264.16,10.31,2.28,768.01
1994-04-08,21.05,150.35,10.09,6.01,894.93
1994-04-09,14.06,191.77,10.45,5.32,891.74
1994-04-10,5.01,233.26,10.98,4.71,858.27
1994-04-11,4.83,328.14,15.17,2.77,808.36
1994-04-12,4.98,327.32,15.18,4.29,852.46
1994-04-13,4.16,266.19,14.55,3.85,801.2
1994-04-14,1.48,320.26,10.17,0.05,672.17
1994-04-15,0.06,462.22,16.27,1.66,734.48
1994-04-16,0.0,483.35,20.72,3.08,849.87
1994-04-17,0.87,356.37,20.22,7.31,1051.51
1994-04-18,1.5,330.9,19.39,7.45,1072.34
1994-04-19,0.81,335.94,18.24,6.31,999.38
1994-04-20,1.09,350.53,18.36,4.84,938.88
1994-04-21,2.13,344.13,18.74,6.05,957.57
1994-04-22,0.88,393.29,18.45,1.95,776.94
1994-04-23,0.24,360.81,14.84,1.65,757.59
1994-04-24,0.44,307.78,14.59,6.0,910.02
1994-04-25,0.16,441.81,16.11,4.57,876.3
1994-04-26,0.0,479.35,16.13,3.28,833.65
1994-04-27,0.02,413.75,16.6,6.05,951.07
1994-04-28,0.01,418.67,16.58,7.5,1021.88
1994-04-29,1.42,336.57,16.19,5.85,952.84
1994-04-30,1.0,320.57,14.84,4.96,880.41
1994-05-01,2.13,366.81,14.86,1.87,771.41
1994-05-02,1.32,359.7,15.52,3.9,813.57
1994-05-03,12.34,377.48,15.28,0.92,757.65
1994-05-04,10.51,301.64,15.65,7.84,1004.17
1994-05-05,2.22,477.11,21.24,4.3,927.7
1994-05-06,0.0,515.39,24.87,5.06,971.1
1994-05-07,0.0,514.08,24.97,6.58,1067.52
1994-05-08,0.0,488.86,23.93,8.95,1171.65
1994-05-09,0.0,476.12,22.27,7.79,1119.91
1994-05-10,0.0,492.02,23.67,8.44,1159.61
1994-05-11,0.0,496.7,23.68,8.47,1138.75
1994-05-12,1.61,381.22,22.51,5.27,961.68
1994-05-13,1.95,333.38,17.44,5.07,902.93
1994-05-14,2.12,339.12,15.2,4.3,871.83
1994-05-15,5.11,290.87,14.52,5.44,907.75
1994-05-16,8.09,288.38,13.97,5.96,942.53
1994-05-17,3.68,301.38,15.08,6.47,979.69
1994-05-18,0.4,381.65,17.72,7.1,1005.39
1994-05-19,0.02,470.14,17.68,5.69,962.56
1994-05-20,0.0,365.88,17.11,8.72,1055.45
1994-05-21,0.0,470.7,17.24,5.12,913.49
1994-05-22,0.0,513.87,19.32,4.6,880.55
1994-05-23,0.0,530.41,22.09,4.63,899.38
1994-05-24,0.0,529.53,22.66,5.39,953.42
1994-05-25,0.0,500.44,21.74,8.01,1046.38
1994-05-26,0.0,476.25,20.51,5.81,920.81
1994-05-27,0.09,386.58,16.36,3.45,833.09
1994-05-28,17.33,316.05,15.29,6.06,933.18
1994-05-29,19.45,216.18,14.25,7.9,1013.85
1994-05-30,5.79,341.89,17.79,5.75,948.58
1994-05-31,4.24,365.88,18.41,6.26,948.63
1994-06-01,2.72,352.27,17.63,5.68,902.13
1994-06-02,0.36,458.59,19.66,4.05,833.27
1994-06-03,4.27,404.18,19.24,4.43,890.76
1994-06-04,3.77,309.05,18.65,9.45,1089.31
1994-06-05,3.83,326.3,17.1,6.08,964.98
1994-06-06,9.7,259.13,15.23,8.09,1016.74
1994-06-07,7.6,292.82,14.59,6.77,949.61
1994-06-08,1.76,458.99,17.92,3.98,833.36
1994-06-09,0.01,523.74,19.92,4.95,879.62
1994-06-10,0.02,512.72,22.27,7.86,1034.19
1994-06-11,0.05,471.23,22.07,8.79,1124.04
1994-06-12,16.2,324.76,21.28,11.23,1239.19
1994-06-13,26.42,245.67,19.1,8.33,1082.98
1994-06-14,15.59,224.68,13.84,7.83,1008.94
1994-06-15,6.25,320.87,14.26,4.97,886.44
1994-06-16,1.73,371.38,17.69,5.58,904.61
1994-06-17,0.29,402.55,18.89,5.89,921.1
1994-06-18,0.15,387.27,19.05,5.88,911.22
1994-06-19,0.03,521.2,21.73,4.23,845.31
1994-06-20,0.04,481.43,23.6,5.62,927.1
1994-06-21,0.02,503.09,23.55,9.01,1064.34
1994-06-22,0.0,501.28,22.46,8.81,1084.65
1994-06-23,0.17,395.01,21.27,10.45,1164.89
1994-06-24,0.08,410.9,20.0,9.24,1081.97
1994-06-25,0.04,434.16,19.57,7.65,1017.98
1994-06-26,0.02,445.93,19.42,9.17,1051.89
1994-06-27,0.0,522.83,22.98,6.54,956.31
1994-06-28,0.0,534.37,22.92,6.62,978.22
1994-06-29,0.0,471.06,22.73,10.74,1151.54
1994-06-30,4.25,373.56,21.17,7.98,1069.67
1994-07-01,8.08,332.12,19.28,8.92,1081.38
1994-07-02,3.35,344.15,18.32,7.48,999.59
1994-07-03,0.18,484.82,18.44,5.79,901.4
1994-07-04,0.09,426.63,18.23,6.64,942.92
1994-07-05,1.95,404.93,19.66,7.15,1001.45
1994-07-06,0.95,459.2,21.27,10.34,1131.54
1994-07-07,0.0,511.88,25.17,9.74,1107.16
1994-07-08,0.0,524.34,24.66,7.95,985.92
1994-07-09,0.0,531.39,22.91,6.22,895.6
1994-07-10,0.0,529.46,23.34,7.33,926.49
1994-07-11,0.0,532.26,23.44,6.81,920.22
1994-07-12,0.0,518.32,23.35,8.21,984.27
1994-07-13,0.0,493.33,22.55,9.5,1043.02
1994-07-14,0.0,481.83,21.68,9.12,1043.93
1994-07-15,0.0,452.52,21.24,10.5,1104.82
1994-07-16,0.0,499.49,24.63,9.48,1072.75
1994-07-17,0.0,493.61,23.68,9.64,1091.57
1994-07-18,0.0,454.25,23.21,12.11,1210.56
1994-07-19,0.0,509.99,28.51,10.22,1181.58
1994-07-20,0.0,517.84,33.04,12.56,1323.16
1994-07-21,0.0,509.82,31.79,12.57,1323.43
1994-07-22,0.01,489.91,30.1,12.55,1329.48
1994-07-23,0.01,495.9,29.19,12.98,1343.53
1994-07-24,0.28,362.5,28.06,12.49,1333.38
1994-07-25,0.16,370.84,23.95,11.38,1206.05
1994-07-26,0.01,483.65,24.18,8.94,1057.44
1994-07-27,0.0,508.76,26.24,9.22,1065.74
1994-07-28,0.01,471.4,25.26,9.83,1127.76
1994-07-29,0.18,312.46,23.8,11.72,1222.99
1994-07-30,0.09,459.72,22.38,8.39,1025.03
1994-07-31,0.0,501.31,24.69,8.15,997.25
1994-08-01,0.0,500.52,25.06,8.9,1056.08
1994-08-02,0.01,460.17,26.0,11.68,1215.37
1994-08-03,0.02,383.1,25.2,13.49,1340.13
1994-08-04,0.0,390.72,23.12,13.31,1305.9
1994-08-05,0.0,422.55,22.47,10.67,1127.42
1994-08-06,0.72,370.77,22.66,7.94,1038.05
1994-08-07,2.12,301.51,22.01,10.51,1141.33
1994-08-08,5.25,235.65,19.88,9.51,1123.18
1994-08-09,4.01,306.11,21.78,10.87,1177.57
1994-08-10,0.91,474.51,26.51,9.07,1087.96
1994-08-11,0.0,484.29,26.47,10.68,1152.79
1994-08-12,0.0,450.54,26.11,11.9,1207.97
1994-08-13,0.0,473.49,24.8,9.71,1100.76
1994-08-14,0.0,467.21,24.51,9.55,1071.33
1994-08-15,0.01,425.02,23.44,10.73,1124.09
1994-08-16,1.12,334.95,22.47,10.2,1135.94
1994-08-17,0.56,443.11,23.43,9.61,1069.07
1994-08-18,0.02,448.16,24.26,9.57,1071.4
1994-08-19,1.26,340.58,24.02,9.99,1117.52
1994-08-20,0.62,424.6,22.06,9.29,1054.73
1994-08-21,0.95,325.6,21.44,9.25,1082.12
1994-08-22,1.27,267.56,19.92,9.78,1117.69
1994-08-23,0.4,396.47,21.54,10.56,1105.36
1994-08-24,0.0,456.62,21.81,7.43,954.96
1994-08-25,0.0,453.66,21.44,7.05,916.47
1994-08-26,0.01,451.74,24.12,7.61,959.24
1994-08-27,0.35,367.67,28.27,7.13,1015.19
1994-08-28,0.21,365.98,27.46,11.63,1166.93
1994-08-29,0.02,434.36,25.97,9.01,1006.27
1994-08-30,0.0,461.24,25.23,7.79,921.75
1994-08-31,0.0,458.4,24.63,7.99,905.81
1994-09-01,0.0,445.61,23.43,6.35,831.54
1994-09-02,10.64,342.73,20.0,5.13,841.62
1994-09-03,18.82,255.63,19.12,10.15,1068.28
1994-09-04,6.77,341.33,19.72,8.38,994.82
1994-09-05,0.01,439.24,23.46,6.32,879.53
1994-09-06,0.0,438.78,23.33,7.14,911.45
1994-09-07,4.98,298.02,22.57,9.59,1086.96
1994-09-08,7.49,208.13,20.24,11.54,1222.59
1994-09-09,8.46,211.08,17.94,9.98,1149.02
1994-09-10,4.39,248.37,18.13,9.0,1059.81
1994-09-11,0.7,388.03,19.05,6.15,875.47
1994-09-12,0.0,402.97,20.38,7.23,863.79
1994-09-13,15.13,295.44,19.77,7.21,943.78
1994-09-14,19.12,148.03,18.82,13.09,1317.15
1994-09-15,6.85,202.44,20.74,13.22,1365.92
1994-09-16,0.54,385.24,24.68,9.13,1107.57
1994-09-17,0.0,392.19,24.77,10.38,1110.66
1994-09-18,0.0,373.99,24.06,9.98,1098.46
1994-09-19,0.0,372.19,22.72,9.83,1089.9
1994-09-20,0.0,366.06,22.72,10.16,1098.82
1994-09-21,0.0,387.7,24.99,8.46,1030.03
1994-09-22,0.0,394.42,26.18,7.5,988.61
1994-09-23,0.0,387.38,26.04,8.62,1038.46
1994-09-24,0.0,364.32,25.25,9.75,1088.57
1994-09-25,0.0,364.62,23.33,8.68,1054.85
1994-09-26,0.0,325.94,22.41,10.32,1104.25
1994-09-27,0.0,367.95,23.73,7.19,995.84
1994-09-28,0.3,284.21,23.0,8.75,1085.14
1994-09-29,0.51,154.48,21.57,12.49,1307.72
1994-09-30,1.6,195.04,19.28,11.13,1259.83
1994-10-01,1.05,176.06,18.9,11.43,1210.37
1994-10-02,0.17,336.27,17.58,3.78,815.81
1994-10-03,0.06,323.0,19.91,0.46,654.2
1994-10-04,0.03,357.93,20.13,1.71,664.03
1994-10-05,0.37,265.06,19.23,1.5,685.58
1994-10-06,0.18,304.76,16.5,4.66,764.51
1994-10-07,0.0,327.86,16.96,3.31,736.3
1994-10-08,0.0,333.73,18.1,2.7,732.9
1994-10-09,0.71,234.28,18.81,6.24,887.38
1994-10-10,0.36,266.87,18.19,6.02,852.77
1994-10-11,0.0,320.04,14.97,-0.4,623.22
1994-10-12,0.0,318.29,15.06,0.38,606.39
1994-10-13,7.3,226.97,14.45,0.89,655.45
1994-10-14,9.26,168.49,13.07,3.9,748.66
1994-10-15,2.81,285.99,12.99,0.29,643.36
1994-10-16,0.11,248.88,14.12,0.6,646.83
1994-10-17,0.07,227.34,13.58,2.86,723.28
1994-10-18,0.41,179.37,12.94,3.46,772.29
1994-10-19,9.51,154.65,12.42,4.26,822.56
1994-10-20,24.33,92.97,11.98,7.51,963.39
1994-10-21,14.02,153.82,13.03,5.11,889.2
1994-10-22,7.36,176.84,12.56,2.11,759.63
1994-10-23,3.25,164.44,13.04,4.39,809.21
1994-10-24,0.31,252.4,14.69,1.14,719.72
1994-10-25,18.88,188.94,14.17,2.28,756.18
1994-10-26,53.07,97.48,13.26,7.62,974.98
1994-10-27,33.81,98.43,11.82,6.82,976.72
1994-10-28,8.13,159.73,11.67,2.84,799.33
1994-10-29,8.55,179.86,11.25,-0.09,671.38
1994-10-30,41.7,144.61,10.72,2.68,746.8
1994-10-31,44.3,132.52,11.83,4.85,844.11
1994-11-01,16.77,134.1,11.36,0.88,697.36
1994-11-02,2.06,203.92,7.46,-1.5,576.47
1994-11-03,13.48,137.55,6.67,-2.06,542.99
1994-11-04,12.47,131.66,7.0,0.26,609.67
1994-11-05,6.95,157.99,7.39,-2.03,568.94
1994-11-06,6.11,134.31,7.72,0.65,636.3
1994-11-07,5.66,127.36,7.31,0.57,660.72
1994-11-08,14.12,77.41,7.02,3.31,747.22
1994-11-09,14.69,89.21,7.22,2.95,746.74
1994-11-10,4.67,143.69,7.78,-0.67,638.66
1994-11-11,4.86,92.23,7.35,2.34,689.14
1994-11-12,4.17,146.25,7.14,-1.74,591.64
1994-11-13,9.23,142.28,8.57,0.13,641.9
1994-11-14,15.72,68.93,8.28,4.69,801.99
1994-11-15,15.46,78.73,7.48,3.18,769.86
1994-11-16,6.61,122.41,7.01,0.29,649.97
1994-11-17,0.93,150.62,6.24,-3.11,517.45
1994-11-18,4.86,142.02,5.04,-4.61,462.67
1994-11-19,24.3,123.29,6.96,0.11,590.82
1994-11-20,11.69,143.7,7.8,-1.99,556.02
1994-11-21,0.37,182.36,6.76,-4.79,453.45
1994-11-22,7.11,135.55,4.14,-4.35,454.08
1994-11-23,7.09,110.41,5.11,-0.77,556.2
1994-11-24,10.27,116.89,4.75,-2.13,544.46
1994-11-25,7.89,108.4,5.88,-0.16,591.65
1994-11-26,14.47,101.41,5.22,-2.16,541.21
1994-11-27,11.65,111.08,5.41,-1.01,568.06
1994-11-28,27.53,97.94,4.91,-0.69,593.65
1994-11-29,59.34,97.06,7.1,1.74,697.23
1994-11-30,52.47,88.82,9.95,5.06,837.95
1994-12-01,26.28,106.92,9.19,0.69,692.32
1994-12-02,12.06,87.55,6.33,-1.18,573.51
1994-12-03,4.46,84.62,2.96,-2.36,504.73
1994-12-04,0.69,163.2,1.6,-7.04,384.66
1994-12-05,5.77,115.52,1.21,-5.91,383.91
1994-12-06,7.98,79.73,1.21,-2.49,474.94
1994-12-07,5.22,66.72,1.7,-1.27,535.04
1994-12-08,18.65,93.37,3.56,-1.14,557.52
1994-12-09,14.82,96.54,3.79,-1.34,558.63
1994-12-10,6.67,88.77,4.15,-0.38,590.21
1994-12-11,11.27,68.04,4.57,0.87,636.74
1994-12-12,6.86,81.89,5.1,0.61,633.64
1994-12-13,2.83,105.09,4.77,-3.14,519.03
1994-12-14,19.02,66.7,3.28,-2.07,512.79
1994-12-15,27.71,77.98,3.94,-0.34,587.44
1994-12-16,47.17,86.0,7.17,2.21,711.04
1994-12-17,53.87,79.01,9.78,5.31,863.22
1994-12-18,48.39,67.61,9.62,5.51,901.49
1994-12-19,67.94,65.57,9.06,5.39,898.54
1994-12-20,60.15,68.63,9.66,6.01,922.6
1994-12-21,18.47,81.67,9.69,4.87,871.72
1994-12-22,2.28,114.0,9.01,0.88,715.65
1994-12-23,0.76,87.4,6.99,3.34,745.66
1994-12-24,0.73,99.1,7.14,1.33,698.04
1994-12-25,60.87,114.28,6.83,-1.23,614.9
1994-12-26,98.69,79.0,8.34,4.03,772.62
1994-12-27,68.55,99.57,10.41,3.92,822.01
1994-12-28,20.84,113.96,10.0,-0.3,661.36
1994-12-29,1.83,142.78,7.45,-2.49,538.68
1994-12-30,0.0,154.66,5.98,-2.3,529.6
1994-12-31,0.0,157.47,6.78,-1.97,541.63
1995-01-01,0.0,164.42,6.37,-4.21,482.24
1995-01-02,0.0,166.31,6.97,-3.83,476.51
1995-01-03,0.0,170.82,8.75,-4.87,458.45
1995-01-04,0.0,171.24,8.2,-5.62,429.12
1995-01-05,0.36,137.04,6.52,-5.54,417.24
1995-01-06,3.1,100.46,3.67,-3.51,462.7
1995-01-07,9.71,105.38,4.94,-1.38,559.09
1995-01-08,17.75,83.78,7.49,2.84,726.73
1995-01-09,18.95,80.5,8.6,4.14,821.48
1995-01-10,15.44,64.47,8.97,5.58,887.77
1995-01-11,10.58,62.98,8.63,4.83,864.73
1995-01-12,16.1,50.65,7.78,4.51,841.89
1995-01-13,23.64,55.94,8.32,5.52,883.47
1995-01-14,28.27,63.03,8.42,5.31,882.45
1995-01-15,13.16,67.2,8.09,4.18,829.35
1995-01-16,5.56,86.78,7.8,3.47,781.34
1995-01-17,31.01,108.36,7.14,-0.22,644.7
1995-01-18,32.36,129.8,7.54,-0.36,617.98
1995-01-19,9.11,134.28,7.93,-0.64,617.05
1995-01-20,0.11,174.07,11.69,-0.06,642.69
1995-01-21,0.01,200.13,11.06,-2.23,581.77
1995-01-22,0.0,203.74,11.95,-2.29,575.34
1995-01-23,0.0,198.09,11.34,0.24,648.27
1995-01-24,0.35,154.45,11.63,-1.15,622.69
1995-01-25,3.09,150.18,10.75,-0.96,623.34
1995-01-26,3.07,113.06,9.5,2.84,741.51
1995-01-27,2.38,118.81,9.39,3.14,784.72
1995-01-28,32.79,102.77,8.99,3.76,818.4
1995-01-29,43.26,86.37,10.4,6.39,940.29
1995-01-30,53.28,86.21,11.19,7.26,1013.18
1995-01-31,48.03,92.42,11.73,7.54,1034.62
1995-02-01,22.51,97.82,11.28,6.26,960.27
1995-02-02,5.48,127.94,9.91,2.92,807.76
1995-02-03,0.76,168.39,10.67,3.75,823.18
1995-02-04,0.37,149.8,12.01,5.65,917.27
1995-02-05,3.27,137.95,11.68,5.56,935.49
1995-02-06,1.87,94.2,11.13,7.04,972.56
1995-02-07,0.17,202.85,11.99,3.07,819.68
1995-02-08,0.02,228.0,12.3,-1.42,635.82
1995-02-09,0.01,259.24,12.0,-2.05,589.98
1995-02-10,0.06,156.53,11.52,1.1,673.2
1995-02-11,9.29,74.31,7.52,3.92,754.07
1995-02-12,10.49,183.69,6.08,-3.24,537.42
1995-02-13,3.89,178.35,5.25,-6.43,388.87
1995-02-14,10.48,191.68,-0.19,-7.18,360.89
1995-02-15,18.24,218.14,5.69,-2.46,495.02
1995-02-16,45.03,174.52,5.46,-0.8,583.62
1995-02-17,40.41,178.37,8.27,2.09,704.56
1995-02-18,66.2,195.55,9.86,2.27,766.08
1995-02-19,61.51,113.21,10.48,7.24,972.17
1995-02-20,24.47,125.65,11.97,8.2,1055.06
1995-02-21,3.93,186.5,11.62,3.96,869.42
1995-02-22,0.06,296.47,10.73,0.61,706.37
1995-02-23,0.1,303.72,13.38,0.25,691.07
1995-02-24,5.21,202.87,12.91,3.73,809.3
1995-02-25,2.79,179.8,11.16,5.36,872.59
1995-02-26,0.11,310.83,10.61,-0.26,667.87
1995-02-27,0.0,337.21,10.44,-3.45,528.94
1995-02-28,0.0,342.34,11.02,-4.1,494.52
1995-03-01,0.0,346.1,10.43,-3.86,496.0
1995-03-02,0.0,350.26,11.51,-4.16,490.9
1995-03-03,5.38,275.3,11.58,-4.99,483.5
1995-03-04,7.33,233.14,11.01,-0.14,599.97
1995-03-05,2.79,222.77,8.08,-1.91,562.02
1995-03-06,0.27,250.53,6.65,-1.74,554.75
1995-03-07,6.16,261.16,9.67,-2.33,566.45
1995-03-08,30.82,198.09,9.37,2.03,725.15
1995-03-09,36.26,215.41,14.22,6.41,949.91
1995-03-10,28.67,159.04,13.81,5.86,944.97
1995-03-11,23.81,127.66,10.33,6.26,928.64
1995-03-12,21.78,211.26,9.83,2.87,807.42
1995-03-13,29.01,215.29,11.13,4.17,843.1
1995-03-14,20.18,185.24,11.08,5.63,903.99
1995-03-15,7.0,216.07,10.84,3.85,828.65
1995-03-16,1.19,371.37,12.52,0.04,696.92
1995-03-17,8.65,278.36,12.6,2.46,769.18
1995-03-18,14.07,210.91,12.24,5.22,872.94
1995-03-19,19.69,248.34,11.11,2.61,791.62
1995-03-20,25.28,228.13,10.67,3.25,780.48
1995-03-21,16.24,200.78,9.7,1.62,706.65
1995-03-22,6.51,231.04,7.49,0.25,649.74
1995-03-23,5.01,261.01,8.88,0.42,648.96
1995-03-24,2.53,278.03,8.74,-0.77,608.83
1995-03-25,0.37,401.04,10.2,-2.06,567.87
1995-03-26,0.0,427.3,12.62,-1.99,575.05
1995-03-27,0.0,435.77,15.92,-2.01,595.21
1995-03-28,0.0,437.86,18.67,-1.23,637.26
1995-03-29,0.0,442.11,19.19,-0.54,675.63
1995-03-30,0.0,441.99,21.35,0.58,736.16
1995-03-31,4.15,335.25,20.31,2.69,796.15
1995-04-01,2.77,303.17,16.56,1.59,750.84
1995-04-02,0.34,382.55,13.62,3.66,813.06
1995-04-03,5.65,342.28,19.13,2.08,803.38
1995-04-04,5.09,325.44,18.29,3.2,810.33
1995-04-05,3.03,319.29,15.52,-0.07,692.19
1995-04-06,16.27,236.88,11.0,3.78,813.6
1995-04-07,26.37,176.17,11.34,6.82,939.76
1995-04-08,15.67,242.57,10.86,2.63,777.08
1995-04-09,3.5,309.73,10.92,0.34,672.39
1995-04-10,12.68,310.8,10.42,0.14,651.35
1995-04-11,11.06,321.07,11.13,0.16,662.61
1995-04-12,9.04,272.5,10.77,2.04,720.35
1995-04-13,8.01,252.95,9.62,2.13,719.93
1995-04-14,6.66,311.81,10.28,-0.08,663.59
1995-04-15,2.78,357.79,12.64,2.15,720.53
1995-04-16,0.57,366.36,15.32,-1.64,645.95
1995-04-17,4.49,331.79,14.7,3.28,766.98
1995-04-18,4.15,323.19,13.58,-0.88,625.36
1995-04-19,9.53,327.62,9.0,-1.77,579.57
1995-04-20,10.77,311.35,10.4,0.93,671.61
1995-04-21,3.39,341.11,13.87,1.41,720.1
1995-04-22,0.07,481.59,19.03,1.04,736.55
1995-04-23,0.0,499.12,20.02,1.54,768.85
1995-04-24,0.0,495.05,20.2,2.93,842.14
1995-04-25,0.0,473.41,20.11,5.86,967.92
1995-04-26,2.62,372.75,19.88,4.83,956.94
1995-04-27,3.68,345.55,19.5,6.59,1025.35
1995-04-28,3.96,264.19,18.89,7.33,1035.48
1995-04-29,2.77,320.41,16.28,5.83,991.55
1995-04-30,1.24,293.83,16.37,7.96,1080.9
1995-05-01,4.42,282.07,16.2,8.06,1092.01
1995-05-02,4.97,223.57,15.71,7.46,1028.57
1995-05-03,1.67,316.4,14.17,4.99,915.0
1995-05-04,5.48,359.68,17.03,4.55,903.5
1995-05-05,4.78,312.73,16.85,6.38,979.54
1995-05-06,1.11,291.15,14.73,7.7,1043.5
1995-05-07,0.03,335.09,14.14,7.47,1021.16
1995-05-08,0.0,470.1,17.95,5.26,952.31
1995-05-09,3.78,351.55,17.25,6.83,1004.4
1995-05-10,11.06,257.29,15.86,6.54,969.75
1995-05-11,7.91,281.21,12.6,5.27,887.92
1995-05-12,2.1,369.75,14.93,1.5,764.75
1995-05-13,0.22,509.23,21.32,3.41,865.67
1995-05-14,0.0,522.3,24.45,6.21,1044.37
1995-05-15,0.14,431.04,23.63,9.12,1206.41
1995-05-16,0.18,333.41,22.51,9.41,1182.32
1995-05-17,0.05,353.89,17.71,6.93,997.25
1995-05-18,0.0,482.96,16.56,3.86,849.24
1995-05-19,0.0,530.38,20.47,2.5,807.52
1995-05-20,0.0,535.71,22.6,3.66,860.47
1995-05-21,0.0,533.17,23.19,4.66,908.58
1995-05-22,0.0,532.55,23.65,4.86,926.14
1995-05-23,0.0,530.0,22.83,5.33,968.74
1995-05-24,0.0,515.0,24.11,8.51,1120.54
1995-05-25,0.0,510.08,23.08,7.85,1109.29
1995-05-26,0.0,502.63,22.81,8.86,1148.16
1995-05-27,0.0,495.22,22.11,8.45,1109.95
1995-05-28,0.0,529.25,25.2,5.68,1009.62
1995-05-29,0.0,530.36,25.54,7.2,1057.63
1995-05-30,0.0,526.2,24.35,6.45,1000.9
1995-05-31,0.0,527.31,22.22,4.43,908.62
1995-06-01,0.0,523.09,22.51,6.15,979.68
1995-06-02,0.0,505.11,21.68,7.03,1030.64
1995-06-03,0.0,472.08,20.53,8.12,1092.24
1995-06-04,2.11,325.88,19.25,9.35,1138.95
1995-06-05,2.21,294.42,17.82,6.17,965.09
1995-06-06,0.58,399.46,14.5,4.82,888.39
1995-06-07,0.0,499.27,22.3,6.93,1001.33
1995-06-08,0.0,523.94,24.54,6.89,1041.2
1995-06-09,0.63,402.02,24.23,8.31,1141.48
1995-06-10,6.43,326.57,23.65,10.49,1204.52
1995-06-11,6.48,305.15,20.57,6.39,1001.5
1995-06-12,9.32,220.32,15.49,8.4,1045.12
1995-06-13,7.96,240.66,14.21,7.41,1007.34
1995-06-14,4.87,272.75,15.09,7.35,1013.91
1995-06-15,2.47,275.52,16.53,8.77,1095.97
1995-06-16,3.4,261.27,16.64,9.4,1130.85
1995-06-17,5.59,271.01,16.46,8.62,1077.26
1995-06-18,4.05,287.0,16.06,7.21,986.82
1995-06-19,1.05,359.78,17.23,6.62,967.71
1995-06-20,0.12,285.21,17.1,9.65,1096.46
1995-06-21,0.06,340.82,16.6,8.5,1056.26
1995-06-22,0.01,445.1,20.59,10.1,1120.48
1995-06-23,0.0,506.87,24.58,10.09,1139.12
1995-06-24,0.0,514.29,24.29,9.47,1083.13
1995-06-25,0.0,531.7,23.34,6.81,957.41
1995-06-26,0.0,535.31,23.76,6.95,959.86
1995-06-27,0.0,539.04,27.42,7.93,1033.62
1995-06-28,0.0,540.15,30.51,8.38,1107.91
1995-06-29,0.0,533.42,32.1,10.59,1250.34
1995-06-30,0.0,528.6,32.76,11.78,1360.25
1995-07-01,0.18,406.15,32.41,13.23,1477.58
1995-07-02,0.24,367.14,30.78,12.72,1378.45
1995-07-03,0.1,350.12,22.86,11.91,1298.23
1995-07-04,0.14,310.97,20.86,12.11,1281.42
1995-07-05,0.06,472.3,21.91,8.66,1072.36
1995-07-06,0.0,480.33,21.78,10.03,1063.72
1995-07-07,0.0,495.99,21.33,7.31,945.57
1995-07-08,0.11,420.49,22.35,9.71,1094.08
1995-07-09,7.96,312.82,21.82,12.69,1271.77
1995-07-10,11.12,293.0,20.34,10.16,1120.3
1995-07-11,3.58,477.52,21.25,7.95,945.21
1995-07-12,0.12,462.9,22.69,7.32,924.55
1995-07-13,0.06,460.46,21.83,9.22,1010.98
1995-07-14,0.0,425.56,21.75,12.49,1161.41
1995-07-15,0.0,495.86,24.36,9.96,1050.56
1995-07-16,0.0,523.95,28.0,9.81,1059.98
1995-07-17,0.0,525.82,31.92,11.83,1183.35
1995-07-18,0.0,518.8,32.01,12.96,1247.81
1995-07-19,0.0,517.44,31.69,12.57,1220.28
1995-07-20,0.0,478.55,30.44,14.16,1288.44
1995-07-21,0.66,235.45,26.55,13.92,1377.94
1995-07-22,0.34,300.73,20.24,12.89,1270.65
1995-07-23,0.01,310.79,20.2,13.08,1242.41
1995-07-24,0.0,392.71,20.64,11.27,1103.7
1995-07-25,13.6,372.73,23.83,9.92,1095.18
1995-07-26,11.73,292.72,23.12,12.69,1232.35
1995-07-27,2.48,405.17,22.2,9.82,1045.22
1995-07-28,0.01,483.2,22.13,8.65,919.97
1995-07-29,0.0,495.58,21.13,6.39,811.18
1995-07-30,0.0,520.69,23.09,6.31,812.51
1995-07-31,0.0,521.29,25.56,8.04,905.58
1995-08-01,0.0,495.64,25.35,11.33,1056.73
1995-08-02,0.0,467.59,24.46,11.41,1071.26
1995-08-03,0.0,484.3,23.97,10.26,1009.7
1995-08-04,0.0,486.58,25.69,11.57,1076.06
1995-08-05,1.68,372.67,25.79,12.02,1168.79
1995-08-06,30.53,278.29,24.74,10.32,1106.12
1995-08-07,18.23,221.46,17.54,9.92,1107.63
1995-08-08,3.7,313.28,18.33,9.18,1035.71
1995-08-09,1.01,472.75,22.95,7.87,953.5
1995-08-10,1.76,346.45,22.76,10.31,1094.19
1995-08-11,1.77,291.44,21.14,10.62,1128.05
1995-08-12,0.55,291.84,18.51,9.97,1069.28
1995-08-13,0.05,463.88,20.42,6.11,859.28
1995-08-14,4.23,365.49,20.22,6.42,882.38
1995-08-15,2.62,304.53,19.02,7.94,964.35
1995-08-16,8.91,279.28,16.91,8.58,1014.66
1995-08-17,7.34,281.79,17.26,9.06,1035.74
1995-08-18,5.51,324.32,17.57,6.81,953.37
1995-08-19,2.2,367.54,20.11,9.16,1029.46
1995-08-20,0.1,473.87,24.23,7.35,965.9
1995-08-21,0.03,425.53,23.99,8.31,1005.78
1995-08-22,0.01,449.66,22.93,9.33,1040.79
1995-08-23,0.0,446.78,22.03,8.69,1000.32
1995-08-24,0.0,463.16,20.97,6.64,899.32
1995-08-25,0.0,473.75,21.43,5.55,856.85
1995-08-26,0.21,374.73,20.62,6.87,923.59
1995-08-27,0.1,437.86,20.5,7.18,948.87
1995-08-28,0.27,323.67,20.51,9.5,1099.29
1995-08-29,0.26,300.42,20.74,10.18,1141.88
1995-08-30,0.06,440.31,23.37,7.82,1002.48
1995-08-31,0.0,467.9,25.63,6.65,949.25
1995-09-01,0.0,461.63,26.41,7.61,1001.43
1995-09-02,0.0,450.59,26.07,9.36,1097.91
1995-09-03,2.05,332.76,25.21,9.95,1190.6
1995-09-04,4.33,263.6,23.21,12.4,1316.34
1995-09-05,5.48,251.77,20.89,10.63,1225.74
1995-09-06,6.5,217.33,18.68,9.82,1177.09
1995-09-07,2.39,212.38,18.57,11.67,1280.49
1995-09-08,0.05,286.72,19.03,11.73,1265.06
1995-09-09,0.0,386.13,22.59,10.45,1179.47
1995-09-10,0.0,402.8,22.62,9.58,1126.31
1995-09-11,0.0,367.0,21.87,10.6,1154.67
1995-09-12,0.0,397.82,22.73,9.42,1104.95
1995-09-13,0.0,408.12,24.92,9.69,1119.14
1995-09-14,0.0,409.68,26.15,9.86,1142.82
1995-09-15,0.0,401.37,25.64,10.39,1188.82
1995-09-16,0.36,262.88,24.86,12.74,1366.04
1995-09-17,0.74,150.32,22.47,13.65,1413.69
1995-09-18,0.28,357.08,20.79,7.81,1065.81
1995-09-19,0.0,375.92,22.21,9.13,1059.03
1995-09-20,0.0,373.66,23.24,9.99,1107.71
1995-09-21,0.0,396.0,25.7,7.23,997.38
1995-09-22,0.0,402.08,26.78,5.46,908.23
1995-09-23,0.0,399.25,25.83,5.36,895.96
1995-09-24,1.35,283.65,24.35,7.34,1008.63
1995-09-25,9.03,207.54,20.84,10.51,1178.16
1995-09-26,24.32,185.72,18.13,9.99,1198.6
1995-09-27,25.8,144.88,17.39,11.57,1289.48
1995-09-28,13.6,181.28,17.69,10.52,1255.46
1995-09-29,15.32,171.01,17.32,10.26,1231.47
1995-09-30,9.1,151.45,16.57,10.88,1223.85
1995-10-01,8.81,250.79,16.3,3.67,922.4
1995-10-02,8.48,181.64,16.01,9.29,1097.29
1995-10-03,3.25,193.29,15.74,8.19,1068.94
1995-10-04,3.7,252.4,16.12,2.83,829.78
1995-10-05,2.54,246.48,15.62,2.93,796.81
1995-10-06,3.26,228.24,16.06,5.56,911.77
1995-10-07,4.61,210.23,15.88,6.56,982.65
1995-10-08,3.69,198.75,16.08,7.44,1031.15
1995-10-09,39.82,162.27,15.66,7.33,1034.25
1995-10-10,50.81,118.2,13.76,9.19,1115.26
1995-10-11,26.21,138.19,13.32,7.37,1029.05
1995-10-12,6.19,208.21,13.83,3.88,873.32
1995-10-13,0.51,241.18,15.16,5.26,908.98
1995-10-14,0.02,294.78,19.36,5.68,962.05
1995-10-15,8.0,218.8,18.72,6.08,999.3
1995-10-16,23.42,171.89,17.05,8.65,1113.13
1995-10-17,30.32,150.69,15.8,8.17,1076.12
1995-10-18,12.0,241.4,14.12,2.11,810.44
1995-10-19,5.32,221.98,15.61,1.59,765.03
1995-10-20,8.42,173.97,15.23,6.65,954.35
1995-10-21,4.7,166.18,14.27,5.48,922.72
1995-10-22,0.8,259.62,12.47,1.63,761.27
1995-10-23,1.19,169.48,11.78,3.75,793.14
1995-10-24,0.93,192.11,11.83,1.78,751.73
1995-10-25,37.08,148.9,11.39,4.19,826.02
1995-10-26,20.36,148.29,12.56,6.01,921.55
1995-10-27,4.91,195.84,12.39,3.83,843.47
1995-10-28,1.99,224.33,12.16,1.39,725.86
1995-10-29,0.01,258.78,11.96,-1.06,620.04
1995-10-30,0.0,260.04,11.38,-2.84,539.68
1995-10-31,0.0,257.74,10.07,-4.17,484.77
1995-11-01,0.0,258.16,10.85,-4.45,471.49
1995-11-02,0.0,250.59,10.27,-4.49,467.59
1995-11-03,0.0,242.2,9.25,-3.62,492.46
1995-11-04,7.07,163.1,8.63,-1.78,559.19
1995-11-05,8.43,118.63,8.17,2.2,687.21
1995-11-06,25.44,137.2,7.45,-0.51,642.46
1995-11-07,52.7,154.23,13.02,3.13,784.4
1995-11-08,43.44,118.86,13.15,6.5,938.48
1995-11-09,13.12,130.25,12.18,1.31,741.52
1995-11-10,48.3,123.41,8.03,-0.36,640.61
1995-11-11,36.16,140.33,12.23,2.98,762.33
1995-11-12,16.18,109.5,11.5,3.41,805.66
1995-11-13,20.27,124.43,12.41,4.57,874.8
1995-11-14,10.03,133.16,15.68,6.28,984.97
1995-11-15,7.37,102.59,15.0,7.4,1039.65
1995-11-16,6.12,83.84,12.91,6.75,1013.19
1995-11-17,11.64,79.81,13.01,8.42,1076.47
1995-11-18,10.7,117.43,13.1,5.55,955.13
1995-11-19,2.85,146.63,12.22,2.22,778.7
1995-11-20,0.03,163.87,11.19,0.47,690.72
1995-11-21,5.78,118.9,10.27,2.0,737.16
1995-11-22,19.65,105.01,11.98,5.09,895.87
1995-11-23,33.17,49.47,12.5,9.7,1134.92
1995-11-24,29.46,59.31,12.34,8.83,1132.09
1995-11-25,20.71,85.84,11.94,6.53,998.57
1995-11-26,12.32,93.38,11.23,3.75,843.97
1995-11-27,35.51,82.03,9.06,3.22,806.52
1995-11-28,62.67,81.36,12.32,7.29,998.08
1995-11-29,60.19,62.03,12.53,8.9,1102.66
1995-11-30,24.54,88.33,11.92,5.1,933.62
1995-12-01,12.28,78.17,9.98,4.3,836.25
1995-12-02,9.61,95.49,8.16,1.26,706.93
1995-12-03,17.56,93.35,6.44,0.21,635.52
1995-12-04,13.44,108.39,5.53,-1.36,575.63
1995-12-05,3.02,115.52,5.15,-2.58,517.44
1995-12-06,0.04,147.28,3.97,-5.03,437.77
1995-12-07,0.02,129.49,2.32,-4.45,435.57
1995-12-08,4.97,89.76,2.35,-2.68,486.64
1995-12-09,28.67,65.02,2.18,-1.71,530.17
1995-12-10,60.57,113.29,8.84,0.61,660.93
1995-12-11,48.2,60.91,10.89,7.46,953.88
1995-12-12,49.39,87.69,11.96,6.37,986.37
1995-12-13,43.26,78.81,11.72,5.75,935.06
1995-12-14,27.34,51.34,10.18,4.8,864.7
1995-12-15,12.17,77.51,8.03,3.6,804.21
1995-12-16,6.17,83.79,7.81,2.17,742.5
1995-12-17,24.5,45.82,6.96,3.65,772.62
1995-12-18,18.8,62.98,7.7,4.27,816.53
1995-12-19,4.86,60.95,7.6,4.18,819.74
1995-12-20,0.61,89.14,7.93,3.67,794.29
1995-12-21,0.03,146.47,8.05,-0.03,660.35
1995-12-22,0.0,157.14,7.39,-2.74,540.78
1995-12-23,0.04,134.61,6.47,-3.64,483.19
1995-12-24,0.02,149.82,4.39,-4.82,437.84
1995-12-25,0.0,144.53,2.74,-4.86,427.38
1995-12-26,0.96,101.28,2.85,-3.71,465.28
1995-12-27,4.06,81.13,4.69,0.19,596.02
1995-12-28,38.62,77.78,6.32,2.03,701.96
1995-12-29,40.78,49.31,7.27,4.72,821.61
1995-12-30,27.53,77.24,9.84,5.47,895.99
1995-12-31,14.45,73.79,9.74,5.6,913.6
1996-01-01,7.8,56.62,9.48,5.64,908.5
1996-01-02,16.58,73.98,9.87,5.82,920.89
1996-01-03,12.99,90.84,9.84,4.74,870.23
1996-01-04,3.83,93.54,9.5,1.07,710.27
1996-01-05,17.87,69.37,5.93,0.86,657.31
1996-01-06,69.21,100.21,7.77,2.25,734.75
1996-01-07,45.23,73.91,10.85,7.2,949.76
1996-01-08,7.94,98.98,10.43,4.51,884.11
1996-01-09,6.0,100.48,9.53,3.72,819.25
1996-01-10,4.46,97.47,8.69,3.4,794.87
1996-01-11,0.82,137.16,10.56,3.04,774.76
1996-01-12,2.4,131.89,9.63,-1.34,632.73
1996-01-13,26.13,90.46,7.72,2.69,733.13
1996-01-14,39.6,51.48,8.36,6.09,897.23
1996-01-15,30.24,67.67,9.7,6.63,937.29
1996-01-16,11.68,131.31,8.93,0.19,695.54
1996-01-17,1.91,114.97,7.63,-1.76,562.61
1996-01-18,13.39,102.39,3.7,-1.24,554.46
1996-01-19,20.94,77.22,3.12,-1.25,550.11
1996-01-20,32.81,108.69,3.76,-1.34,559.79
1996-01-21,16.85,79.48,3.84,0.4,608.73
1996-01-22,14.59,102.2,3.71,-0.7,588.32
1996-01-23,17.2,86.59,3.3,-0.69,573.99
1996-01-24,7.66,95.7,2.62,-1.27,553.01
1996-01-25,1.96,110.26,2.62,-1.75,536.7
1996-01-26,0.45,101.25,2.3,-1.48,539.71
1996-01-27,5.1,114.22,3.44,-0.96,557.41
1996-01-28,5.21,127.24,2.93,-2.79,496.86
1996-01-29,1.36,166.86,1.47,-6.09,392.43
1996-01-30,0.01,206.33,-0.72,-7.83,338.76
1996-01-31,0.0,229.63,3.12,-6.74,361.69
1996-02-01,0.0,240.17,3.92,-7.98,344.16
1996-02-02,0.0,243.34,3.04,-9.28,311.97
1996-02-03,9.44,225.73,1.98,-9.26,320.91
1996-02-04,17.87,193.51,4.77,-1.84,510.26
1996-02-05,32.58,212.2,10.07,0.74,668.77
1996-02-06,65.11,177.56,10.17,4.04,819.88
1996-02-07,83.76,130.56,10.35,6.27,936.35
1996-02-08,51.81,123.76,10.78,6.5,947.32
1996-02-09,12.81,191.28,10.42,0.36,714.21
1996-02-10,0.66,268.42,13.14,-1.41,618.67
1996-02-11,0.0,275.65,13.21,-1.43,612.46
1996-02-12,0.0,259.93,14.59,-0.98,633.07
1996-02-13,0.0,276.65,14.61,-0.8,644.11
1996-02-14,0.0,279.38,14.63,-0.81,646.1
1996-02-15,0.0,270.26,15.75,-0.64,655.52
1996-02-16,7.43,208.18,15.07,-0.07,680.03
1996-02-17,29.35,107.19,11.07,6.39,912.11
1996-02-18,23.71,79.94,10.55,7.67,1007.0
1996-02-19,15.6,123.93,10.23,4.12,859.52
1996-02-20,14.81,148.35,8.46,2.5,747.15
1996-02-21,9.87,145.91,7.67,-1.04,599.24
1996-02-22,17.59,167.27,4.5,-1.96,541.34
1996-02-23,18.08,155.72,4.3,-1.66,540.78
1996-02-24,6.07,175.58,4.64,-2.06,530.37
1996-02-25,0.46,233.37,6.41,-3.37,496.42
1996-02-26,0.04,265.32,6.11,-3.87,476.01
1996-02-27,0.01,280.26,5.37,-3.48,490.53
1996-02-28,0.03,230.24,6.6,-0.66,578.11
1996-02-29,0.01,287.53,10.68,-2.2,542.47
1996-03-01,0.0,341.84,12.25,-4.18,506.82
1996-03-02,2.42,263.66,13.5,-3.63,544.04
1996-03-03,6.07,208.53,13.0,3.26,760.23
1996-03-04,5.77,188.14,10.89,3.18,784.85
1996-03-05,3.17,162.54,9.47,2.05,734.03
1996-03-06,1.54,199.76,9.85,2.68,759.09
1996-03-07,6.85,164.28,9.64,3.36,803.26
1996-03-08,4.59,191.7,13.08,6.38,962.16
1996-03-09,13.14,167.85,13.23,7.76,1061.8
1996-03-10,16.92,132.68,13.06,8.68,1100.44
1996-03-11,6.24,185.67,12.49,6.47,984.96
1996-03-12,0.49,257.39,11.56,3.4,820.16
1996-03-13,0.02,368.58,12.87,0.16,691.12
1996-03-14,0.1,330.63,17.68,0.28,720.24
1996-03-15,0.49,308.56,17.25,5.34,881.75
1996-03-16,0.27,320.96,15.55,-0.58,690.85
1996-03-17,0.03,328.91,12.48,3.65,783.09
1996-03-18,2.1,306.29,18.0,0.14,736.07
1996-03-19,6.28,282.18,17.7,4.67,863.63
1996-03-20,5.82,252.06,15.26,2.39,772.52
1996-03-21,7.01,281.64,11.67,1.21,710.4
1996-03-22,4.44,254.94,11.16,1.2,689.58
1996-03-23,0.87,371.87,10.52,0.34,665.02
1996-03-24,0.13,273.74,10.15,1.11,666.8
1996-03-25,0.08,381.2,11.84,-3.72,537.98
1996-03-26,0.22,343.48,11.49,-1.55,579.94
1996-03-27,0.65,283.91,10.8,0.1,626.04
1996-03-28,1.93,325.07,12.4,-2.94,567.37
1996-03-29,2.53,291.89,11.82,1.25,668.79
1996-03-30,1.14,303.59,10.39,-0.79,631.79
1996-03-31,9.09,258.73,9.57,1.61,707.9
1996-04-01,10.81,212.31,9.94,4.35,795.11
1996-04-02,3.31,306.59,9.79,-1.25,621.21
1996-04-03,1.22,320.85,10.31,-1.08,613.72
1996-04-04,0.61,400.42,17.16,1.44,750.41
1996-04-05,5.01,313.19,16.95,5.95,961.05
1996-04-06,10.06,268.26,16.36,7.83,1092.65
1996-04-07,3.83,325.64,21.52,9.38,1226.79
1996-04-08,0.24,317.83,21.2,9.92,1260.85
1996-04-09,1.72,285.63,19.61,9.06,1173.74
1996-04-10,2.9,237.59,17.4,5.9,969.0
1996-04-11,19.51,165.73,12.0,5.47,889.25
1996-04-12,24.95,221.0,9.65,3.46,812.46
1996-04-13,9.64,293.7,13.47,4.2,854.99
1996-04-14,3.44,341.67,18.49,5.02,933.84
1996-04-15,10.72,332.83,18.38,6.53,1008.27
1996-04-16,16.2,242.98,17.53,6.4,956.41
1996-04-17,15.81,252.48,11.91,3.63,817.91
1996-04-18,12.78,267.69,9.95,2.74,766.71
1996-04-19,11.91,247.59,9.89,3.8,788.22
1996-04-20,7.96,309.16,10.72,1.64,731.29
1996-04-21,6.72,336.74,13.52,3.23,808.36
1996-04-22,42.9,217.4,13.41,6.85,962.08
1996-04-23,63.39,223.71,12.51,7.11,987.75
1996-04-24,32.32,299.28,12.44,4.32,872.38
1996-04-25,28.53,267.14,12.23,4.64,846.57
1996-04-26,16.69,325.98,11.9,2.86,776.37
1996-04-27,3.41,365.56,12.77,0.97,706.05
1996-04-28,0.62,385.58,13.32,1.25,725.8
1996-04-29,0.1,462.12,15.15,4.65,849.37
1996-04-30,0.16,365.27,14.95,3.46,821.56
1996-05-01,0.55,323.86,13.09,3.59,790.58
1996-05-02,1.14,360.32,11.3,0.33,673.98
1996-05-03,1.64,372.24,11.29,-0.03,645.23
1996-05-04,2.07,385.22,12.91,0.02,652.32
1996-05-05,0.81,440.71,15.09,-0.2,661.98
1996-05-06,1.69,394.92,14.5,1.22,710.34
1996-05-07,4.26,341.65,13.53,2.51,730.32
1996-05-08,2.22,370.99,11.18,0.12,644.9
1996-05-09,0.29,461.82,12.85,-1.3,604.38
1996-05-10,0.24,393.56,13.07,1.15,707.02
1996-05-11,2.77,326.36,13.22,5.12,899.59
1996-05-12,13.08,296.37,16.22,8.92,1132.46
1996-05-13,11.29,247.67,16.52,10.88,1250.93
1996-05-14,2.97,298.54,16.48,8.8,1120.95
1996-05-15,0.34,395.07,16.04,4.94,906.57
1996-05-16,6.73,393.51,16.1,2.77,831.66
1996-05-17,22.45,319.34,15.65,7.37,1005.43
1996-05-18,23.26,267.47,14.54,7.6,1027.47
1996-05-19,15.18,294.71,13.84,6.61,972.24
1996-05-20,5.7,325.7,13.48,5.1,887.09
1996-05-21,5.65,330.65,12.8,3.75,838.89
1996-05-22,7.07,306.92,13.84,6.58,950.63
1996-05-23,3.66,321.86,14.32,6.12,946.7
1996-05-24,0.68,477.59,19.89,5.06,932.79
1996-05-25,0.0,514.32,20.39,6.93,1004.28
1996-05-26,0.0,514.34,19.53,6.19,979.56
1996-05-27,0.09,414.79,18.49,6.74,983.62
1996-05-28,3.75,342.37,15.88,6.04,958.68
1996-05-29,2.2,279.42,14.23,7.18,964.28
1996-05-30,0.17,475.04,14.1,2.58,785.2
1996-05-31,0.03,482.94,19.47,2.85,847.14
1996-06-01,0.28,400.05,21.17,9.22,1176.13
1996-06-02,0.13,489.67,25.31,11.26,1333.45
1996-06-03,2.24,402.5,24.6,9.45,1251.74
1996-06-04,2.61,323.28,23.29,9.58,1175.78
1996-06-05,0.75,491.7,20.37,6.75,1043.05
1996-06-06,0.0,515.7,21.44,8.11,1081.26
1996-06-07,0.0,507.41,21.15,7.12,1021.07
1996-06-08,0.12,407.05,19.27,5.14,939.67
1996-06-09,0.93,359.41,18.02,6.79,975.51
1996-06-10,1.06,393.78,17.28,4.97,904.32
1996-06-11,0.31,493.08,17.32,4.96,875.47
1996-06-12,0.15,476.8,20.08,3.72,863.83
1996-06-13,0.08,505.15,19.85,6.43,944.86
1996-06-14,0.0,534.95,20.09,4.0,868.78
1996-06-15,0.0,527.3,19.79,4.92,882.49
1996-06-16,0.22,401.78,18.75,4.46,871.61
1996-06-17,3.08,357.76,16.74,4.7,873.97
1996-06-18,1.64,373.73,17.39,4.87,880.35
1996-06-19,0.08,519.3,20.95,3.16,836.27
1996-06-20,0.0,537.82,22.35,5.15,947.13
1996-06-21,0.0,469.19,22.1,9.56,1152.8
1996-06-22,4.16,296.65,20.33,8.95,1143.6
1996-06-23,9.53,247.47,16.17,9.02,1144.04
1996-06-24,8.41,278.74,17.44,9.7,1188.36
1996-06-25,3.72,341.49,19.14,9.3,1175.17
1996-06-26,0.69,476.8,21.7,8.64,1160.29
1996-06-27,1.77,361.13,21.57,10.45,1261.38
1996-06-28,1.47,262.17,20.7,10.3,1203.99
1996-06-29,0.29,487.27,20.9,5.41,985.18
1996-06-30,0.0,524.0,23.28,7.53,1072.91
1996-07-01,0.0,508.46,23.26,9.13,1184.57
1996-07-02,0.03,424.91,23.0,10.91,1288.72
1996-07-03,1.33,334.56,22.17,10.31,1249.28
1996-07-04,0.82,332.2,19.58,8.73,1120.74
1996-07-05,0.08,499.73,21.01,5.38,954.75
1996-07-06,0.0,538.33,24.71,5.47,979.38
1996-07-07,0.0,534.46,28.75,7.72,1128.61
1996-07-08,0.0,520.83,27.7,9.56,1218.41
1996-07-09,0.0,468.84,25.81,9.07,1145.16
1996-07-10,0.0,512.84,23.31,7.06,1071.09
1996-07-11,0.0,525.26,27.76,8.44,1175.84
1996-07-12,0.0,520.03,30.26,10.55,1328.87
1996-07-13,0.0,518.13,31.46,11.21,1415.49
1996-07-14,0.0,512.75,33.77,12.48,1506.81
1996-07-15,0.0,514.43,32.38,11.32,1411.13
1996-07-16,0.96,317.68,30.71,10.67,1270.81
1996-07-17,4.33,250.45,18.61,9.0,1147.63
1996-07-18,12.98,209.83,15.5,9.54,1166.7
1996-07-19,9.68,204.94,15.96,10.48,1231.14
1996-07-20,2.22,238.33,17.45,10.75,1269.6
1996-07-21,0.08,427.15,23.46,11.66,1312.86
1996-07-22,0.0,507.53,27.9,9.86,1239.24
1996-07-23,0.0,514.85,30.71,10.87,1279.85
1996-07-24,0.0,510.12,31.58,12.04,1334.73
1996-07-25,0.0,512.09,30.72,11.24,1264.63
1996-07-26,0.0,509.72,30.54,11.4,1254.62
1996-07-27,0.0,508.35,30.56,11.53,1264.38
1996-07-28,0.0,478.6,29.39,12.12,1269.65
1996-07-29,0.0,465.25,26.24,11.49,1193.24
1996-07-30,0.0,498.06,23.92,7.38,986.68
1996-07-31,0.0,486.31,22.93,8.27,1008.67
1996-08-01,9.0,350.61,21.86,9.52,1135.4
1996-08-02,7.73,242.36,20.74,11.66,1248.64
1996-08-03,2.5,291.2,18.43,8.46,1102.32
1996-08-04,2.09,257.19,18.24,10.45,1185.17
1996-08-05,1.13,273.2,19.5,10.68,1188.43
1996-08-06,0.15,447.06,21.85,8.15,1036.07
1996-08-07,0.0,495.5,26.77,9.04,1081.14
1996-08-08,0.0,496.98,28.45,9.91,1139.49
1996-08-09,0.0,502.65,29.1,8.75,1106.14
1996-08-10,0.27,391.28,29.63,8.83,1149.35
1996-08-11,1.4,362.98,29.12,9.87,1169.53
1996-08-12,0.64,458.2,26.19,9.78,1099.82
1996-08-13,0.0,493.49,28.11,8.47,1059.15
1996-08-14,0.0,484.23,27.85,10.42,1121.69
1996-08-15,0.02,448.2,27.03,7.92,1023.49
1996-08-16,0.01,405.11,23.58,11.28,1095.23
1996-08-17,0.04,382.63,21.52,7.37,915.16
1996-08-18,0.02,441.57,20.17,7.03,832.31
1996-08-19,0.19,340.28,19.95,6.61,879.99
1996-08-20,0.22,276.29,19.87,10.62,1041.62
1996-08-21,0.17,397.1,23.7,7.01,860.17
1996-08-22,0.05,479.96,26.55,6.75,793.28
1996-08-23,0.0,491.87,28.81,6.77,824.16
1996-08-24,0.0,472.77,29.29,10.75,987.19
1996-08-25,0.0,461.56,28.27,10.79,1038.52
1996-08-26,0.26,318.24,26.69,12.24,1183.6
1996-08-27,0.49,197.0,23.41,11.92,1202.98
1996-08-28,0.18,381.27,23.75,11.71,1102.96
1996-08-29,1.84,345.01,30.05,12.14,1199.51
1996-08-30,4.88,317.53,29.1,12.95,1245.99
1996-08-31,1.98,329.2,26.04,11.72,1112.45
1996-09-01,0.0,413.0,20.91,7.66,892.11
1996-09-02,1.43,323.06,20.88,7.66,919.77
1996-09-03,7.4,254.31,20.27,9.86,1015.4
1996-09-04,6.73,297.07,18.18,5.6,870.32
1996-09-05,6.92,257.16,17.85,8.4,967.95
1996-09-06,5.52,241.6,17.16,8.26,1016.56
1996-09-07,7.46,199.39,17.63,10.98,1177.38
1996-09-08,3.53,211.02,18.77,11.35,1192.42
1996-09-09,0.26,382.01,19.57,7.04,925.41
1996-09-10,0.0,430.13,23.54,5.67,856.82
1996-09-11,0.0,415.78,23.92,8.65,988.91
1996-09-12,1.21,271.95,23.21,9.88,1109.1
1996-09-13,20.49,229.7,19.35,10.26,1157.21
1996-09-14,27.2,226.32,18.78,10.66,1191.09
1996-09-15,16.89,202.31,18.27,8.28,1071.71
1996-09-16,8.83,241.27,16.1,7.09,981.42
1996-09-17,2.35,341.41,17.43,5.51,891.06
1996-09-18,4.26,269.56,16.83,5.1,892.03
1996-09-19,3.0,188.22,15.47,9.18,1066.22
1996-09-20,2.76,200.9,14.94,6.61,964.17
1996-09-21,2.54,248.38,13.93,4.37,834.29
1996-09-22,0.77,303.61,14.91,2.49,740.46
1996-09-23,0.04,389.92,17.99,1.5,697.98
1996-09-24,0.0,391.47,18.83,2.95,741.92
1996-09-25,0.0,386.7,19.29,2.7,753.73
1996-09-26,0.0,381.78,20.72,3.9,813.72
1996-09-27,0.0,374.14,22.37,6.01,913.83
1996-09-28,0.0,366.17,21.62,5.79,932.81
1996-09-29,0.0,325.14,20.76,8.24,1025.52
1996-09-30,0.03,247.44,18.5,7.81,1015.34
1996-10-01,0.02,325.13,17.48,5.87,918.48
1996-10-02,2.05,251.0,17.01,5.12,910.75
1996-10-03,14.42,145.29,16.14,9.64,1133.45
1996-10-04,25.22,98.01,15.16,11.79,1278.67
1996-10-05,11.51,187.46,14.8,6.88,1046.08
1996-10-06,1.16,271.95,18.34,7.17,1017.09
1996-10-07,0.02,316.14,21.1,7.68,1051.11
1996-10-08,0.0,325.93,21.38,6.07,996.63
1996-10-09,0.98,246.42,22.6,6.96,1074.78
1996-10-10,8.38,210.54,22.23,11.2,1290.64
1996-10-11,5.68,172.05,21.45,9.0,1153.66
1996-10-12,14.08,211.5,15.87,4.83,943.0
1996-10-13,20.98,99.97,15.22,8.23,1030.53
1996-10-14,33.56,143.89,12.81,6.78,977.3
1996-10-15,21.27,196.37,12.48,2.83,785.42
1996-10-16,4.78,220.28,11.77,-1.98,598.07
1996-10-17,26.55,179.3,9.95,0.78,652.17
1996-10-18,25.66,102.55,8.68,3.68,751.29
1996-10-19,6.87,185.34,9.02,-0.3,642.75
1996-10-20,1.51,207.79,9.83,-2.18,568.33
1996-10-21,29.22,151.97,9.44,0.96,658.0
1996-10-22,23.7,132.28,10.35,4.39,805.37
1996-10-23,30.65,154.4,10.43,2.85,787.52
1996-10-24,25.76,135.42,10.56,4.51,828.36
1996-10-25,7.66,168.88,10.33,1.82,734.92
1996-10-26,0.69,224.98,10.66,-1.39,619.13
1996-10-27,8.86,185.97,11.76,1.26,709.43
1996-10-28,16.17,113.86,12.1,7.2,947.12
1996-10-29,7.66,162.31,11.79,3.84,840.67
1996-10-30,0.89,252.43,11.6,-1.8,614.78
1996-10-31,0.0,255.99,11.53,-3.0,540.01
1996-11-01,0.0,248.88,11.79,-1.87,569.32
1996-11-02,2.54,183.26,12.11,-1.04,615.89
1996-11-03,5.17,149.33,11.67,1.99,705.24
1996-11-04,4.01,159.36,10.08,0.06,655.28
1996-11-05,11.92,151.5,8.79,-1.2,603.44
1996-11-06,8.5,139.06,9.8,1.87,692.41
1996-11-07,23.51,138.65,9.01,0.26,674.52
1996-11-08,15.11,138.54,12.22,4.21,818.84
1996-11-09,2.28,136.88,12.4,4.31,855.18
1996-11-10,0.17,166.95,11.66,2.8,798.99
1996-11-11,10.96,100.99,10.79,5.15,885.83
1996-11-12,22.03,82.9,12.59,8.27,1046.93
1996-11-13,14.2,103.29,12.12,5.92,962.42
1996-11-14,3.46,107.52,10.99,3.61,830.97
1996-11-15,5.15,86.32,9.05,3.56,787.65
1996-11-16,8.38,89.86,7.53,1.69,704.85
1996-11-17,9.36,80.15,5.79,-0.47,603.08
1996-11-18,8.08,91.21,3.16,-1.77,543.54
1996-11-19,7.23,68.32,2.64,-1.46,535.66
1996-11-20,5.92,65.11,1.62,-1.79,528.27
1996-11-21,1.8,84.68,2.74,-0.95,553.93
1996-11-22,0.02,99.99,2.81,-1.39,543.57
1996-11-23,10.81,88.09,2.2,-3.12,499.27
1996-11-24,20.1,94.2,5.35,0.1,604.19
1996-11-25,9.7,117.9,9.77,1.93,708.88
1996-11-26,21.19,97.34,9.11,1.76,722.95
1996-11-27,46.02,79.83,9.25,4.78,831.14
1996-11-28,19.15,107.59,10.24,3.33,803.13
1996-11-29,9.64,108.99,9.46,0.94,706.37
1996-11-30,22.68,100.07,9.27,3.16,758.9
1996-12-01,21.0,113.32,8.97,1.48,709.55
1996-12-02,12.99,90.83,8.11,-1.11,584.15
1996-12-03,15.19,98.3,3.27,-3.49,493.12
1996-12-04,39.47,117.49,7.04,-0.96,571.15
1996-12-05,33.35,95.94,7.1,1.35,662.57
1996-12-06,26.95,92.24,6.5,0.06,636.32
1996-12-07,26.12,72.81,5.19,1.02,650.66
1996-12-08,13.95,82.89,5.67,1.3,671.04
1996-12-09,14.14,109.76,7.15,0.18,653.27
1996-12-10,16.78,81.22,7.12,2.76,719.54
1996-12-11,12.66,95.23,6.77,0.37,664.62
1996-12-12,27.47,58.03,5.59,2.08,689.32
1996-12-13,18.09,93.58,7.02,1.7,692.01
1996-12-14,3.21,112.48,6.66,-2.37,558.06
1996-12-15,3.57,97.56,4.18,-1.71,542.06
1996-12-16,1.93,110.3,6.4,-0.16,597.36
1996-12-17,0.09,148.29,6.05,-2.75,531.76
1996-12-18,0.0,147.43,4.62,-3.08,498.21
1996-12-19,15.4,94.76,4.14,-2.56,508.25
1996-12-20,16.81,94.35,5.19,-0.48,579.69
1996-12-21,15.96,75.24,4.99,-0.21,600.63
1996-12-22,17.63,74.47,3.83,-0.17,601.12
1996-12-23,14.65,67.93,3.73,-0.38,591.96
1996-12-24,26.09,63.96,3.02,-0.53,581.49
1996-12-25,17.55,79.16,3.23,-1.1,560.07
1996-12-26,33.03,70.54,2.88,-3.01,493.32
1996-12-27,22.63,73.25,0.92,-2.76,478.54
1996-12-28,41.77,128.47,0.67,-5.51,422.38
1996-12-29,68.7,144.81,6.32,-2.84,501.79
1996-12-30,53.9,130.61,8.44,1.79,685.96
1996-12-31,29.05,114.92,9.75,4.47,836.28
1997-01-01,30.19,93.3,10.25,6.52,943.62
1997-01-02,32.78,105.07,10.26,5.55,912.89
1997-01-03,19.02,135.24,9.67,0.61,710.32
1997-01-04,5.97,107.93,7.44,0.15,626.23
1997-01-05,8.53,123.04,4.69,-1.0,588.27
1997-01-06,34.18,122.29,5.87,0.37,638.38
1997-01-07,18.62,126.56,9.97,3.81,787.61
1997-01-08,2.56,93.57,9.56,3.8,805.61
1997-01-09,1.55,92.2,7.53,3.77,804.34
1997-01-10,0.83,79.98,7.72,4.72,836.37
1997-01-11,0.17,101.65,7.52,3.71,782.2
1997-01-12,0.02,193.59,6.46,-4.04,518.74
1997-01-13,0.0,203.09,5.73,-7.07,388.5
1997-01-14,0.0,204.81,4.75,-7.52,359.56
1997-01-15,0.0,200.49,3.66,-7.0,368.54
1997-01-16,38.89,139.62,2.83,-4.3,443.77
1997-01-17,39.46,125.13,6.15,0.47,620.86
1997-01-18,65.9,129.81,9.79,3.67,796.29
1997-01-19,46.64,86.62,10.11,6.83,946.41
1997-01-20,24.82,90.05,9.71,5.21,888.08
1997-01-21,16.02,130.2,8.09,1.84,737.9
1997-01-22,8.99,133.33,7.06,0.24,646.53
1997-01-23,6.95,137.4,5.61,-0.54,602.84
1997-01-24,2.61,136.92,4.95,-1.38,560.3
1997-01-25,0.18,167.13,3.88,-3.48,479.46
1997-01-26,0.0,202.64,1.84,-6.11,398.86
1997-01-27,21.56,154.87,1.8,-5.11,424.37
1997-01-28,16.24,136.29,5.91,0.28,603.88
1997-01-29,36.4,123.98,7.8,2.71,743.04
1997-01-30,23.76,133.52,10.87,5.15,860.79
1997-01-31,12.6,155.7,10.13,1.92,763.61
1997-02-01,9.28,129.53,8.94,3.13,752.15
1997-02-02,8.02,164.47,7.52,-1.56,608.27
1997-02-03,2.87,204.94,9.55,0.33,639.47
1997-02-04,0.02,243.67,10.58,-1.1,606.14
1997-02-05,0.0,255.13,9.4,-4.33,495.42
1997-02-06,2.5,192.15,7.9,-4.64,466.8
1997-02-07,3.9,113.85,6.19,-0.24,573.16
1997-02-08,1.35,139.12,4.23,-0.38,588.27
1997-02-09,0.03,207.93,4.66,-3.01,522.99
1997-02-10,0.23,190.4,9.08,-0.67,591.77
1997-02-11,21.46,187.7,8.71,-1.17,596.39
1997-02-12,18.63,179.29,8.06,0.05,633.58
1997-02-13,29.29,136.82,7.46,1.93,705.15
1997-02-14,30.75,135.5,8.72,4.1,816.03
1997-02-15,9.5,146.15,11.51,6.25,924.37
1997-02-16,8.66,193.28,11.2,2.32,799.27
1997-02-17,10.96,171.23,10.51,4.18,818.96
1997-02-18,32.38,148.62,10.08,1.98,735.92
1997-02-19,27.45,133.1,6.69,1.94,702.99
1997-02-20,8.41,203.06,8.36,0.19,651.81
1997-02-21,1.14,225.92,9.49,-1.44,593.55
1997-02-22,0.09,307.94,9.61,-2.58,549.72
1997-02-23,0.0,318.03,11.42,-2.54,553.79
1997-02-24,0.0,321.73,13.14,-1.84,590.82
1997-02-25,0.19,254.71,12.49,-0.13,657.39
1997-02-26,1.39,162.71,10.94,3.67,771.97
1997-02-27,0.93,196.12,8.64,1.32,691.22
1997-02-28,17.5,240.52,7.7,-3.64,530.17
1997-03-01,38.19,192.33,6.88,-0.01,608.78
1997-03-02,27.1,175.89,6.83,1.3,665.11
1997-03-03,7.87,213.12,6.78,-1.03,596.74
1997-03-04,1.41,230.35,6.47,-1.86,565.49
1997-03-05,18.22,142.79,6.2,0.99,647.27
1997-03-06,35.14,193.44,8.42,2.35,723.64
1997-03-07,16.99,219.09,8.69,1.59,700.67
1997-03-08,24.1,248.94,8.19,-1.33,613.2
1997-03-09,18.8,215.32,8.88,2.45,716.72
1997-03-10,7.01,222.85,8.63,1.58,706.04
1997-03-11,12.44,225.16,8.14,0.56,654.58
1997-03-12,11.97,199.32,6.9,-0.82,592.53
1997-03-13,7.71,225.66,5.85,-0.79,584.93
1997-03-14,8.9,272.91,7.9,-1.74,571.12
1997-03-15,35.05,270.75,8.71,-0.5,616.07
1997-03-16,26.52,244.42,8.51,1.32,695.36
1997-03-17,63.3,150.01,8.31,4.54,829.18
1997-03-18,145.21,176.48,11.03,6.4,957.71
1997-03-19,86.91,137.7,11.31,8.04,1032.82
1997-03-20,16.0,234.43,11.25,4.16,860.49
1997-03-21,0.87,306.17,11.78,-1.27,650.34
1997-03-22,0.24,323.01,12.59,0.88,701.44
1997-03-23,0.1,362.96,12.85,4.22,822.59
1997-03-24,0.0,408.03,12.6,0.93,737.71
1997-03-25,3.13,317.98,15.2,3.39,811.11
1997-03-26,13.92,300.01,14.6,2.71,785.5
1997-03-27,16.89,255.32,11.81,1.72,720.81
1997-03-28,8.62,264.81,8.7,1.6,709.52
1997-03-29,1.63,372.38,11.29,2.03,736.53
1997-03-30,8.25,327.35,13.45,2.03,744.71
1997-03-31,9.08,313.9,12.72,0.26,662.35
1997-04-01,2.53,355.33,11.9,-1.89,592.48
1997-04-02,1.19,343.49,13.12,-1.23,622.19
1997-04-03,0.61,374.45,12.5,1.79,696.54
1997-04-04,0.02,448.46,11.86,-3.14,552.93
1997-04-05,0.01,445.77,14.11,-3.52,530.93
1997-04-06,0.0,471.65,16.37,-2.48,578.19
1997-04-07,0.9,362.52,15.43,-0.7,648.14
1997-04-08,2.46,301.89,13.67,2.58,752.19
1997-04-09,1.66,291.75,11.27,2.74,772.4
1997-04-10,0.46,294.91,11.03,2.82,757.99
1997-04-11,0.13,391.82,14.12,-0.91,647.7
1997-04-12,8.02,363.5,14.6,-0.85,660.49
1997-04-13,10.36,299.04,14.03,4.29,827.28
1997-04-14,11.56,252.64,12.29,3.4,830.62
1997-04-15,20.17,186.74,11.58,7.19,986.61
1997-04-16,10.59,237.91,13.52,6.95,993.9
1997-04-17,2.39,318.42,13.16,2.71,813.82
1997-04-18,4.87,328.78,13.17,2.58,784.53
1997-04-19,44.74,278.74,12.61,3.82,825.42
1997-04-20,28.01,286.6,12.12,4.04,828.1
1997-04-21,3.37,432.7,13.58,1.3,731.2
1997-04-22,12.89,373.58,13.85,0.75,719.52
1997-04-23,9.55,287.31,13.66,4.7,843.19
1997-04-24,1.71,343.83,14.18,2.41,816.49
1997-04-25,0.15,310.48,15.72,6.98,987.33
1997-04-26,3.02,353.46,17.69,4.44,913.01
1997-04-27,12.09,315.43,17.45,3.72,846.03
1997-04-28,18.92,225.68,12.39,5.23,886.52
1997-04-29,14.86,267.54,12.38,5.24,892.57
1997-04-30,21.55,291.1,12.23,3.21,797.78
1997-05-01,9.31,338.83,11.38,1.26,709.72
1997-05-02,4.41,383.84,15.11,-0.4,691.6
1997-05-03,15.56,320.99,15.09,5.69,909.73
1997-05-04,9.93,304.46,14.38,5.94,964.24
1997-05-05,12.37,259.93,13.85,7.25,1009.59
1997-05-06,8.73,283.95,13.2,5.78,934.61
1997-05-07,1.67,485.45,16.46,3.03,837.96
1997-05-08,0.0,524.21,22.02,3.68,887.95
1997-05-09,0.0,523.51,21.51,4.82,942.07
1997-05-10,0.0,524.45,22.57,4.47,954.27
1997-05-11,0.0,526.4,28.53,5.35,1043.66
1997-05-12,0.0,521.16,28.37,6.96,1131.52
1997-05-13,0.0,519.46,27.05,7.05,1138.66
1997-05-14,0.0,509.93,25.21,8.88,1225.91
1997-05-15,0.03,445.73,24.17,8.93,1207.64
1997-05-16,0.02,503.39,23.34,7.22,1120.8
1997-05-17,0.0,502.42,22.4,7.57,1097.04
1997-05-18,0.0,525.93,23.14,4.71,986.52
1997-05-19,0.27,420.59,22.46,6.9,1060.27
1997-05-20,3.45,350.51,21.0,6.55,1016.76
1997-05-21,2.09,353.67,17.12,5.23,939.71
1997-05-22,0.51,347.07,16.12,4.58,914.71
1997-05-23,2.63,293.98,15.22,7.12,1000.66
1997-05-24,4.06,349.62,16.57,4.6,926.17
1997-05-25,1.58,343.24,15.98,6.61,990.79
1997-05-26,6.13,373.5,20.19,5.94,1042.59
1997-05-27,10.67,314.39,19.86,10.52,1280.93
1997-05-28,22.79,270.16,19.08,11.03,1361.99
1997-05-29,12.16,228.82,19.29,13.21,1503.39
1997-05-30,22.24,205.41,18.96,12.98,1488.35
1997-05-31,15.76,203.92,18.06,11.97,1378.16
1997-06-01,9.42,277.52,16.88,8.61,1180.69
1997-06-02,7.66,343.9,20.58,8.91,1204.18
1997-06-03,11.49,314.85,20.14,10.14,1255.69
1997-06-04,6.77,291.58,18.61,9.05,1173.47
1997-06-05,1.06,378.64,17.34,7.42,1053.66
1997-06-06,0.01,476.59,18.32,4.67,937.1
1997-06-07,0.09,414.53,18.1,6.78,1001.21
1997-06-08,0.13,435.77,18.94,5.43,959.84
1997-06-09,0.04,523.91,22.74,4.67,953.2
1997-06-10,0.02,508.59,24.08,6.44,1053.16
1997-06-11,4.72,393.48,23.76,8.01,1124.15
1997-06-12,2.42,427.15,20.78,7.55,1085.65
1997-06-13,0.03,508.96,21.26,6.64,1056.48
1997-06-14,0.0,517.96,22.84,8.1,1160.51
1997-06-15,0.0,453.35,22.62,11.43,1347.7
1997-06-16,9.9,287.3,21.03,12.11,1411.89
1997-06-17,13.2,195.99,18.62,12.98,1411.47
1997-06-18,5.86,282.97,17.15,9.17,1157.7
1997-06-19,3.17,356.46,16.79,6.01,964.5
1997-06-20,3.48,381.48,17.26,4.8,915.43
1997-06-21,7.13,298.96,16.89,7.91,1043.63
1997-06-22,9.41,282.14,15.41,8.57,1087.62
1997-06-23,3.75,328.29,16.31,7.4,1032.52
1997-06-24,0.42,402.73,18.51,6.29,994.77
1997-06-25,1.82,366.51,18.46,7.79,1057.27
1997-06-26,4.65,337.96,17.92,7.87,1066.21
1997-06-27,5.87,348.61,18.1,8.23,1085.16
1997-06-28,2.38,366.1,18.68,7.53,1077.25
1997-06-29,1.03,330.5,18.73,9.53,1148.76
1997-06-30,3.43,365.46,18.78,7.11,1065.0
1997-07-01,1.51,417.94,18.53,9.67,1127.43
1997-07-02,0.0,512.06,20.92,6.31,1016.36
1997-07-03,0.0,532.09,25.76,7.93,1122.97
1997-07-04,1.49,417.13,29.83,9.12,1290.83
1997-07-05,7.16,380.13,29.5,12.84,1516.95
1997-07-06,5.07,286.57,28.1,13.24,1455.14
1997-07-07,15.62,348.44,20.21,8.14,1192.99
1997-07-08,34.9,212.67,19.41,12.56,1366.89
1997-07-09,20.19,229.86,17.06,10.78,1280.11
1997-07-10,5.34,318.48,18.57,9.38,1192.24
1997-07-11,1.07,455.84,19.8,9.12,1153.56
1997-07-12,0.0,495.94,20.59,8.33,1140.56
1997-07-13,0.0,499.31,23.6,10.66,1299.22
1997-07-14,0.0,469.51,23.36,12.72,1446.31
1997-07-15,0.0,438.78,22.85,13.38,1457.08
1997-07-16,0.0,498.81,23.34,9.28,1231.84
1997-07-17,0.0,502.75,23.08,9.85,1211.93
1997-07-18,0.0,506.37,22.42,8.59,1145.34
1997-07-19,0.0,521.58,25.81,8.26,1146.09
1997-07-20,0.0,516.42,25.9,9.77,1221.09
1997-07-21,0.12,418.97,24.88,9.93,1231.71
1997-07-22,0.06,447.26,21.75,10.82,1241.63
1997-07-23,0.0,496.86,22.71,8.53,1127.32
1997-07-24,0.0,503.53,22.49,8.1,1093.79
1997-07-25,0.0,497.94,22.53,8.71,1111.45
1997-07-26,0.0,511.66,23.6,7.48,1075.55
1997-07-27,0.0,512.19,25.56,8.62,1134.83
1997-07-28,0.0,508.63,25.29,8.96,1141.11
1997-07-29,0.0,510.88,24.36,7.48,1079.03
1997-07-30,0.0,475.75,23.38,9.79,1142.92
1997-07-31,0.0,496.09,22.89,7.57,1060.63
1997-08-01,0.0,505.67,25.22,8.4,1102.4
1997-08-02,0.0,496.83,24.76,9.15,1148.31
1997-08-03,0.0,500.03,26.93,9.94,1216.07
1997-08-04,0.0,486.93,26.25,11.15,1297.24
1997-08-05,0.0,467.66,26.65,12.85,1405.21
1997-08-06,0.13,396.89,25.92,12.33,1375.54
1997-08-07,0.06,473.53,25.13,9.3,1187.3
1997-08-08,0.0,462.72,24.36,10.52,1208.98
1997-08-09,0.0,493.39,28.1,9.11,1192.58
1997-08-10,0.0,491.83,30.44,11.03,1309.52
1997-08-11,0.0,487.73,30.27,11.08,1334.38
1997-08-12,0.0,472.03,29.69,11.57,1350.62
1997-08-13,0.0,450.68,27.67,12.36,1383.27
1997-08-14,0.0,423.44,26.17,11.9,1331.92
1997-08-15,0.0,432.19,23.74,10.08,1216.92
1997-08-16,0.0,475.88,28.49,9.52,1213.72
1997-08-17,0.0,475.5,28.54,10.5,1279.25
1997-08-18,0.0,396.63,28.25,12.19,1323.93
1997-08-19,0.0,456.37,24.41,8.5,1156.97
1997-08-20,3.94,339.38,24.2,10.4,1260.36
1997-08-21,2.02,316.5,23.59,12.09,1359.64
1997-08-22,0.03,426.12,26.0,11.06,1306.09
1997-08-23,1.31,312.74,25.74,10.28,1261.29
1997-08-24,8.25,246.36,21.34,11.45,1324.61
1997-08-25,10.81,203.7,19.42,12.6,1410.15
1997-08-26,13.06,192.66,19.07,12.88,1426.57
1997-08-27,12.86,204.05,18.68,11.48,1336.03
1997-08-28,8.77,212.32,18.68,11.85,1350.11
1997-08-29,4.96,225.3,19.9,12.36,1364.47
1997-08-30,1.3,391.44,22.31,10.06,1212.33
1997-08-31,0.06,333.53,23.57,9.43,1190.12
1997-09-01,0.17,311.19,23.11,10.1,1208.78
1997-09-02,0.07,415.25,23.28,9.4,1145.65
1997-09-03,0.0,415.09,22.95,9.98,1151.23
1997-09-04,0.0,418.74,22.38,8.86,1103.84
1997-09-05,0.0,404.4,21.84,9.62,1108.77
1997-09-06,0.0,426.95,21.33,6.65,974.5
1997-09-07,0.0,438.52,23.15,6.37,959.26
1997-09-08,0.0,439.09,26.81,7.38,1038.33
1997-09-09,0.0,433.52,27.95,8.79,1159.19
1997-09-10,0.91,307.44,27.08,12.28,1386.82
1997-09-11,1.13,228.26,24.96,12.81,1400.14
1997-09-12,4.6,259.0,20.01,9.39,1169.77
1997-09-13,12.0,288.78,18.93,6.43,1023.62
1997-09-14,24.69,210.62,18.43,11.23,1229.34
1997-09-15,25.67,197.74,17.69,9.35,1160.42
1997-09-16,69.85,168.71,15.43,7.82,1063.2
1997-09-17,60.57,147.84,13.95,9.48,1137.07
1997-09-18,16.82,249.76,17.17,8.29,1097.99
1997-09-19,1.01,390.04,20.02,4.9,942.41
1997-09-20,0.0,404.26,21.58,4.82,921.12
1997-09-21,0.01,374.11,23.69,4.95,948.47
1997-09-22,0.01,395.87,25.0,5.72,1006.15
1997-09-23,0.0,386.08,24.97,8.18,1139.05
1997-09-24,0.0,379.81,27.2,8.77,1235.49
1997-09-25,13.63,236.74,26.5,12.66,1431.89
1997-09-26,23.35,163.91,21.67,10.45,1288.73
1997-09-27,19.8,176.15,15.92,8.79,1172.01
1997-09-28,9.39,162.77,16.77,10.72,1257.49
1997-09-29,2.04,253.07,19.35,9.04,1212.87
1997-09-30,12.84,205.61,19.05,10.59,1280.7
1997-10-01,21.54,143.43,18.56,10.35,1252.86
1997-10-02,24.89,192.71,16.75,8.81,1170.29
1997-10-03,39.2,167.72,16.37,8.95,1155.3
1997-10-04,31.94,140.53,14.92,9.33,1148.47
1997-10-05,9.46,221.18,15.22,5.21,953.13
1997-10-06,1.22,240.28,15.19,3.42,836.32
1997-10-07,10.12,246.23,14.77,2.11,790.46
1997-10-08,16.14,95.61,14.33,6.93,944.02
1997-10-09,33.3,86.99,9.73,6.69,959.54
1997-10-10,20.04,158.71,11.17,5.25,895.8
1997-10-11,4.55,221.67,12.83,2.51,794.46
1997-10-12,3.14,192.06,12.41,4.13,847.49
1997-10-13,4.59,179.06,14.12,7.0,990.6
1997-10-14,2.82,170.86,13.88,6.52,1001.28
1997-10-15,0.56,277.03,18.28,7.47,1070.73
1997-10-16,0.31,218.11,19.88,7.69,1119.77
1997-10-17,0.27,205.02,19.77,8.63,1138.89
1997-10-18,0.06,265.22,18.81,2.98,854.4
1997-10-19,0.0,280.84,13.05,1.71,735.59
1997-10-20,0.0,275.28,12.54,0.19,668.96
1997-10-21,1.65,214.39,12.39,0.3,681.59
1997-10-22,1.32,158.75,12.07,4.7,825.88
1997-10-23,0.54,195.99,12.47,2.05,762.39
1997-10-24,0.15,265.58,12.16,0.16,680.51
1997-10-25,0.0,267.44,13.55,1.61,723.67
1997-10-26,3.87,181.26,13.2,3.17,790.81
1997-10-27,2.56,191.17,12.97,3.67,828.37
1997-10-28,49.61,132.38,12.59,4.91,885.97
1997-10-29,87.3,114.75,13.07,8.13,1054.78
1997-10-30,40.11,121.04,14.17,8.76,1122.01
1997-10-31,7.24,147.7,13.85,6.4,1017.4
1997-11-01,1.97,135.66,13.46,6.23,958.2
1997-11-02,1.14,175.33,12.9,1.69,797.13
1997-11-03,8.83,141.83,13.6,6.29,930.94
1997-11-04,4.27,182.53,13.64,4.07,894.53
1997-11-05,5.02,146.74,14.82,6.64,1002.44
1997-11-06,6.03,97.48,14.42,9.35,1137.93
1997-11-07,2.18,104.1,13.34,6.88,1030.74
1997-11-08,0.24,148.51,12.32,5.69,939.19
1997-11-09,0.02,216.95,15.36,2.88,824.2
1997-11-10,0.0,222.69,15.37,0.55,719.8
1997-11-11,0.0,217.5,14.12,-0.09,664.35
1997-11-12,0.0,206.71,11.92,-1.67,594.94
1997-11-13,0.0,216.3,13.55,-1.48,612.06
1997-11-14,0.07,139.1,12.64,2.52,721.15
1997-11-15,0.19,166.84,12.38,-1.72,624.66
1997-11-16,12.66,131.03,11.46,0.72,679.09
1997-11-17,13.41,91.64,10.54,5.29,857.15
1997-11-18,8.49,109.84,10.68,3.94,849.8
1997-11-19,28.7,90.63,10.32,5.01,881.4
1997-11-20,22.14,76.77,10.61,6.17,918.17
1997-11-21,6.15,113.4,9.68,0.8,717.21
1997-11-22,15.88,110.45,7.51,0.34,669.21
1997-11-23,19.87,102.89,11.51,4.98,842.26
1997-11-24,16.14,115.64,11.02,2.86,795.13
1997-11-25,6.02,108.53,9.97,1.15,701.57
1997-11-26,1.4,121.1,9.11,0.43,662.75
1997-11-27,18.9,125.87,9.23,-0.59,648.66
1997-11-28,23.71,78.51,10.1,5.28,845.82
1997-11-29,17.42,72.8,9.64,4.45,851.01
1997-11-30,15.1,87.61,9.15,3.29,788.8
1997-12-01,5.02,123.08,8.42,0.48,672.16
1997-12-02,0.01,166.15,9.84,-1.34,598.86
1997-12-03,0.13,131.16,8.94,-2.21,564.02
1997-12-04,0.06,149.6,8.68,-0.18,612.11
1997-12-05,0.02,139.56,8.19,-2.04,564.9
1997-12-06,0.26,108.68,7.18,-2.94,518.44
1997-12-07,7.48,103.96,6.17,-1.74,546.11
1997-12-08,5.8,102.94,6.48,-1.42,568.53
1997-12-09,13.55,83.12,6.17,-0.59,598.83
1997-12-10,9.25,82.46,7.99,2.36,698.35
1997-12-11,1.57,104.26,7.63,-1.82,588.81
1997-12-12,0.45,104.13,5.97,-2.28,538.39
1997-12-13,0.59,83.26,5.37,-0.95,574.24
1997-12-14,5.11,93.29,7.79,1.23,661.97
1997-12-15,59.58,95.55,7.56,0.35,665.2
1997-12-16,69.41,102.71,11.49,3.59,783.14
1997-12-17,25.43,82.9,11.15,2.66,758.48
1997-12-18,3.55,96.54,7.76,-1.48,605.15
1997-12-19,8.09,63.57,5.15,0.93,635.59
1997-12-20,9.91,72.24,5.78,1.25,660.51
1997-12-21,3.1,109.76,5.7,-2.56,547.04
1997-12-22,6.9,89.74,4.54,-2.07,530.52
1997-12-23,6.17,81.44,4.95,-0.21,587.68
1997-12-24,1.44,94.04,4.69,-1.92,552.45
1997-12-25,0.08,83.11,4.13,-1.31,550.74
1997-12-26,9.46,77.56,3.38,-1.53,552.14
1997-12-27,19.2,89.6,6.07,0.35,630.5
1997-12-28,21.11,80.71,8.96,3.9,790.21
1997-12-29,8.18,58.97,9.86,6.34,914.31
1997-12-30,0.86,98.73,9.57,2.23,777.82
1997-12-31,4.79,102.31,8.66,0.07,657.26
1998-01-01,9.7,92.45,6.93,0.48,637.65
1998-01-02,12.18,115.73,7.22,-2.07,564.5
1998-01-03,14.02,79.93,6.54,-1.73,539.61
1998-01-04,20.42,62.77,3.06,-0.57,573.6
1998-01-05,22.34,83.44,5.35,0.7,638.08
1998-01-06,17.8,75.11,6.23,2.28,698.91
1998-01-07,5.52,112.47,6.34,-0.71,614.22
1998-01-08,0.14,132.77,5.69,-2.33,525.89
1998-01-09,0.89,123.42,3.28,-4.86,442.35
1998-01-10,0.46,126.81,2.19,-4.39,426.45
1998-01-11,2.34,110.26,0.34,-5.56,396.86
1998-01-12,29.56,110.59,-0.15,-4.71,419.65
1998-01-13,45.36,124.08,4.05,-1.79,529.21
1998-01-14,37.58,122.1,7.72,1.75,678.34
1998-01-15,25.67,129.82,8.19,1.46,702.81
1998-01-16,24.21,120.45,7.9,1.99,727.23
1998-01-17,17.97,104.91,9.24,4.73,837.4
1998-01-18,15.56,88.66,8.97,5.11,871.31
1998-01-19,15.72,95.43,8.39,4.37,834.67
1998-01-20,13.9,114.84,7.74,1.66,721.64
1998-01-21,25.72,90.86,6.09,1.71,687.16
1998-01-22,40.85,125.44,6.23,0.77,678.32
1998-01-23,46.61,101.98,8.77,4.87,828.51
1998-01-24,34.72,83.61,8.6,5.4,881.45
1998-01-25,19.63,112.94,8.92,4.5,855.88
1998-01-26,10.02,112.13,8.95,4.62,843.79
1998-01-27,5.0,126.54,8.4,2.27,764.67
1998-01-28,5.19,105.32,9.13,5.04,854.96
1998-01-29,8.29,89.15,9.51,6.22,921.96
1998-01-30,4.27,147.55,10.51,3.71,833.03
1998-01-31,3.18,173.23,13.47,0.4,717.63
1998-02-01,5.93,154.59,12.63,3.35,782.01
1998-02-02,3.9,154.2,10.24,2.41,759.83
1998-02-03,4.19,162.14,9.86,1.82,740.31
1998-02-04,6.17,135.28,10.05,4.74,842.4
1998-02-05,4.09,155.47,11.2,4.26,857.62
1998-02-06,2.46,150.85,11.04,4.7,866.52
1998-02-07,7.82,173.81,11.89,3.19,817.04
1998-02-08,12.56,164.49,11.53,3.4,790.74
1998-02-09,9.66,184.62,9.97,-1.13,633.21
1998-02-10,17.18,171.15,8.0,0.79,662.26
1998-02-11,29.92,146.05,8.4,3.1,760.86
1998-02-12,31.54,148.09,9.76,4.28,829.1
1998-02-13,17.61,150.14,9.51,3.9,821.84
1998-02-14,8.58,130.95,9.03,3.5,791.19
1998-02-15,8.02,180.35,9.52,2.3,756.47
1998-02-16,5.69,181.32,10.34,3.35,788.74
1998-02-17,9.67,189.34,10.62,2.81,780.96
1998-02-18,13.02,143.95,10.21,3.42,787.77
1998-02-19,15.56,148.76,8.97,4.08,814.65
1998-02-20,27.49,153.85,8.73,3.38,786.99
1998-02-21,22.49,153.44,8.06,1.81,713.06
1998-02-22,8.69,171.52,6.34,0.39,641.71
1998-02-23,3.11,226.69,8.31,-2.42,551.28
1998-02-24,5.12,237.04,8.39,-3.51,512.98
1998-02-25,3.83,221.8,7.97,-1.13,570.85
1998-02-26,4.86,225.04,7.36,-1.74,561.17
1998-02-27,13.2,236.97,7.93,-2.35,555.69
1998-02-28,20.89,176.1,7.63,1.58,682.82
1998-03-01,13.06,139.32,8.14,4.15,790.29
1998-03-02,6.31,196.03,7.85,1.44,704.56
1998-03-03,2.75,208.41,7.35,-0.57,609.4
1998-03-04,1.62,244.37,7.43,-1.89,560.39
1998-03-05,4.33,259.82,9.43,-2.24,548.97
1998-03-06,8.35,266.57,9.5,-2.97,527.77
1998-03-07,13.67,266.8,9.47,-2.95,540.19
1998-03-08,26.8,223.91,9.05,1.51,683.51
1998-03-09,21.57,161.12,8.51,3.59,779.27
1998-03-10,14.07,118.65,7.73,3.95,815.41
1998-03-11,5.27,189.97,11.81,6.2,939.18
1998-03-12,3.33,215.3,13.15,6.51,989.59
1998-03-13,2.35,224.79,14.21,6.99,1015.22
1998-03-14,1.3,237.89,13.78,5.46,947.86
1998-03-15,0.98,229.81,13.01,5.95,934.31
1998-03-16,0.41,299.12,12.49,2.05,766.38
1998-03-17,0.06,390.72,12.72,-1.65,630.05
1998-03-18,0.0,389.03,14.74,2.15,734.53
1998-03-19,0.2,309.4,16.2,0.61,721.06
1998-03-20,8.38,304.23,17.9,0.98,748.57
1998-03-21,20.2,280.68,17.26,4.69,891.45
1998-03-22,19.41,186.64,14.89,7.49,1013.61
1998-03-23,17.42,224.7,12.95,6.11,972.65
1998-03-24,14.79,212.06,12.6,5.75,925.61
1998-03-25,8.56,261.09,11.72,3.32,821.09
1998-03-26,5.56,262.97,11.27,2.59,752.37
1998-03-27,3.71,273.93,9.89,-1.11,606.01
1998-03-28,1.18,323.88,9.5,-2.31,551.46
1998-03-29,4.08,331.19,12.52,-2.58,567.06
1998-03-30,7.39,289.82,11.97,1.78,705.73
1998-03-31,3.7,220.13,10.52,3.09,755.96
1998-04-01,0.85,325.78,11.37,0.91,692.57
1998-04-02,0.49,321.55,11.26,-0.34,657.41
1998-04-03,0.99,292.96,11.03,2.72,756.44
1998-04-04,1.08,285.11,11.98,3.44,790.91
1998-04-05,0.92,308.29,11.56,0.86,694.83
1998-04-06,2.99,330.37,11.52,-0.26,647.2
1998-04-07,2.14,328.07,11.52,0.3,649.12
1998-04-08,1.62,343.42,11.14,-1.97,585.91
1998-04-09,8.03,322.97,10.55,-0.32,638.21
1998-04-10,12.75,247.53,9.87,3.25,755.22
1998-04-11,8.89,268.93,9.52,1.85,721.5
1998-04-12,6.62,301.61,9.78,0.66,679.35
1998-04-13,3.37,316.87,11.38,1.54,701.7
1998-04-14,0.69,361.36,13.2,-0.17,655.58
1998-04-15,1.88,363.13,13.9,-1.02,630.99
1998-04-16,1.05,356.64,13.18,0.87,681.81
1998-04-17,1.63,356.12,14.66,1.07,726.63
1998-04-18,2.55,325.66,14.7,4.47,826.36
1998-04-19,0.88,467.46,13.9,-0.76,658.72
1998-04-20,0.29,389.01,18.07,-0.16,704.89
1998-04-21,0.71,338.39,17.98,6.35,950.23
1998-04-22,1.06,360.17,18.95,4.25,914.0
1998-04-23,2.11,335.15,18.73,5.61,919.48
1998-04-24,1.36,332.95,16.16,2.07,758.22
1998-04-25,0.98,352.17,12.58,0.51,684.0
1998-04-26,0.37,479.98,16.81,1.58,731.6
1998-04-27,0.0,506.38,21.14,2.83,811.04
1998-04-28,0.0,507.51,23.03,3.58,874.18
1998-04-29,0.0,507.46,25.42,5.15,978.69
1998-04-30,1.96,392.2,28.8,6.84,1128.08
1998-05-01,2.84,369.08,28.6,9.63,1284.65
1998-05-02,1.83,316.34,27.96,9.42,1214.69
1998-05-03,0.53,262.77,18.69,8.84,1149.21
1998-05-04,0.04,340.26,16.68,8.94,1131.58
1998-05-05,0.0,405.38,17.65,7.92,1093.91
1998-05-06,0.03,304.6,17.56,9.23,1140.51
1998-05-07,0.02,339.75,16.08,8.48,1098.15
1998-05-08,0.02,352.95,15.61,7.71,1031.19
1998-05-09,0.01,407.08,14.96,5.09,927.1
1998-05-10,0.12,252.67,13.91,8.36,1047.48
1998-05-11,0.06,272.07,13.09,7.11,979.25
1998-05-12,1.87,335.16,15.12,4.18,892.03
1998-05-13,7.11,249.29,14.69,8.14,1027.45
1998-05-14,11.93,241.58,13.75,6.05,932.98
1998-05-15,7.56,265.17,11.77,4.58,834.89
1998-05-16,1.98,389.61,16.37,1.52,757.71
1998-05-17,1.12,318.53,15.69,5.75,900.27
1998-05-18,0.46,412.59,15.39,6.33,919.49
1998-05-19,0.01,493.33,19.11,3.3,840.86
1998-05-20,0.5,386.14,18.43,6.27,975.09
1998-05-21,1.16,297.86,17.76,9.06,1100.9
1998-05-22,4.95,279.3,16.13,7.24,1031.18
1998-05-23,8.93,235.09,14.71,9.25,1111.18
1998-05-24,8.86,234.63,14.61,8.81,1069.2
1998-05-25,6.95,304.01,13.86,4.7,853.71
1998-05-26,5.59,354.87,12.56,2.18,758.02
1998-05-27,4.12,263.85,12.04,6.33,889.02
1998-05-28,1.18,500.96,20.57,3.59,837.95
1998-05-29,0.03,488.68,20.9,5.75,931.69
1998-05-30,0.03,389.55,20.13,8.79,1036.91
1998-05-31,0.01,512.6,21.47,6.23,957.13
1998-06-01,0.0,521.58,20.98,7.22,967.71
1998-06-02,0.0,531.85,20.81,6.24,971.67
1998-06-03,0.14,378.27,20.16,10.12,1178.28
1998-06-04,0.1,276.0,19.37,10.7,1202.77
1998-06-05,0.01,372.63,16.66,9.83,1119.19
1998-06-06,0.34,402.39,22.92,6.72,1028.02
1998-06-07,0.29,387.89,22.58,9.19,1108.99
1998-06-08,3.06,350.49,21.74,9.41,1125.16
1998-06-09,5.75,223.36,18.55,10.5,1184.07
1998-06-10,4.09,194.39,14.81,10.37,1179.14
1998-06-11,1.01,368.21,18.56,10.14,1136.06
1998-06-12,0.01,474.34,20.52,9.98,1127.31
1998-06-13,0.49,354.98,20.35,10.8,1210.5
1998-06-14,1.09,294.32,19.58,10.7,1195.92
1998-06-15,0.73,315.9,17.31,9.27,1074.95
1998-06-16,0.15,503.47,18.9,5.17,878.4
1998-06-17,0.08,413.61,18.69,8.33,989.83
1998-06-18,0.41,345.15,17.54,7.57,983.77
1998-06-19,0.2,369.31,16.02,8.15,981.88
1998-06-20,0.09,437.01,21.64,7.56,976.44
1998-06-21,0.04,524.72,24.86,8.68,995.84
1998-06-22,2.24,416.51,24.53,7.85,1019.72
1998-06-23,5.45,247.36,21.78,11.63,1184.62
1998-06-24,7.25,298.17,16.57,8.45,1023.93
1998-06-25,5.62,300.57,16.19,8.4,979.51
1998-06-26,1.74,366.75,16.63,6.64,885.35
1998-06-27,0.1,490.78,17.98,6.37,832.83
1998-06-28,0.0,541.66,23.88,6.52,882.52
1998-06-29,0.0,515.02,24.18,11.24,1092.66
1998-06-30,3.7,387.09,23.84,10.82,1148.87
1998-07-01,1.98,344.62,21.76,10.75,1138.66
1998-07-02,1.37,315.16,19.79,9.79,1077.05
1998-07-03,2.53,294.1,16.87,9.11,1066.72
1998-07-04,1.46,177.26,16.07,11.04,1168.18
1998-07-05,0.27,339.64,16.77,9.7,1076.26
1998-07-06,0.0,468.89,22.41,11.87,1138.37
1998-07-07,0.0,498.54,22.99,11.54,1124.74
1998-07-08,0.0,501.43,22.74,10.66,1059.34
1998-07-09,0.0,522.97,22.96,9.04,974.7
1998-07-10,0.45,407.11,22.3,9.3,1034.46
1998-07-11,1.43,319.83,21.57,11.49,1144.07
1998-07-12,1.73,263.0,18.87,10.23,1088.12
1998-07-13,6.73,350.93,20.81,9.78,1065.46
1998-07-14,13.28,324.36,20.75,12.42,1227.47
1998-07-15,7.23,247.42,20.22,12.65,1275.21
1998-07-16,1.07,472.52,25.92,11.95,1159.12
1998-07-17,0.01,475.44,25.13,10.11,1079.08
1998-07-18,0.09,409.52,24.09,11.18,1122.64
1998-07-19,0.04,448.56,21.84,12.02,1124.29
1998-07-20,0.0,518.96,25.38,9.38,1010.54
1998-07-21,0.0,531.0,28.51,9.9,1050.89
1998-07-22,0.0,520.46,28.67,12.18,1145.43
1998-07-23,0.0,511.19,27.45,10.51,1074.23
1998-07-24,0.0,476.56,23.76,12.05,1143.66
1998-07-25,0.0,495.6,26.68,12.75,1203.1
1998-07-26,0.0,515.27,31.98,12.66,1251.19
1998-07-27,0.0,513.51,34.04,13.75,1323.53
1998-07-28,0.0,514.5,33.17,13.1,1304.72
1998-07-29,0.13,426.19,31.57,13.7,1344.12
1998-07-30,0.23,347.2,29.66,11.19,1194.76
1998-07-31,0.08,374.25,21.76,11.71,1148.4
1998-08-01,0.0,424.08,21.7,11.78,1114.7
1998-08-02,0.0,505.08,26.76,8.97,990.2
1998-08-03,0.0,515.96,28.19,9.53,1002.2
1998-08-04,0.0,512.48,27.56,9.42,1017.74
1998-08-05,0.0,490.15,26.66,11.47,1112.64
1998-08-06,0.0,445.68,25.5,11.59,1116.95
1998-08-07,0.0,449.63,22.21,9.64,1009.01
1998-08-08,0.0,495.4,24.31,7.91,919.23
1998-08-09,0.0,496.2,24.05,8.15,945.55
1998-08-10,0.0,445.25,23.9,12.11,1158.59
1998-08-11,0.0,436.28,25.94,13.76,1268.69
1998-08-12,0.0,480.86,28.18,11.31,1148.72
1998-08-13,0.0,485.0,30.24,12.86,1186.37
1998-08-14,0.03,432.97,29.94,12.2,1177.25
1998-08-15,0.05,360.09,28.07,12.3,1177.32
1998-08-16,0.52,304.13,22.73,10.37,1077.74
1998-08-17,0.49,350.79,19.83,7.78,915.0
1998-08-18,0.12,423.18,19.55,7.63,856.11
1998-08-19,0.0,473.07,23.62,7.65,857.27
1998-08-20,0.0,476.6,24.92,8.46,898.83
1998-08-21,0.0,436.8,24.66,9.64,935.41
1998-08-22,0.0,434.41,21.84,8.14,865.06
1998-08-23,0.0,391.47,20.25,9.6,888.35
1998-08-24,0.0,453.43,21.87,7.27,784.92
1998-08-25,0.0,452.5,22.86,8.87,830.2
1998-08-26,0.0,407.17,22.48,11.52,930.06
1998-08-27,0.0,468.52,24.87,6.96,767.62
1998-08-28,0.0,478.72,28.41,8.51,809.86
1998-08-29,0.0,462.43,27.64,10.64,895.36
1998-08-30,0.0,459.99,26.95,9.54,874.25
1998-08-31,0.0,464.97,30.08,10.31,907.66
1998-09-01,0.0,463.88,29.6,9.43,894.97
1998-09-02,0.0,433.0,28.51,11.86,985.4
1998-09-03,0.0,442.52,28.09,11.04,950.9
1998-09-04,0.0,453.0,27.14,7.9,814.3
1998-09-05,0.0,449.57,25.21,7.4,767.16
1998-09-06,0.0,451.56,25.99,6.77,757.54
1998-09-07,0.0,438.15,25.78,9.0,822.69
1998-09-08,0.0,386.95,24.86,9.39,818.44
1998-09-09,0.0,426.15,21.23,5.34,660.4
1998-09-10,0.0,429.36,21.67,5.75,661.78
1998-09-11,0.0,418.4,24.24,8.63,768.08
1998-09-12,0.0,413.23,23.78,8.59,781.89
1998-09-13,0.0,410.32,23.32,7.94,756.32
1998-09-14,0.0,406.16,22.75,7.66,735.19
1998-09-15,0.0,424.82,24.87,5.89,692.59
1998-09-16,1.84,318.97,24.73,6.98,790.33
1998-09-17,5.37,274.32,23.92,8.75,905.59
1998-09-18,4.49,220.74,20.79,10.01,998.8
1998-09-19,1.26,268.84,18.34,8.08,898.68
1998-09-20,0.06,331.69,18.36,7.38,811.27
1998-09-21,0.0,385.14,22.13,6.01,734.06
1998-09-22,0.0,389.38,23.09,6.5,730.13
1998-09-23,0.15,299.44,23.78,6.52,788.18
1998-09-24,0.98,212.45,23.11,9.88,937.75
1998-09-25,1.71,193.66,18.21,8.26,894.29
1998-09-26,0.85,269.16,19.68,4.56,714.07
1998-09-27,0.11,373.59,22.5,4.59,641.79
1998-09-28,0.0,371.47,22.26,5.8,674.68
1998-09-29,0.0,352.8,21.89,6.99,700.0
1998-09-30,5.88,278.91,22.02,5.25,727.82
1998-10-01,9.44,193.84,21.37,8.55,902.66
1998-10-02,9.12,193.36,16.36,7.04,879.69
1998-10-03,6.04,168.39,15.07,6.11,842.53
1998-10-04,2.07,226.87,15.66,5.12,799.95
1998-10-05,0.26,257.21,16.49,7.05,841.63
1998-10-06,1.22,252.02,20.84,5.2,826.17
1998-10-07,8.36,240.14,20.71,6.81,895.19
1998-10-08,14.2,171.52,20.04,8.05,971.71
1998-10-09,12.53,170.11,14.94,6.45,917.82
1998-10-10,12.06,177.23,13.53,5.29,853.49
1998-10-11,16.79,179.38,13.02,4.44,837.47
1998-10-12,23.2,107.34,12.54,8.26,1013.19
1998-10-13,18.6,134.33,14.66,8.87,1073.24
1998-10-14,7.78,158.52,14.24,6.19,937.0
1998-10-15,2.78,197.56,12.87,3.03,783.48
1998-10-16,4.93,191.39,12.47,3.36,780.41
1998-10-17,5.48,168.52,13.09,5.6,858.3
1998-10-18,1.68,272.55,13.28,2.0,728.42
1998-10-19,0.0,295.59,14.33,-0.02,640.64
1998-10-20,0.0,298.08,18.04,0.7,665.85
1998-10-21,0.0,295.23,19.3,0.97,691.81
1998-10-22,0.0,287.88,18.59,1.59,721.92
1998-10-23,0.45,199.89,17.35,4.34,832.23
1998-10-24,1.04,159.82,15.89,4.76,866.99
1998-10-25,1.92,131.25,13.56,6.97,968.94
1998-10-26,2.06,138.55,15.03,8.12,1038.79
1998-10-27,2.34,170.03,14.58,4.48,883.63
1998-10-28,1.26,159.63,13.62,2.6,749.02
1998-10-29,2.47,185.54,10.83,-0.97,614.52
1998-10-30,4.49,175.8,10.15,-0.77,607.18
1998-10-31,6.61,113.71,9.52,4.04,777.7
1998-11-01,9.26,82.45,10.15,6.42,919.09
1998-11-02,8.97,103.65,11.45,6.49,942.35
1998-11-03,11.83,132.89,11.15,3.63,839.28
1998-11-04,13.73,90.74,11.03,6.8,935.06
1998-11-05,8.22,115.38,10.97,5.17,890.54
1998-11-06,2.53,123.76,10.24,3.3,785.85
1998-11-07,1.26,153.55,9.44,0.12,656.26
1998-11-08,2.1,156.86,8.7,-1.0,599.52
1998-11-09,4.06,137.25,8.33,0.57,644.13
1998-11-10,3.88,135.14,9.9,2.19,727.96
1998-11-11,20.68,79.27,9.96,5.42,865.3
1998-11-12,59.8,68.57,10.0,6.55,944.27
1998-11-13,71.9,90.14,10.9,6.03,952.73
1998-11-14,49.77,59.98,11.15,8.16,1035.05
1998-11-15,23.81,118.32,12.43,5.5,946.31
1998-11-16,6.85,112.49,11.8,4.44,852.09
1998-11-17,2.18,140.5,9.89,-0.41,671.42
1998-11-18,16.9,121.96,9.07,1.88,702.56
1998-11-19,43.19,103.45,8.48,1.86,718.56
1998-11-20,43.85,125.8,11.18,3.36,794.2
1998-11-21,35.19,106.67,10.94,4.98,862.61
1998-11-22,28.22,68.65,10.17,3.1,780.85
1998-11-23,34.22,107.59,8.38,2.49,752.73
1998-11-24,53.84,90.68,8.59,3.88,803.13
1998-11-25,47.43,88.16,9.04,4.43,839.81
1998-11-26,19.67,79.56,8.9,4.67,843.19
1998-11-27,8.88,98.37,8.27,2.44,752.53
1998-11-28,15.26,115.52,7.36,0.16,658.25
1998-11-29,17.95,82.33,6.7,1.27,664.31
1998-11-30,35.84,84.4,5.22,0.85,656.06
1998-12-01,55.2,76.83,4.98,0.88,653.26
1998-12-02,29.63,91.21,6.07,1.16,662.2
1998-12-03,6.41,98.61,5.62,-0.72,598.35
1998-12-04,5.54,103.39,4.26,-2.23,537.22
1998-12-05,12.24,62.49,3.49,-0.75,559.28
1998-12-06,24.97,101.39,4.7,-1.31,567.07
1998-12-07,24.49,70.51,4.55,0.03,597.66
1998-12-08,9.41,94.23,4.38,-0.92,588.18
1998-12-09,8.91,68.21,4.62,0.98,642.64
1998-12-10,21.79,78.7,6.82,2.62,727.35
1998-12-11,61.48,73.66,7.67,3.78,799.62
1998-12-12,65.92,89.55,11.25,5.97,911.43
1998-12-13,29.47,107.76,11.23,3.57,836.56
1998-12-14,11.9,113.48,10.69,-0.33,672.88
1998-12-15,8.11,53.2,7.99,2.87,724.22
1998-12-16,3.2,84.38,8.98,4.05,805.09
1998-12-17,0.82,93.24,8.76,2.61,751.77
1998-12-18,0.8,117.96,7.71,-3.83,522.21
1998-12-19,0.74,124.76,4.4,-5.67,403.12
1998-12-20,1.68,143.87,0.64,-9.18,306.49
1998-12-21,1.16,138.79,-3.85,-10.39,259.7
1998-12-22,0.22,203.24,-3.46,-12.01,235.31
1998-12-23,12.41,167.51,-3.11,-11.21,251.97
1998-12-24,30.35,151.33,0.3,-5.29,381.27
1998-12-25,42.62,145.31,5.3,-0.32,565.39
1998-12-26,57.37,157.46,7.01,0.02,631.28
1998-12-27,74.64,159.2,8.88,1.45,702.5
1998-12-28,57.88,120.09,9.76,5.36,863.74
1998-12-29,41.81,108.45,10.15,5.56,908.71
1998-12-30,16.96,105.01,9.91,3.95,840.26
1998-12-31,2.5,105.89,8.93,3.53,792.81
1999-01-01,0.29,159.5,8.21,-0.28,649.25
1999-01-02,0.0,165.89,6.37,-1.77,558.47
1999-01-03,0.0,175.89,5.17,-3.58,498.32
1999-01-04,0.28,126.03,5.49,-1.26,553.95
1999-01-05,2.03,132.38,6.74,-0.99,595.64
1999-01-06,3.85,77.73,6.62,3.01,724.23
1999-01-07,2.28,96.84,7.87,3.28,774.85
1999-01-08,6.44,93.13,7.53,2.82,757.07
1999-01-09,11.62,83.05,6.83,2.21,729.94
1999-01-10,9.25,103.19,8.79,3.71,779.78
1999-01-11,6.63,133.05,8.59,0.38,690.8
1999-01-12,21.6,104.96,8.1,2.83,740.11
1999-01-13,41.94,98.16,7.42,2.58,755.88
1999-01-14,39.29,100.53,9.64,5.03,841.42
1999-01-15,25.33,126.39,8.94,1.13,720.29
1999-01-16,35.34,106.58,7.25,1.89,703.17
1999-01-17,40.41,92.58,6.28,1.65,699.09
1999-01-18,28.89,110.39,7.83,2.47,742.27
1999-01-19,23.31,60.5,7.58,4.73,824.43
1999-01-20,22.1,67.86,7.16,4.3,824.12
1999-01-21,18.94,80.89,7.04,3.66,789.69
1999-01-22,9.84,75.91,6.55,2.02,714.59
1999-01-23,2.55,115.4,5.65,1.05,663.9
1999-01-24,0.29,178.7,5.48,-1.45,581.51
1999-01-25,0.3,133.62,5.07,-0.96,578.62
1999-01-26,15.29,135.41,5.76,-0.31,601.68
1999-01-27,39.57,137.86,5.29,-1.17,581.05
1999-01-28,55.56,156.01,7.52,-0.51,621.78
1999-01-29,34.75,96.52,7.93,4.24,770.9
1999-01-30,11.81,143.73,7.2,-0.55,639.86
1999-01-31,26.8,138.05,5.3,-0.59,597.88
1999-02-01,40.97,137.71,5.41,0.03,626.57
1999-02-02,41.65,139.72,7.98,2.33,712.83
1999-02-03,25.61,147.84,7.46,0.99,681.3
1999-02-04,27.38,153.87,6.73,0.19,640.58
1999-02-05,37.96,154.9,6.29,-0.18,619.59
1999-02-06,42.17,152.87,5.83,-0.31,612.45
1999-02-07,40.87,150.98,5.75,0.14,620.08
1999-02-08,25.15,132.12,5.44,-1.11,570.18
1999-02-09,11.52,139.06,3.12,-2.44,517.91
1999-02-10,5.79,154.29,3.61,-1.83,533.89
1999-02-11,3.66,155.25,4.5,-0.88,575.65
1999-02-12,5.56,153.56,5.65,0.31,629.43
1999-02-13,4.61,154.12,6.78,1.61,673.13
1999-02-14,6.22,202.28,7.04,-2.6,556.69
1999-02-15,12.34,199.5,6.64,-2.25,545.71
1999-02-16,25.91,118.39,5.85,1.89,668.23
1999-02-17,22.06,151.44,6.29,1.45,681.09
1999-02-18,11.38,191.99,6.26,-0.92,607.98
1999-02-19,7.53,162.08,6.02,0.04,612.12
1999-02-20,18.45,220.22,9.31,-1.67,595.55
1999-02-21,35.78,199.48,9.71,2.26,715.45
1999-02-22,60.47,179.54,9.39,2.12,725.84
1999-02-23,59.19,192.36,7.74,0.44,674.56
1999-02-24,49.5,183.91,9.29,3.28,765.97
1999-02-25,35.57,164.67,8.98,2.85,746.01
1999-02-26,29.34,220.05,7.28,-1.62,602.49
1999-02-27,32.24,224.22,8.84,0.61,666.32
1999-02-28,21.85,175.19,8.98,3.81,779.8
1999-03-01,18.19,205.96,8.58,1.3,698.72
1999-03-02,23.64,222.95,7.44,-1.29,600.69
1999-03-03,17.27,191.31,6.78,1.19,652.97
1999-03-04,7.07,222.34,6.41,-1.08,591.57
1999-03-05,1.5,251.12,6.13,-2.24,538.54
1999-03-06,1.37,268.62,8.73,-3.65,501.38
1999-03-07,3.13,266.48,8.17,-3.48,511.56
1999-03-08,4.29,236.05,8.03,0.51,624.86
1999-03-09,10.33,242.07,7.56,-1.47,587.97
1999-03-10,7.46,237.38,7.77,0.19,623.42
1999-03-11,17.62,276.46,10.13,-2.33,580.22
1999-03-12,33.59,224.69,9.72,1.64,694.8
1999-03-13,25.97,180.98,8.8,3.78,792.86
1999-03-14,10.14,229.55,10.25,3.22,778.57
1999-03-15,5.25,257.16,9.72,-0.76,633.38
1999-03-16,3.71,266.31,8.36,-0.41,619.89
1999-03-17,1.63,270.25,9.1,0.08,646.11
1999-03-18,0.37,308.09,11.46,0.79,683.25
1999-03-19,0.52,304.93,16.32,-0.14,691.42
1999-03-20,1.69,303.22,18.03,1.65,777.69
1999-03-21,3.53,256.37,17.43,5.66,919.99
1999-03-22,4.7,237.13,13.28,4.91,888.61
1999-03-23,10.4,285.13,12.14,1.41,756.22
1999-03-24,11.35,252.85,11.6,3.68,794.62
1999-03-25,11.2,265.2,10.58,0.95,701.75
1999-03-26,18.14,244.95,8.66,0.79,660.29
1999-03-27,18.43,268.18,7.14,-1.06,595.68
1999-03-28,18.35,239.17,6.53,-1.12,579.53
1999-03-29,22.88,220.61,5.9,0.3,618.38
1999-03-30,9.47,266.57,6.61,-1.09,581.25
1999-03-31,0.62,393.65,10.41,-3.45,521.42
1999-04-01,0.72,347.85,13.6,-3.19,536.74
1999-04-02,1.6,339.97,12.76,-2.63,558.27
1999-04-03,1.77,312.21,11.88,-1.12,584.08
1999-04-04,2.8,319.85,8.66,-2.43,556.73
1999-04-05,1.29,304.23,9.06,-0.27,609.47
1999-04-06,2.81,343.2,12.37,-2.68,586.78
1999-04-07,5.73,275.76,11.86,3.27,743.22
1999-04-08,9.73,300.45,10.21,-1.1,614.05
1999-04-09,11.58,306.62,7.85,-1.56,579.55
1999-04-10,7.49,296.78,8.6,0.15,634.76
1999-04-11,2.25,353.91,17.23,-1.24,664.21
1999-04-12,1.67,331.97,16.88,4.38,833.23
1999-04-13,0.72,452.67,15.23,-1.02,649.36
1999-04-14,0.0,486.66,16.25,-2.3,607.86
1999-04-15,0.0,488.75,21.49,0.83,754.28
1999-04-16,0.0,483.11,25.73,3.74,923.13
1999-04-17,0.2,371.9,24.61,5.37,1000.91
1999-04-18,4.3,306.56,22.64,5.49,940.12
1999-04-19,7.14,322.81,14.58,2.12,783.06
1999-04-20,5.54,275.86,12.75,2.78,768.36
1999-04-21,2.36,241.7,10.27,2.95,755.32
1999-04-22,0.54,383.51,15.23,-1.17,658.81
1999-04-23,0.19,378.19,20.01,1.47,763.17
1999-04-24,1.6,427.16,21.91,2.84,863.38
1999-04-25,4.18,354.85,21.65,6.42,965.52
1999-04-26,4.35,348.8,19.16,-1.51,662.82
1999-04-27,3.92,264.05,10.61,2.12,699.62
1999-04-28,1.38,372.76,13.5,-1.25,632.52
1999-04-29,1.19,385.26,17.91,-0.44,664.35
1999-04-30,4.19,381.02,17.61,-0.1,692.86
1999-05-01,9.41,313.38,16.97,3.01,786.61
1999-05-02,9.62,209.28,12.34,4.34,826.65
1999-05-03,6.57,231.2,9.68,3.22,779.33
1999-05-04,2.82,282.36,9.56,1.11,704.96
1999-05-05,3.83,345.51,14.09,1.95,757.64
1999-05-06,9.43,334.27,15.43,4.66,845.89
1999-05-07,8.83,289.88,14.67,0.46,669.78
1999-05-08,4.33,321.22,8.89,-1.05,597.27
1999-05-09,1.2,347.11,10.29,-0.9,599.09
1999-05-10,2.48,380.11,13.26,-1.63,605.67
1999-05-11,6.82,361.87,13.29,1.3,710.93
1999-05-12,4.3,289.92,12.67,3.58,773.62
1999-05-13,2.74,341.28,10.8,-0.21,678.69
1999-05-14,1.21,294.97,11.93,4.11,796.32
1999-05-15,1.71,358.45,13.19,0.94,730.48
1999-05-16,9.18,322.97,12.98,4.26,843.49
1999-05-17,12.98,253.73,12.53,5.73,927.22
1999-05-18,4.94,195.65,11.83,7.31,967.52
1999-05-19,0.27,437.2,12.8,2.24,775.81
1999-05-20,0.0,475.54,13.57,2.85,785.29
1999-05-21,0.0,477.11,15.66,4.78,873.76
1999-05-22,0.0,526.04,21.61,3.9,917.0
1999-05-23,0.0,529.09,27.57,7.48,1113.26
1999-05-24,0.0,530.36,28.01,7.03,1098.36
1999-05-25,0.0,511.06,26.59,6.16,965.97
1999-05-26,0.0,536.71,19.63,2.13,813.02
1999-05-27,0.0,516.99,20.07,6.01,939.81
1999-05-28,0.0,463.69,19.2,6.3,930.46
1999-05-29,0.0,519.55,17.89,3.06,827.21
1999-05-30,0.24,401.93,19.09,5.94,967.31
1999-05-31,1.61,356.48,19.58,8.62,1091.17
1999-06-01,2.15,281.83,18.76,6.76,956.58
1999-06-02,0.7,487.19,15.55,1.92,759.95
1999-06-03,2.94,382.67,15.91,4.98,879.01
1999-06-04,6.78,276.38,15.45,7.76,1025.02
1999-06-05,9.21,212.95,14.17,8.68,1050.2
1999-06-06,6.45,292.45,13.17,4.05,852.94
1999-06-07,3.58,269.08,12.1,5.6,870.4
1999-06-08,2.75,311.14,12.35,3.91,830.88
1999-06-09,1.56,331.57,14.22,6.48,902.69
1999-06-10,0.34,497.81,16.57,3.15,820.26
1999-06-11,0.13,417.91,23.39,7.09,1048.06
1999-06-12,0.27,395.15,26.05,11.03,1298.49
1999-06-13,0.14,411.97,25.77,11.82,1351.32
1999-06-14,0.08,390.52,26.42,10.9,1325.23
1999-06-15,0.08,366.16,26.13,11.52,1278.83
1999-06-16,0.12,360.81,21.97,7.29,1064.41
1999-06-17,0.2,348.08,19.32,9.63,1144.43
1999-06-18,0.25,321.16,19.16,9.66,1136.26
1999-06-19,1.96,345.45,18.47,6.46,990.84
1999-06-20,3.5,300.01,16.94,8.6,1083.27
1999-06-21,2.16,201.68,16.42,10.51,1190.88
1999-06-22,6.8,245.46,15.71,9.41,1153.74
1999-06-23,9.49,242.35,16.44,10.77,1208.78
1999-06-24,5.48,269.56,16.4,9.61,1132.75
1999-06-25,1.7,314.72,16.19,7.33,997.31
1999-06-26,0.68,324.59,15.7,7.36,969.38
1999-06-27,1.28,359.15,16.95,6.77,940.86
1999-06-28,1.19,349.33,16.75,6.8,960.92
1999-06-29,0.55,299.43,17.22,10.4,1152.19
1999-06-30,0.43,275.74,17.62,11.19,1198.01
1999-07-01,2.16,312.93,17.3,7.75,995.37
1999-07-02,4.78,356.87,15.29,5.33,882.92
1999-07-03,3.52,308.22,15.24,8.46,997.67
1999-07-04,0.83,424.77,16.69,7.59,950.72
1999-07-05,0.29,412.63,22.63,5.98,962.97
1999-07-06,0.66,393.59,24.27,10.03,1145.42
1999-07-07,1.48,318.68,23.97,9.42,1079.41
1999-07-08,0.61,501.43,21.15,6.36,926.36
1999-07-09,0.0,536.38,27.5,8.71,1037.02
1999-07-10,0.0,531.7,26.8,9.84,1080.63
1999-07-11,0.0,535.54,25.2,7.94,994.52
1999-07-12,0.0,527.22,23.66,8.52,991.81
1999-07-13,0.0,515.4,22.28,8.08,970.84
1999-07-14,0.0,460.85,20.73,8.51,1004.78
1999-07-15,2.34,315.65,17.97,10.56,1129.12
1999-07-16,5.38,303.16,17.36,8.12,1034.64
1999-07-17,2.83,261.02,15.76,9.35,1075.94
1999-07-18,0.36,468.96,21.56,9.28,1049.97
1999-07-19,0.13,412.68,25.82,8.18,1053.39
1999-07-20,0.08,485.76,24.98,8.79,1062.26
1999-07-21,0.16,328.32,23.93,11.31,1209.76
1999-07-22,0.36,330.09,21.16,11.3,1214.56
1999-07-23,0.45,353.76,20.58,9.2,1129.53
1999-07-24,0.42,281.96,19.74,12.03,1223.86
1999-07-25,0.13,453.2,18.95,7.62,963.67
1999-07-26,0.0,522.05,24.07,6.73,917.94
1999-07-27,0.0,517.61,24.87,8.9,1022.52
1999-07-28,0.13,393.3,23.95,9.61,1118.39
1999-07-29,0.06,403.28,22.85,11.18,1169.45
1999-07-30,0.0,409.46,20.97,11.98,1180.37
1999-07-31,0.0,479.67,21.52,8.37,1002.17
1999-08-01,0.0,453.33,20.88,10.17,1052.56
1999-08-02,0.36,386.42,24.82,9.1,1064.49
1999-08-03,0.18,486.34,25.15,9.5,1062.68
1999-08-04,1.12,353.92,24.3,11.9,1229.2
1999-08-05,2.57,326.65,23.0,12.34,1268.25
1999-08-06,3.02,282.39,22.32,12.23,1270.07
1999-08-07,1.63,267.17,20.3,12.48,1278.83
1999-08-08,0.55,330.37,22.13,12.04,1218.92
1999-08-09,0.12,464.7,24.22,10.43,1083.04
1999-08-10,0.07,373.79,24.23,10.63,1130.81
1999-08-11,0.71,317.0,23.73,12.32,1253.47
1999-08-12,2.41,186.24,21.8,13.74,1380.54
1999-08-13,2.45,212.58,17.9,11.81,1241.16
1999-08-14,4.55,273.8,17.82,9.9,1096.59
1999-08-15,9.94,266.81,17.77,10.15,1095.49
1999-08-16,4.24,286.72,20.1,11.29,1137.93
1999-08-17,0.12,435.62,24.52,10.33,1066.36
1999-08-18,0.04,395.81,24.88,12.01,1163.73
1999-08-19,0.39,313.12,24.37,11.31,1157.28
1999-08-20,0.72,321.58,20.8,10.13,1110.49
1999-08-21,0.38,299.52,21.42,12.35,1188.13
1999-08-22,0.06,463.46,23.98,7.94,956.22
1999-08-23,0.43,374.22,25.31,8.52,1014.56
1999-08-24,1.26,339.14,25.16,11.26,1152.72
1999-08-25,0.59,365.88,24.03,10.74,1101.42
1999-08-26,0.03,462.38,23.89,8.02,952.53
1999-08-27,0.0,464.51,25.35,9.83,1031.11
1999-08-28,0.0,430.25,24.72,12.43,1177.4
1999-08-29,1.2,288.17,23.58,11.48,1176.97
1999-08-30,1.96,303.01,19.25,7.7,969.07
1999-08-31,2.3,309.64,17.56,6.14,861.97
1999-09-01,0.85,367.44,18.88,5.85,821.31
1999-09-02,0.02,459.37,21.54,4.21,753.16
1999-09-03,0.14,358.26,23.03,5.51,835.09
1999-09-04,1.4,334.3,22.23,7.33,927.35
1999-09-05,2.83,275.56,21.47,10.26,1050.56
1999-09-06,1.16,309.78,18.55,7.94,920.15
1999-09-07,0.04,431.28,20.14,5.07,759.18
1999-09-08,0.0,452.18,25.51,4.96,765.0
1999-09-09,0.0,436.86,24.59,7.9,850.07
1999-09-10,0.0,430.7,22.84,4.51,737.33
1999-09-11,0.0,437.35,22.44,4.83,745.98
1999-09-12,0.0,438.7,27.39,6.31,827.26
1999-09-13,0.0,433.29,28.89,6.73,869.49
1999-09-14,0.0,419.76,27.87,7.77,918.54
1999-09-15,0.04,290.7,24.53,10.1,1053.92
1999-09-16,0.02,243.08,19.34,9.13,1023.42
1999-09-17,0.0,309.28,18.15,9.03,977.74
1999-09-18,0.0,389.8,22.5,6.89,877.91
1999-09-19,0.0,402.48,25.55,7.6,896.17
1999-09-20,0.0,397.16,25.66,8.34,932.02
1999-09-21,0.0,390.01,25.46,8.41,918.28
1999-09-22,0.4,301.78,24.65,7.12,897.67
1999-09-23,1.41,279.22,23.74,6.88,869.59
1999-09-24,3.24,224.74,20.4,6.36,848.1
1999-09-25,1.63,207.49,15.12,6.67,841.86
1999-09-26,0.16,334.58,15.01,3.02,664.31
1999-09-27,0.0,358.53,15.44,2.09,590.86
1999-09-28,0.0,386.11,19.47,0.35,552.03
1999-09-29,0.0,364.91,18.88,3.39,636.49
1999-09-30,0.0,322.1,18.04,4.14,671.26
1999-10-01,0.0,345.62,17.06,2.9,617.07
1999-10-02,0.0,361.59,18.05,1.28,555.47
1999-10-03,0.0,361.92,18.94,1.52,560.5
1999-10-04,1.96,271.24,18.67,1.58,620.98
1999-10-05,7.34,187.65,17.99,5.27,788.63
1999-10-06,22.79,127.6,14.37,9.05,1018.23
1999-10-07,34.22,102.07,14.17,9.59,1118.6
1999-10-08,15.88,80.65,13.63,9.7,1112.82
1999-10-09,1.93,187.67,12.73,3.62,827.37
1999-10-10,0.41,209.26,12.56,2.22,724.94
1999-10-11,2.31,173.34,12.13,3.79,776.42
1999-10-12,6.15,165.24,12.43,5.2,873.97
1999-10-13,3.13,132.48,14.83,9.3,1051.4
1999-10-14,0.29,274.69,14.24,2.8,772.26
1999-10-15,0.0,305.17,12.9,-0.86,587.86
1999-10-16,0.0,306.74,13.88,-0.88,571.5
1999-10-17,0.0,300.56,14.61,0.15,612.39
1999-10-18,0.0,298.62,16.72,1.17,660.37
1999-10-19,0.0,295.34,17.07,1.47,680.14
1999-10-20,0.0,290.14,17.06,1.25,678.52
1999-10-21,0.0,281.91,16.34,1.77,693.58
1999-10-22,3.77,210.74,15.69,1.83,720.62
1999-10-23,6.26,166.9,15.11,4.36,803.12
1999-10-24,7.19,156.61,12.67,3.47,788.63
1999-10-25,9.52,138.87,11.32,3.89,793.06
1999-10-26,15.06,152.21,11.27,3.41,778.12
1999-10-27,27.42,138.44,10.88,2.31,749.6
1999-10-28,27.14,107.6,11.3,6.28,894.35
1999-10-29,31.8,108.72,11.01,4.47,868.29
1999-10-30,21.75,87.63,11.2,7.18,956.04
1999-10-31,6.2,159.7,11.61,3.36,817.23
1999-11-01,0.62,243.69,11.62,-1.01,630.22
1999-11-02,2.81,175.83,11.04,-1.35,584.26
1999-11-03,6.96,167.54,9.69,-0.26,610.74
1999-11-04,13.2,176.77,10.18,-1.9,569.52
1999-11-05,25.41,170.48,9.41,-2.4,567.18
1999-11-06,21.34,134.01,12.85,5.28,846.28
1999-11-07,12.54,112.64,12.44,6.25,955.01
1999-11-08,23.32,93.22,11.87,6.79,981.55
1999-11-09,37.37,66.29,11.3,6.54,966.6
1999-11-10,43.66,52.0,9.79,6.92,980.51
1999-11-11,48.24,104.86,13.26,7.37,1026.53
1999-11-12,25.47,91.97,12.74,6.69,993.82
1999-11-13,6.97,66.3,11.26,5.94,944.07
1999-11-14,2.95,92.93,12.39,7.29,1013.14
1999-11-15,3.95,83.81,12.08,7.62,1039.31
1999-11-16,12.6,90.68,11.61,6.51,973.91
1999-11-17,8.72,121.0,10.66,2.87,802.75
1999-11-18,10.26,118.58,9.27,1.3,712.87
1999-11-19,29.76,92.02,8.37,3.67,775.65
1999-11-20,30.6,110.4,8.56,2.6,755.66
1999-11-21,20.64,109.39,7.95,1.44,700.5
1999-11-22,17.03,93.88,6.79,1.31,689.87
1999-11-23,29.61,67.91,7.31,4.09,793.18
1999-11-24,39.4,103.86,10.62,4.89,866.84
1999-11-25,28.21,92.49,10.37,4.54,841.74
1999-11-26,9.79,125.46,8.85,-0.19,667.82
1999-11-27,8.2,97.18,7.32,0.37,646.96
1999-11-28,6.81,109.87,9.93,3.09,753.93
1999-11-29,7.37,110.91,9.3,1.85,743.03
1999-11-30,25.3,82.35,9.28,4.77,836.24
1999-12-01,45.32,69.1,8.89,4.48,836.25
1999-12-02,22.52,107.03,8.84,2.25,744.12
1999-12-03,5.64,116.11,7.99,-1.64,593.08
1999-12-04,16.68,117.37,7.31,-0.78,601.92
1999-12-05,35.63,83.93,7.47,2.89,726.44
1999-12-06,20.76,85.07,7.93,3.08,758.98
1999-12-07,11.54,105.36,7.53,-0.07,652.75
1999-12-08,25.14,88.49,6.05,0.06,626.36
1999-12-09,22.02,77.95,6.32,2.16,699.96
1999-12-10,27.22,61.63,6.48,2.95,751.08
1999-12-11,40.16,76.02,8.97,4.81,833.9
1999-12-12,35.79,97.56,8.81,2.47,764.47
1999-12-13,47.11,89.05,8.21,-0.19,647.39
1999-12-14,78.08,97.06,8.51,2.51,733.17
1999-12-15,67.79,82.5,10.81,5.98,907.82
1999-12-16,32.81,76.17,11.07,6.68,965.69
1999-12-17,29.38,107.49,10.78,2.75,821.48
1999-12-18,13.96,82.48,10.21,4.21,817.82
1999-12-19,2.67,71.13,8.73,2.65,763.38
1999-12-20,0.7,73.91,7.32,3.53,778.18
1999-12-21,0.02,100.69,7.54,3.37,776.79
1999-12-22,0.0,117.72,7.29,1.17,692.23
1999-12-23,0.0,131.0,6.07,-0.58,613.48
1999-12-24,0.0,113.19,5.26,-0.37,598.62
1999-12-25,0.0,138.41,5.85,-0.8,589.5
1999-12-26,0.0,132.7,5.59,-1.81,549.48
1999-12-27,0.0,139.11,4.29,-2.7,513.61
1999-12-28,0.23,107.94,4.68,-2.7,514.84
1999-12-29,1.73,88.81,4.99,-0.4,589.08
1999-12-30,7.84,67.32,5.69,2.13,687.98
1999-12-31,12.21,92.76,7.18,1.79,704.02
2000-01-01,12.27,107.33,7.04,-0.01,642.23
2000-01-02,25.45,84.36,6.49,-0.83,588.02
2000-01-03,37.24,86.87,4.13,-0.59,591.95
2000-01-04,19.47,108.13,8.08,1.23,665.34
2000-01-05,6.04,110.64,7.74,-0.64,616.39
2000-01-06,9.85,103.24,5.9,-1.56,571.27
2000-01-07,28.34,76.87,5.68,1.88,675.16
2000-01-08,31.68,95.79,7.55,2.33,719.3
2000-01-09,18.0,104.3,6.94,-0.54,618.6
2000-01-10,10.86,50.79,4.65,-1.13,554.31
2000-01-11,12.38,41.55,0.96,-1.47,530.47
2000-01-12,21.79,51.36,0.63,-1.61,527.74
2000-01-13,22.09,58.61,1.67,-0.87,558.47
2000-01-14,15.61,95.35,4.56,0.07,604.22
2000-01-15,11.6,96.28,4.14,-0.83,586.44
2000-01-16,12.21,113.2,5.46,-0.12,603.56
2000-01-17,4.63,144.52,6.25,-2.04,553.42
2000-01-18,3.35,137.63,5.57,-3.14,502.63
2000-01-19,10.86,136.07,4.24,-3.71,484.52
2000-01-20,19.15,97.31,3.99,-0.06,591.48
2000-01-21,11.35,95.04,6.0,2.05,690.73
2000-01-22,3.11,105.53,6.08,1.53,685.07
2000-01-23,3.8,140.07,5.95,-1.13,593.7
2000-01-24,5.27,152.87,6.04,-2.89,534.05
2000-01-25,3.49,130.28,6.74,0.83,628.48
2000-01-26,0.95,151.45,6.12,-2.09,560.65
2000-01-27,0.1,171.49,5.34,-2.44,523.58
2000-01-28,0.02,212.19,5.04,-3.53,488.72
2000-01-29,2.27,171.45,7.31,-4.03,476.37
2000-01-30,26.51,171.63,6.49,-4.04,488.55
2000-01-31,38.72,145.02,7.46,0.99,643.23
2000-02-01,22.54,150.76,8.87,1.98,716.49
2000-02-02,5.99,155.28,8.23,1.11,696.18
2000-02-03,0.62,233.76,13.51,2.03,740.74
2000-02-04,1.16,180.55,12.43,0.43,691.46
2000-02-05,2.65,184.48,11.74,-0.13,671.88
2000-02-06,6.68,137.89,11.08,3.92,793.55
2000-02-07,13.26,133.34,9.35,3.68,814.8
2000-02-08,13.19,106.72,8.81,4.78,836.95
2000-02-09,4.78,159.14,8.33,0.93,696.49
2000-02-10,0.4,246.03,7.35,-2.35,565.69
2000-02-11,0.08,180.97,6.82,0.11,615.35
2000-02-12,0.4,163.08,6.61,-0.1,616.88
2000-02-13,2.1,201.5,7.9,-2.96,546.66
2000-02-14,3.8,140.1,7.61,1.25,644.41
2000-02-15,2.25,158.36,6.27,-0.28,616.97
2000-02-16,0.41,275.14,8.5,-2.63,541.01
2000-02-17,0.0,287.51,8.54,-3.79,495.92
2000-02-18,0.0,295.81,9.62,-4.01,488.22
2000-02-19,1.35,229.23,11.27,-3.82,503.28
2000-02-20,3.42,229.64,12.32,-3.05,554.72
2000-02-21,9.44,157.83,11.96,3.93,774.15
2000-02-22,9.02,134.0,9.54,3.74,795.81
2000-02-23,4.01,192.59,8.07,-0.57,641.83
2000-02-24,6.25,195.49,7.21,-0.51,603.49
2000-02-25,13.33,202.3,6.81,-1.8,574.19
2000-02-26,13.59,152.93,6.96,1.87,694.32
2000-02-27,16.11,157.61,9.41,3.99,802.2
2000-02-28,20.13,137.93,9.11,3.24,780.8
2000-02-29,16.06,154.73,7.44,2.66,741.21
2000-03-01,11.99,170.04,6.93,1.36,701.6
2000-03-02,12.33,184.63,9.16,3.02,767.01
2000-03-03,13.57,136.44,9.09,4.44,818.0
2000-03-04,6.5,202.27,8.72,1.85,721.03
2000-03-05,0.97,342.89,9.59,-2.46,567.89
2000-03-06,0.55,263.48,9.02,-2.1,547.59
2000-03-07,1.79,265.11,8.8,-2.74,551.92
2000-03-08,2.04,180.24,8.51,2.81,713.57
2000-03-09,4.22,247.97,10.58,0.89,690.49
2000-03-10,7.7,267.37,10.65,-0.64,636.7
2000-03-11,6.35,210.49,10.06,1.31,672.74
2000-03-12,9.63,227.32,7.91,0.57,672.31
2000-03-13,13.49,226.82,10.39,3.26,762.92
2000-03-14,13.15,243.12,10.11,1.7,711.64
2000-03-15,11.05,279.59,9.16,-2.0,596.81
2000-03-16,14.28,222.46,9.33,2.87,725.44
2000-03-17,27.28,221.66,8.96,1.79,719.99
2000-03-18,24.56,218.6,8.83,2.66,733.0
2000-03-19,9.6,265.26,8.62,0.07,649.91
2000-03-20,4.88,296.8,10.1,-0.95,627.24
2000-03-21,6.07,254.76,10.99,3.89,785.86
2000-03-22,6.29,268.55,11.31,3.04,779.94
2000-03-23,2.77,286.79,10.79,0.69,681.79
2000-03-24,0.49,311.74,11.67,-0.86,630.11
2000-03-25,0.56,299.42,11.39,1.16,683.64
2000-03-26,3.34,317.96,13.97,0.56,701.07
2000-03-27,6.6,274.73,13.47,3.64,789.37
2000-03-28,3.37,240.3,11.16,2.29,729.25
2000-03-29,0.46,351.7,9.98,-1.41,609.1
2000-03-30,0.02,435.6,14.01,-0.06,648.62
2000-03-31,0.0,447.56,16.44,0.23,700.62
2000-04-01,0.0,431.19,17.06,4.21,849.63
2000-04-02,0.0,437.03,17.56,3.92,869.34
2000-04-03,0.36,344.17,19.85,4.06,887.83
2000-04-04,3.69,329.54,18.97,3.94,851.1
2000-04-05,5.95,296.64,16.15,0.75,699.39
2000-04-06,3.72,282.62,9.95,1.71,695.26
2000-04-07,0.88,382.59,14.74,-0.85,653.62
2000-04-08,0.04,456.78,18.66,2.32,789.78
2000-04-09,0.0,402.59,18.0,6.75,975.81
2000-04-10,0.0,422.11,17.68,6.49,985.22
2000-04-11,0.0,463.81,20.45,3.76,893.48
2000-04-12,2.67,358.19,20.27,5.42,966.44
2000-04-13,11.12,296.5,19.57,7.95,1066.07
2000-04-14,10.41,150.38,16.72,7.08,994.81
2000-04-15,4.39,212.64,11.5,5.58,905.43
2000-04-16,0.97,297.7,12.58,3.23,798.74
2000-04-17,0.08,465.37,17.18,1.49,743.32
2000-04-18,0.06,369.64,17.23,3.0,801.73
2000-04-19,0.36,301.97,17.0,4.26,842.25
2000-04-20,2.65,345.35,17.58,4.08,855.06
2000-04-21,9.39,360.38,17.7,3.13,816.07
2000-04-22,10.08,303.19,17.36,2.92,769.0
2000-04-23,10.32,276.05,11.49,2.16,709.51
2000-04-24,8.44,353.2,11.14,-1.97,601.88
2000-04-25,5.68,283.31,11.14,3.46,753.32
2000-04-26,5.85,353.74,15.5,1.83,760.88
2000-04-27,12.12,298.1,15.32,5.0,849.09
2000-04-28,8.76,283.28,13.16,2.51,762.88
2000-04-29,4.98,309.85,12.04,2.77,776.41
2000-04-30,5.81,332.89,15.79,5.28,904.15
2000-05-01,5.97,270.03,15.65,7.26,1016.02
2000-05-02,4.8,230.42,14.55,8.85,1095.69
2000-05-03,6.69,256.86,14.4,6.46,969.21
2000-05-04,7.6,303.3,12.95,3.66,817.38
2000-05-05,5.59,311.22,11.73,2.92,760.02
2000-05-06,3.3,346.27,12.41,2.11,722.87
2000-05-07,2.28,389.25,16.09,0.05,704.33
2000-05-08,12.66,344.03,15.95,6.07,906.04
2000-05-09,18.97,270.01,14.93,5.08,871.13
2000-05-10,9.36,278.77,11.33,4.14,821.22
2000-05-11,2.35,315.01,11.97,3.81,804.92
2000-05-12,0.58,367.38,14.59,3.12,805.99
2000-05-13,0.22,384.08,18.56,4.9,915.73
2000-05-14,0.09,457.88,21.75,7.44,1041.84
2000-05-15,0.13,400.12,21.17,6.14,1003.63
2000-05-16,0.16,412.63,20.21,6.25,996.16
2000-05-17,4.74,330.33,18.78,7.79,1045.51
2000-05-18,8.12,324.98,15.99,7.15,1055.08
2000-05-19,4.45,216.14,15.61,10.89,1218.94
2000-05-20,2.45,266.55,15.23,8.4,1107.13
2000-05-21,2.49,310.32,15.98,8.0,1071.36
2000-05-22,1.01,336.7,16.09,8.08,1036.72
2000-05-23,0.09,506.97,18.21,3.46,838.66
2000-05-24,2.03,420.4,18.13,3.1,805.4
2000-05-25,9.96,396.48,17.17,3.04,820.99
2000-05-26,23.44,305.72,15.83,7.07,987.42
2000-05-27,16.05,222.48,13.86,8.89,1088.19
2000-05-28,5.93,250.03,13.37,7.6,1020.52
2000-05-29,1.48,344.17,13.94,5.91,916.08
2000-05-30,0.52,357.47,13.64,4.03,858.5
2000-05-31,0.33,297.22,13.68,7.82,977.39
2000-06-01,0.06,509.26,20.44,3.4,830.57
2000-06-02,0.0,547.84,20.42,2.8,806.06
2000-06-03,0.0,542.99,24.72,5.45,971.71
2000-06-04,2.43,415.31,26.73,9.62,1229.09
2000-06-05,9.63,357.08,26.04,10.52,1259.5
2000-06-06,9.69,188.05,20.74,9.91,1184.07
2000-06-07,6.5,235.95,14.77,8.99,1116.16
2000-06-08,9.32,297.51,15.33,7.61,1029.14
2000-06-09,34.55,296.99,15.14,6.24,946.72
2000-06-10,26.22,251.01,13.27,6.15,931.91
2000-06-11,41.44,190.99,11.56,6.66,973.45
2000-06-12,24.02,247.03,14.88,9.0,1108.82
2000-06-13,5.14,250.65,14.78,9.08,1137.18
2000-06-14,2.55,264.05,15.69,9.71,1133.73
2000-06-15,0.74,492.17,17.62,4.69,912.7
2000-06-16,0.0,541.44,23.03,5.83,971.94
2000-06-17,0.0,537.65,25.93,8.09,1121.64
2000-06-18,0.0,515.45,25.63,10.38,1202.68
2000-06-19,0.0,492.18,23.34,7.04,1027.29
2000-06-20,0.0,513.04,21.38,8.08,1067.36
2000-06-21,0.0,502.17,21.18,8.57,1077.15
2000-06-22,0.15,403.8,20.16,6.03,984.02
2000-06-23,0.21,395.69,19.2,7.52,1045.96
2000-06-24,0.14,368.64,19.02,9.04,1116.91
2000-06-25,0.03,514.41,26.39,7.01,1076.02
2000-06-26,0.0,537.23,29.36,8.36,1173.05
2000-06-27,0.0,530.5,31.4,10.19,1291.71
2000-06-28,0.0,527.41,30.98,9.85,1260.01
2000-06-29,0.0,463.93,27.63,10.54,1233.34
2000-06-30,0.0,427.69,20.7,9.81,1168.65
2000-07-01,0.67,336.82,18.73,8.09,1062.7
2000-07-02,0.98,367.69,17.01,5.53,957.42
2000-07-03,0.95,296.65,16.86,8.68,1088.08
2000-07-04,0.45,333.8,17.83,9.1,1132.82
2000-07-05,0.07,459.23,20.14,9.14,1125.69
2000-07-06,0.0,498.34,21.14,8.5,1090.78
2000-07-07,0.0,522.64,23.21,7.31,1070.24
2000-07-08,0.0,470.26,22.5,10.42,1207.38
2000-07-09,0.0,382.2,20.51,10.66,1212.74
2000-07-10,0.0,445.67,18.86,8.44,1110.39
2000-07-11,0.0,459.04,20.63,9.82,1146.94
2000-07-12,0.02,488.0,21.99,6.67,1049.58
2000-07-13,0.12,375.32,21.25,10.37,1191.43
2000-07-14,0.05,445.37,19.61,8.23,1071.69
2000-07-15,0.0,520.23,23.71,5.73,976.36
2000-07-16,0.0,531.32,27.35,7.3,1071.22
2000-07-17,0.02,494.19,26.21,9.2,1188.56
2000-07-18,0.11,323.2,24.78,11.24,1305.06
2000-07-19,0.05,381.52,20.81,11.92,1335.22
2000-07-20,0.87,396.41,24.13,10.8,1311.36
2000-07-21,0.68,362.1,24.28,11.13,1335.56
2000-07-22,0.24,351.67,23.31,11.73,1343.38
2000-07-23,0.06,376.86,21.16,11.67,1304.77
2000-07-24,0.01,448.68,23.97,10.54,1266.74
2000-07-25,1.58,346.77,23.17,11.44,1313.92
2000-07-26,4.3,289.84,21.33,10.64,1278.19
2000-07-27,3.44,240.46,18.81,12.55,1393.6
2000-07-28,1.82,226.16,19.26,13.47,1462.52
2000-07-29,0.49,440.31,25.13,12.59,1405.89
2000-07-30,0.0,492.61,27.7,12.13,1396.74
2000-07-31,0.0,481.01,26.83,13.15,1418.66
2000-08-01,0.0,474.9,25.73,10.66,1240.44
2000-08-02,0.0,486.82,22.84,8.92,1126.99
2000-08-03,0.0,474.54,22.76,10.01,1181.43
2000-08-04,0.12,385.74,22.13,11.29,1276.75
2000-08-05,0.06,414.17,22.32,12.25,1332.73
2000-08-06,0.07,334.16,21.73,11.85,1321.65
2000-08-07,0.03,311.13,20.18,11.52,1275.5
2000-08-08,0.0,430.13,23.25,11.63,1267.11
2000-08-09,0.0,427.74,23.04,11.07,1214.5
2000-08-10,0.0,400.14,20.92,9.78,1114.78
2000-08-11,0.0,445.66,18.72,7.51,982.53
2000-08-12,0.0,478.85,19.9,6.54,937.56
2000-08-13,0.0,437.72,19.7,8.45,1013.37
2000-08-14,0.0,439.59,18.96,8.34,1010.5
2000-08-15,0.0,464.69,18.82,6.48,930.45
2000-08-16,1.2,376.93,20.52,6.34,941.75
2000-08-17,9.93,361.0,20.44,6.22,968.25
2000-08-18,10.26,295.64,20.21,10.12,1156.86
2000-08-19,4.62,273.95,18.65,10.67,1216.36
2000-08-20,1.08,288.35,18.48,9.74,1154.67
2000-08-21,0.08,445.31,21.35,8.07,1062.22
2000-08-22,0.11,413.41,23.81,9.66,1157.29
2000-08-23,0.67,353.69,24.79,10.14,1234.35
2000-08-24,1.4,319.97,24.46,11.09,1285.53
2000-08-25,0.61,280.84,21.82,12.72,1330.14
2000-08-26,0.03,377.17,19.71,9.49,1103.62
2000-08-27,0.0,433.39,18.54,6.57,929.48
2000-08-28,0.18,355.25,20.8,6.2,942.81
2000-08-29,0.88,324.43,20.25,8.23,1059.02
2000-08-30,2.03,253.59,19.69,11.21,1210.75
2000-08-31,5.18,279.93,18.24,8.9,1095.11
2000-09-01,5.6,284.5,17.48,6.66,964.27
2000-09-02,7.09,260.65,15.41,7.24,971.59
2000-09-03,3.36,298.88,17.84,7.28,986.71
2000-09-04,0.94,317.14,19.03,6.88,968.39
2000-09-05,0.38,358.69,18.36,6.49,948.77
2000-09-06,2.51,290.97,18.53,8.8,1057.26
2000-09-07,3.05,290.26,18.2,7.76,1026.02
2000-09-08,5.99,271.13,18.2,9.06,1044.72
2000-09-09,7.68,223.07,17.51,8.47,1022.12
2000-09-10,3.26,228.43,16.52,9.48,999.03
2000-09-11,0.35,414.48,19.83,4.79,751.29
2000-09-12,0.0,429.64,22.35,6.27,756.09
2000-09-13,0.0,431.37,23.58,6.0,807.63
2000-09-14,0.3,309.6,26.7,12.86,1167.91
2000-09-15,1.06,285.97,25.9,10.35,1109.39
2000-09-16,0.46,298.19,21.74,11.62,1111.38
2000-09-17,0.08,264.71,19.89,11.52,1142.42
2000-09-18,0.16,221.67,19.49,11.3,1160.44
2000-09-19,0.13,283.6,21.44,11.48,1140.32
2000-09-20,0.1,244.64,20.91,10.56,1105.73
2000-09-21,0.03,305.59,19.34,10.76,1034.83
2000-09-22,0.0,389.18,18.79,4.34,741.22
2000-09-23,0.0,404.59,19.54,0.87,586.11
2000-09-24,0.0,404.61,22.41,1.13,587.85
2000-09-25,0.0,395.52,22.23,2.13,625.17
2000-09-26,0.0,392.28,23.26,2.9,673.74
2000-09-27,6.96,294.11,22.8,4.61,790.94
2000-09-28,18.56,244.66,22.03,7.71,970.74
2000-09-29,22.17,124.79,18.13,12.07,1276.52
2000-09-30,13.04,88.39,16.06,12.83,1347.42
2000-10-01,2.86,263.72,15.38,5.91,948.18
2000-10-02,0.0,317.91,15.44,4.53,804.38
2000-10-03,0.02,282.39,14.89,3.43,753.65
2000-10-04,0.01,334.88,15.54,2.3,706.47
2000-10-05,0.0,345.64,18.71,2.54,724.32
2000-10-06,0.13,307.18,21.56,3.17,770.85
2000-10-07,2.99,254.27,20.66,2.96,793.1
2000-10-08,9.04,203.79,17.83,6.87,962.71
2000-10-09,7.78,72.97,15.96,10.18,1144.29
2000-10-10,2.03,102.92,12.41,7.82,1043.81
2000-10-11,0.99,121.9,11.98,7.0,975.57
2000-10-12,1.15,163.05,13.11,5.94,927.61
2000-10-13,1.93,168.94,14.06,6.64,937.48
2000-10-14,4.81,194.73,13.73,3.85,821.97
2000-10-15,13.72,191.56,12.54,2.76,774.4
2000-10-16,21.33,133.76,12.04,6.63,942.18
2000-10-17,14.02,89.12,12.92,9.38,1107.82
2000-10-18,17.12,137.11,13.81,7.64,1053.01
2000-10-19,24.87,140.32,13.47,5.84,948.37
2000-10-20,11.05,142.12,12.88,6.52,948.78
2000-10-21,1.11,195.8,12.5,3.41,820.49
2000-10-22,0.03,256.16,12.63,1.92,736.69
2000-10-23,0.39,199.0,13.47,2.08,748.7
2000-10-24,0.5,165.91,13.14,4.59,847.64
2000-10-25,0.16,152.76,12.35,6.18,922.86
2000-10-26,4.67,132.57,11.69,5.48,903.24
2000-10-27,13.04,135.33,10.83,4.69,864.72
2000-10-28,13.09,101.24,10.2,5.68,885.78
2000-10-29,4.12,149.59,10.62,3.67,815.91
2000-10-30,0.68,148.66,10.26,1.94,731.42
2000-10-31,1.46,172.68,11.53,1.94,721.86
2000-11-01,0.74,161.91,11.08,0.96,692.2
2000-11-02,2.32,149.71,10.72,3.17,759.54
2000-11-03,5.9,172.6,12.9,1.87,755.98
2000-11-04,8.71,150.78,12.87,5.03,857.4
2000-11-05,7.35,126.9,12.06,3.1,797.31
2000-11-06,5.84,119.07,9.72,4.48,823.2
2000-11-07,4.67,131.49,9.4,2.91,779.07
2000-11-08,3.16,123.12,9.21,3.55,770.88
2000-11-09,0.88,199.5,8.35,-1.25,601.97
2000-11-10,0.12,163.39,7.09,-3.48,496.44
2000-11-11,0.12,167.98,6.29,-5.04,447.64
2000-11-12,0.44,129.15,5.46,-1.82,524.63
2000-11-13,0.2,154.36,6.05,0.27,605.91
2000-11-14,0.0,194.63,8.08,-1.12,578.48
2000-11-15,0.0,206.61,7.34,-4.56,470.26
2000-11-16,0.0,202.42,6.54,-4.84,436.58
2000-11-17,0.0,200.85,6.25,-5.24,423.15
2000-11-18,0.0,191.33,5.31,-5.44,415.4
2000-11-19,0.05,152.17,4.75,-4.09,457.85
2000-11-20,0.04,164.6,10.12,-0.71,575.44
2000-11-21,3.11,140.42,9.36,-2.94,529.08
2000-11-22,7.1,143.39,8.08,-4.15,484.49
2000-11-23,6.67,122.65,7.23,-1.0,575.9
2000-11-24,12.03,91.62,8.02,2.55,712.94
2000-11-25,31.14,70.27,7.58,2.67,738.5
2000-11-26,33.78,91.02,8.08,2.39,726.66
2000-11-27,16.86,114.63,7.58,-0.61,625.61
2000-11-28,11.92,104.7,6.81,-1.2,586.23
2000-11-29,15.28,81.93,6.48,1.43,673.71
2000-11-30,13.46,77.38,8.56,3.74,775.69
2000-12-01,15.7,93.47,8.31,1.67,725.83
2000-12-02,6.78,98.18,9.21,2.43,731.93
2000-12-03,0.46,147.91,8.66,-0.08,652.56
2000-12-04,0.0,148.28,8.15,-0.38,616.36
2000-12-05,0.0,154.24,7.84,-1.87,567.56
2000-12-06,0.0,151.94,7.62,-1.72,558.93
2000-12-07,0.38,102.1,7.25,-1.7,556.7
2000-12-08,0.75,62.48,5.63,-0.43,581.24
2000-12-09,0.74,92.32,5.78,-0.76,583.89
2000-12-10,0.23,130.4,5.45,-2.67,520.81
2000-12-11,0.0,127.34,4.18,-3.52,475.75
2000-12-12,0.0,127.72,3.08,-3.97,454.56
2000-12-13,6.7,102.85,2.7,-4.66,436.43
2000-12-14,17.42,97.49,3.28,-3.41,468.91
2000-12-15,21.5,92.08,4.13,-1.83,529.2
2000-12-16,28.73,110.07,7.86,-0.66,590.26
2000-12-17,12.22,112.69,8.03,-1.41,579.31
2000-12-18,1.36,108.18,7.03,-1.92,556.37
2000-12-19,2.4,71.15,5.86,0.45,613.38
2000-12-20,7.75,63.22,4.4,0.51,633.92
2000-12-21,24.41,65.4,5.51,1.81,684.96
2000-12-22,31.7,57.21,6.37,3.32,753.95
2000-12-23,22.04,62.14,6.93,3.6,778.46
2000-12-24,6.98,83.0,6.72,1.52,713.73
2000-12-25,6.55,85.33,7.96,2.99,752.36
2000-12-26,4.7,73.89,7.94,3.69,790.8
2000-12-27,1.24,75.74,7.86,3.55,787.89
2000-12-28,6.89,91.93,7.61,1.95,730.04
2000-12-29,12.39,74.2,7.19,2.1,719.41
2000-12-30,11.18,86.84,9.05,4.07,801.6
2000-12-31,5.28,88.32,9.12,3.89,809.27
2001-01-01,1.15,102.11,8.64,0.52,687.77
2001-01-02,1.14,111.07,9.32,1.85,708.84
2001-01-03,21.86,103.91,9.33,2.49,754.09
2001-01-04,30.33,71.02,9.62,5.84,881.14
2001-01-05,12.29,104.16,10.54,4.04,840.09
2001-01-06,2.08,122.87,10.07,-1.34,627.83
2001-01-07,1.3,118.12,6.89,-1.54,578.97
2001-01-08,5.18,84.75,7.36,2.96,715.68
2001-01-09,8.06,94.86,6.92,0.91,687.81
2001-01-10,3.5,90.56,7.97,3.23,751.61
2001-01-11,0.85,111.61,8.54,2.02,728.66
2001-01-12,2.36,105.34,7.88,0.6,657.82
2001-01-13,2.12,95.1,5.82,-0.87,588.42
2001-01-14,0.53,140.48,4.72,-0.64,580.45
2001-01-15,0.0,171.13,5.55,-2.11,534.84
2001-01-16,2.38,123.46,4.74,-4.32,460.44
2001-01-17,7.41,102.84,2.44,-2.32,504.87
2001-01-18,8.59,92.83,4.72,0.77,627.29
2001-01-19,19.5,113.54,8.27,2.71,731.91
2001-01-20,25.7,89.69,7.81,2.63,739.22
2001-01-21,12.41,102.63,7.07,2.32,727.22
2001-01-22,3.96,132.59,8.79,1.65,712.76
2001-01-23,4.41,130.93,8.35,1.53,707.11
2001-01-24,3.65,76.92,7.76,3.05,733.38
2001-01-25,0.98,196.44,7.95,-0.61,626.62
2001-01-26,0.0,213.59,9.36,-2.58,543.3
2001-01-27,4.85,159.54,8.28,-3.81,486.16
2001-01-28,14.25,152.2,5.38,-3.27,498.81
2001-01-29,20.64,128.26,6.85,1.11,637.94
2001-01-30,18.83,134.58,6.98,0.87,666.74
2001-01-31,10.72,140.99,7.93,1.33,682.52
2001-02-01,10.25,156.95,8.4,0.28,659.45
2001-02-02,14.41,145.56,8.47,1.63,688.98
2001-02-03,14.23,147.58,7.76,-0.1,643.61
2001-02-04,9.64,152.41,8.86,1.67,689.11
2001-02-05,2.86,154.76,8.14,0.12,637.06
2001-02-06,0.68,175.05,6.24,-2.88,524.35
2001-02-07,4.71,181.18,5.43,-4.36,463.96
2001-02-08,3.8,122.18,4.42,-1.94,509.38
2001-02-09,2.12,170.28,5.32,-2.17,527.53
2001-02-10,0.84,164.18,5.07,-2.34,522.16
2001-02-11,0.09,264.14,8.98,-2.78,517.64
2001-02-12,0.01,258.86,8.59,-4.45,471.07
2001-02-13,0.76,207.2,7.44,-4.06,470.22
2001-02-14,3.04,200.24,6.94,-3.6,485.47
2001-02-15,10.72,187.99,6.37,-2.0,530.7
2001-02-16,12.31,124.4,5.73,-1.24,555.11
2001-02-17,5.39,155.5,6.03,0.19,614.32
2001-02-18,1.33,183.86,7.61,0.09,628.72
2001-02-19,0.48,218.33,10.96,-1.73,587.24
2001-02-20,0.91,225.58,11.8,-2.03,583.22
2001-02-21,1.93,208.82,11.34,1.11,670.2
2001-02-22,0.76,289.45,10.65,-0.69,629.81
2001-02-23,0.18,211.1,9.89,-0.42,619.63
2001-02-24,0.12,235.68,8.92,-0.14,616.04
2001-02-25,0.02,313.52,9.6,-3.59,513.71
2001-02-26,0.0,323.25,10.54,-3.87,491.01
2001-02-27,0.11,314.98,11.93,-3.64,503.41
2001-02-28,7.68,249.57,11.26,-3.09,531.55
2001-03-01,13.82,196.65,10.5,0.54,627.08
2001-03-02,7.22,175.54,7.62,-0.42,598.76
2001-03-03,1.19,247.5,6.9,-2.77,522.79
2001-03-04,0.04,334.17,9.64,-3.27,524.18
2001-03-05,0.0,337.15,14.61,1.27,680.35
2001-03-06,0.07,337.99,17.06,-0.56,670.03
2001-03-07,0.24,270.93,17.8,0.65,716.42
2001-03-08,0.38,269.39,17.07,3.11,793.06
2001-03-09,0.15,281.77,14.29,2.56,759.78
2001-03-10,0.01,325.16,11.53,0.31,664.77
2001-03-11,0.97,262.92,10.57,-1.07,625.03
2001-03-12,4.72,177.13,10.08,3.67,777.19
2001-03-13,9.68,143.07,9.56,4.62,815.21
2001-03-14,9.86,252.66,9.24,-1.5,625.07
2001-03-15,9.6,205.41,8.86,1.59,665.47
2001-03-16,13.27,241.52,7.9,-1.33,599.08
2001-03-17,19.45,170.94,7.27,1.5,682.93
2001-03-18,20.96,137.91,9.33,5.23,826.14
2001-03-19,9.0,258.22,10.41,0.08,681.55
2001-03-20,1.07,343.0,10.97,0.95,665.73
2001-03-21,0.0,391.13,12.17,-0.76,613.5
2001-03-22,0.0,413.4,13.14,-3.05,545.25
2001-03-23,3.01,321.67,16.0,-1.43,609.74
2001-03-24,9.42,307.97,16.7,1.75,749.47
2001-03-25,10.48,217.11,16.22,6.3,907.51
2001-03-26,12.61,255.77,12.5,1.97,756.14
2001-03-27,14.79,253.93,10.33,1.11,688.6
2001-03-28,7.83,204.85,9.0,2.14,695.72
2001-03-29,7.73,280.28,8.32,-1.5,604.38
2001-03-30,8.55,257.54,10.63,2.81,746.71
2001-03-31,7.24,185.08,10.61,5.69,858.36
2001-04-01,4.17,254.18,9.99,0.69,673.53
2001-04-02,2.55,306.34,8.47,-2.3,559.04
2001-04-03,0.92,300.53,9.89,0.16,618.09
2001-04-04,4.25,337.15,13.38,-1.76,599.02
2001-04-05,9.43,304.94,12.75,1.67,679.74
2001-04-06,6.8,247.81,10.61,0.07,618.63
2001-04-07,3.03,299.49,7.41,-1.74,561.06
2001-04-08,2.34,323.57,10.1,-0.43,596.86
2001-04-09,4.38,339.56,10.43,-1.69,582.97
2001-04-10,4.85,232.9,9.96,1.89,669.88
2001-04-11,5.09,340.24,13.56,-0.67,631.21
2001-04-12,4.59,339.14,12.88,0.13,632.9
2001-04-13,1.71,320.58,11.02,-0.99,584.37
2001-04-14,0.18,378.15,10.46,-2.0,555.97
2001-04-15,2.71,371.35,15.74,-1.56,611.4
2001-04-16,6.51,345.14,15.4,3.22,784.79
2001-04-17,7.61,298.84,14.83,4.91,859.81
2001-04-18,3.22,312.94,13.29,3.4,792.72
2001-04-19,0.42,388.32,13.04,0.34,674.46
2001-04-20,0.11,411.96,15.46,0.52,670.47
2001-04-21,9.64,364.15,15.22,1.0,695.26
2001-04-22,19.94,313.25,13.79,3.26,788.51
2001-04-23,12.09,197.64,12.14,6.68,944.24
2001-04-24,3.13,300.59,16.66,7.22,1021.26
2001-04-25,0.61,360.39,21.99,6.76,1039.57
2001-04-26,2.04,347.41,21.74,7.07,1027.95
2001-04-27,8.01,299.45,18.61,6.25,947.35
2001-04-28,15.95,267.74,14.12,3.8,817.33
2001-04-29,21.91,270.28,10.79,3.62,795.8
2001-04-30,17.75,244.64,10.65,4.71,825.9
2001-05-01,5.95,312.54,10.6,2.39,738.65
2001-05-02,2.28,367.88,13.97,0.9,691.08
2001-05-03,3.36,377.17,15.05,1.55,719.73
2001-05-04,5.28,364.44,15.08,3.29,784.6
2001-05-05,2.78,303.97,14.88,3.7,777.43
2001-05-06,0.38,491.92,15.3,0.0,662.61
2001-05-07,0.0,527.13,18.45,1.22,700.68
2001-05-08,0.01,467.34,17.44,2.56,734.94
2001-05-09,0.01,510.0,15.53,1.04,685.04
2001-05-10,0.0,515.61,15.82,1.24,707.29
2001-05-11,0.0,520.43,20.68,4.24,854.52
2001-05-12,5.73,392.54,20.13,6.39,976.46
2001-05-13,17.85,307.34,19.2,6.82,982.55
2001-05-14,29.61,241.46,14.43,6.59,946.65
2001-05-15,21.91,288.29,12.57,4.68,866.33
2001-05-16,7.45,309.58,13.23,4.96,849.19
2001-05-17,1.03,414.72,12.65,2.19,743.81
2001-05-18,0.51,377.68,14.46,2.95,778.21
2001-05-19,0.69,359.79,15.22,4.44,829.0
2001-05-20,0.22,508.1,17.66,2.18,768.03
2001-05-21,0.0,538.66,23.37,3.55,874.81
2001-05-22,0.0,529.04,29.66,7.9,1127.57
2001-05-23,0.0,523.43,28.53,9.1,1198.76
2001-05-24,0.0,483.56,26.92,8.37,1102.54
2001-05-25,0.0,512.47,22.35,6.67,1028.56
2001-05-26,0.34,451.34,21.69,7.86,1085.96
2001-05-27,2.71,325.89,20.82,9.22,1126.69
2001-05-28,3.1,281.59,17.31,6.26,953.81
2001-05-29,1.17,350.09,14.71,3.24,827.69
2001-05-30,0.13,482.26,19.26,5.93,930.38
2001-05-31,0.01,498.23,27.12,5.74,1006.3
2001-06-01,6.28,408.5,26.31,7.71,1092.63
2001-06-02,9.14,233.01,24.49,7.1,980.32
2001-06-03,3.26,333.06,14.12,3.04,800.15
2001-06-04,5.86,360.51,14.78,2.99,803.78
2001-06-05,4.97,275.77,14.34,6.82,967.19
2001-06-06,1.14,298.64,15.77,7.95,1049.09
2001-06-07,1.31,374.01,21.64,6.94,1056.65
2001-06-08,2.62,367.4,21.46,8.62,1134.49
2001-06-09,8.64,300.35,20.84,9.05,1128.21
2001-06-10,12.03,259.11,16.8,7.24,1015.92
2001-06-11,8.8,277.11,13.92,6.56,950.07
2001-06-12,2.43,365.82,14.16,3.87,830.36
2001-06-13,0.04,489.09,18.11,3.8,835.03
2001-06-14,0.0,474.53,17.93,6.15,916.26
2001-06-15,0.0,481.32,17.04,5.52,899.33
2001-06-16,0.0,491.32,17.32,5.34,877.71
2001-06-17,0.04,452.3,17.46,4.01,838.28
2001-06-18,0.02,512.0,20.04,5.13,893.75
2001-06-19,0.0,535.96,24.96,6.29,985.59
2001-06-20,0.0,535.11,25.49,7.2,1058.74
2001-06-21,0.0,502.6,25.09,9.6,1166.2
2001-06-22,0.47,345.8,22.59,9.63,1147.01
2001-06-23,5.59,352.99,18.56,5.52,942.68
2001-06-24,8.99,320.87,16.36,6.25,937.97
2001-06-25,6.68,362.11,18.19,6.27,968.07
2001-06-26,7.46,375.45,20.56,7.47,1057.01
2001-06-27,6.3,337.93,20.35,9.69,1151.2
2001-06-28,1.73,439.13,19.19,7.81,1027.71
2001-06-29,0.0,513.56,20.63,6.14,950.11
2001-06-30,0.0,503.92,20.36,7.11,957.58
2001-07-01,0.0,528.72,20.06,4.87,886.13
2001-07-02,0.0,540.87,25.22,5.96,965.66
2001-07-03,0.0,534.68,26.96,8.16,1098.05
2001-07-04,0.0,510.67,26.62,9.76,1145.16
2001-07-05,0.0,491.86,23.69,7.28,1002.95
2001-07-06,0.0,493.35,19.41,6.78,944.11
2001-07-07,0.0,528.21,21.3,4.77,887.27
2001-07-08,0.0,525.66,23.37,7.19,996.9
2001-07-09,0.0,524.53,25.33,8.11,1073.59
2001-07-10,0.0,502.14,24.33,9.25,1135.26
2001-07-11,0.0,459.69,22.42,10.4,1178.66
2001-07-12,0.0,482.47,21.18,7.87,1028.87
2001-07-13,0.0,489.39,19.91,6.13,928.55
2001-07-14,0.41,383.41,19.15,6.3,956.34
2001-07-15,0.39,321.72,18.41,7.49,997.54
2001-07-16,0.79,307.53,16.44,6.68,974.63
2001-07-17,0.79,258.56,15.33,8.27,1056.13
2001-07-18,0.39,310.71,19.4,9.51,1125.44
2001-07-19,0.08,446.69,19.51,8.0,1063.59
2001-07-20,0.0,376.53,19.04,11.22,1229.61
2001-07-21,0.0,339.55,18.91,12.08,1306.07
2001-07-22,0.01,308.29,18.93,12.06,1305.43
2001-07-23,0.01,417.67,21.58,11.42,1260.01
2001-07-24,0.0,411.57,21.15,11.97,1266.16
2001-07-25,0.0,444.93,21.02,10.26,1178.7
2001-07-26,2.79,338.33,20.37,10.32,1193.72
2001-07-27,4.61,301.41,19.37,10.27,1178.91
2001-07-28,2.6,270.22,18.22,9.4,1122.6
2001-07-29,0.85,248.62,16.2,9.73,1103.96
2001-07-30,0.31,312.94,16.84,7.49,990.84
2001-07-31,1.55,320.02,17.28,8.12,1002.77
2001-08-01,3.61,353.02,19.94,8.08,1035.61
2001-08-02,5.41,305.44,19.34,10.58,1182.22
2001-08-03,6.03,238.49,18.51,12.31,1289.65
2001-08-04,3.58,249.41,17.54,10.41,1184.68
2001-08-05,4.68,287.15,17.66,10.03,1168.02
2001-08-06,2.14,306.0,20.66,12.1,1249.19
2001-08-07,0.09,482.36,22.5,7.7,1019.88
2001-08-08,0.0,511.06,25.79,8.52,1042.02
2001-08-09,0.0,509.33,29.2,9.33,1123.04
2001-08-10,0.0,503.13,29.11,10.46,1191.92
2001-08-11,0.14,460.6,28.31,11.67,1233.66
2001-08-12,0.07,485.0,26.53,11.43,1202.0
2001-08-13,0.0,476.26,26.27,10.98,1119.22
2001-08-14,0.01,450.56,23.34,10.23,1058.84
2001-08-15,0.07,395.75,22.28,10.3,1076.57
2001-08-16,0.04,294.31,21.66,10.65,1109.86
2001-08-17,0.01,374.71,19.5,11.39,1095.5
2001-08-18,0.0,460.96,19.95,7.57,908.05
2001-08-19,1.92,370.08,19.79,6.8,892.47
2001-08-20,19.89,348.68,20.17,7.59,956.35
2001-08-21,46.22,257.72,20.0,10.0,1137.33
2001-08-22,38.07,128.0,16.86,12.75,1343.4
2001-08-23,16.51,207.39,16.29,10.5,1224.7
2001-08-24,3.59,311.26,18.51,8.96,1108.12
2001-08-25,0.13,453.83,22.28,7.36,1017.17
2001-08-26,0.0,473.5,23.93,7.66,1039.15
2001-08-27,0.0,438.86,23.15,9.76,1155.5
2001-08-28,0.0,411.29,23.1,12.36,1320.79
2001-08-29,0.06,392.24,22.88,11.87,1324.95
2001-08-30,1.06,313.21,22.42,11.51,1332.26
2001-08-31,3.31,276.78,21.85,12.19,1349.26
2001-09-01,2.89,264.56,20.45,10.57,1239.76
2001-09-02,2.59,295.45,19.83,9.33,1157.92
2001-09-03,1.11,281.47,19.34,9.32,1133.36
2001-09-04,0.09,356.96,18.4,9.08,1068.29
2001-09-05,0.0,423.01,18.1,5.29,904.2
2001-09-06,0.0,376.72,17.5,7.59,964.78
2001-09-07,0.0,420.52,19.46,6.37,927.66
2001-09-08,0.0,441.21,21.95,5.18,885.15
2001-09-09,0.0,440.37,23.01,6.07,921.96
2001-09-10,0.0,433.97,23.3,7.23,977.69
2001-09-11,0.0,427.52,23.46,7.43,1007.64
2001-09-12,0.0,418.46,23.76,8.77,1074.96
2001-09-13,0.0,413.09,23.92,8.81,1091.22
2001-09-14,0.0,405.36,23.28,8.91,1094.3
2001-09-15,0.13,305.87,22.46,8.55,1100.37
2001-09-16,0.07,309.16,21.21,8.9,1079.89
2001-09-17,0.06,222.54,16.72,9.1,1104.88
2001-09-18,0.07,228.74,16.34,9.22,1085.78
2001-09-19,0.02,377.73,18.07,4.83,886.11
2001-09-20,1.17,302.94,19.73,5.29,905.98
2001-09-21,2.06,248.7,19.16,7.85,1031.29
2001-09-22,0.78,299.86,22.46,9.66,1155.94
2001-09-23,0.07,330.12,23.11,9.43,1167.33
2001-09-24,0.16,240.09,22.07,10.99,1249.9
2001-09-25,6.87,194.32,20.16,10.71,1224.41
2001-09-26,6.61,176.78,17.32,8.37,1064.64
2001-09-27,1.6,323.83,14.52,3.69,809.39
2001-09-28,0.14,298.65,15.85,2.93,769.24
2001-09-29,0.08,319.81,17.97,6.31,894.16
2001-09-30,0.0,352.62,19.83,5.93,907.82
2001-10-01,0.0,357.24,19.97,4.7,862.24
2001-10-02,0.0,351.75,19.76,5.1,860.73
2001-10-03,0.0,348.71,18.98,3.74,809.36
2001-10-04,0.0,356.67,22.78,3.58,809.93
2001-10-05,0.0,357.36,22.58,2.46,790.41
2001-10-06,1.35,244.3,21.75,5.81,898.71
2001-10-07,2.48,229.28,17.8,3.88,838.35
2001-10-08,5.88,195.52,14.96,4.71,841.46
2001-10-09,9.65,213.55,14.41,4.0,819.93
2001-10-10,14.55,205.82,13.92,3.09,779.76
2001-10-11,12.12,196.09,12.79,3.57,794.98
2001-10-12,13.92,197.87,13.37,4.17,826.99
2001-10-13,8.15,191.69,13.18,4.08,839.22
2001-10-14,2.54,165.05,13.01,5.8,901.56
2001-10-15,0.84,208.01,14.76,3.82,844.52
2001-10-16,0.82,200.56,14.33,3.98,820.98
2001-10-17,3.33,213.39,13.5,0.87,707.89
2001-10-18,7.64,184.77,12.25,2.01,738.07
2001-10-19,5.22,141.33,13.59,7.27,949.01
2001-10-20,8.9,170.24,13.15,3.43,839.14
2001-10-21,27.13,149.68,11.58,4.3,838.24
2001-10-22,34.27,128.36,11.75,6.08,919.8
2001-10-23,27.66,116.59,11.48,5.48,901.47
2001-10-24,19.32,129.1,10.33,3.71,828.02
2001-10-25,14.92,139.18,11.72,5.18,879.31
2001-10-26,11.36,149.27,12.36,5.03,883.72
2001-10-27,6.45,125.02,11.96,3.03,783.1
2001-10-28,2.69,163.02,9.18,0.7,681.99
2001-10-29,10.37,162.73,8.94,0.28,665.16
2001-10-30,15.1,137.47,10.94,4.3,819.47
2001-10-31,14.4,87.33,10.85,6.63,948.39
2001-11-01,9.74,67.3,10.32,6.97,977.11
2001-11-02,4.11,109.88,10.84,5.71,921.82
2001-11-03,4.25,138.94,10.55,3.12,818.9
2001-11-04,4.34,115.52,11.3,6.16,897.56
2001-11-05,2.49,163.01,10.6,0.67,718.66
2001-11-06,1.3,159.78,9.53,0.88,673.96
2001-11-07,0.72,167.23,10.79,0.16,653.29
2001-11-08,0.18,220.28,9.86,-1.11,603.13
2001-11-09,0.0,224.39,10.72,-1.39,589.72
2001-11-10,3.54,168.23,11.62,-1.11,613.0
2001-11-11,6.07,142.93,10.81,1.83,725.38
2001-11-12,39.16,80.65,10.85,7.07,949.14
2001-11-13,67.85,81.61,10.68,6.74,994.42
2001-11-14,64.77,72.56,12.01,8.58,1088.76
2001-11-15,31.45,84.0,13.01,8.93,1117.41
2001-11-16,7.57,103.35,12.37,5.2,925.96
2001-11-17,6.29,133.35,9.95,1.73,749.98
2001-11-18,17.39,138.58,10.39,1.48,719.45
2001-11-19,28.25,134.71,11.15,2.32,771.09
2001-11-20,35.47,79.83,11.08,7.13,960.01
2001-11-21,29.49,48.99,10.66,6.26,941.95
2001-11-22,19.58,78.02,8.35,4.46,847.37
2001-11-23,7.02,112.26,8.22,1.7,736.5
2001-11-24,2.25,84.7,7.79,3.19,755.31
2001-11-25,4.31,92.89,7.07,1.84,709.16
2001-11-26,7.02,119.48,6.79,-0.63,622.37
2001-11-27,23.88,102.4,6.25,0.23,622.41
2001-11-28,32.79,101.35,5.38,-0.98,590.85
2001-11-29,32.36,83.97,5.08,0.71,632.89
2001-11-30,36.16,79.46,5.06,0.68,652.04
2001-12-01,27.21,72.53,6.57,2.73,712.98
2001-12-02,23.05,118.62,6.78,-1.45,598.37
2001-12-03,15.16,113.63,6.09,-1.92,550.8
2001-12-04,19.35,98.64,5.26,-1.18,561.66
2001-12-05,15.49,85.36,4.51,-1.86,543.2
2001-12-06,11.39,102.96,5.93,-0.58,585.47
2001-12-07,10.09,110.45,6.65,-0.97,599.07
2001-12-08,15.35,73.79,6.46,2.23,683.12
2001-12-09,17.35,114.3,6.4,-1.73,593.5
2001-12-10,13.04,91.36,6.19,0.17,612.36
2001-12-11,23.53,95.62,5.54,-0.18,619.98
2001-12-12,50.99,77.02,5.56,1.26,667.97
2001-12-13,53.36,97.9,9.57,3.32,765.6
2001-12-14,51.61,99.12,9.26,1.3,711.26
2001-12-15,59.4,95.42,7.85,0.51,665.46
2001-12-16,57.78,105.28,9.99,2.52,729.09
2001-12-17,37.98,112.29,9.56,-1.31,622.26
2001-12-18,17.75,82.4,7.29,0.56,626.44
2001-12-19,9.19,89.97,5.04,-1.18,587.46
2001-12-20,4.21,54.71,4.28,1.27,643.05
2001-12-21,1.3,77.3,5.5,1.08,659.25
2001-12-22,0.37,102.82,5.53,-1.34,585.57
2001-12-23,0.06,149.43,6.46,-2.31,537.68
2001-12-24,0.0,155.6,6.33,-3.75,490.64
2001-12-25,0.3,117.45,5.78,-3.8,477.08
2001-12-26,6.08,103.31,5.13,-3.4,486.11
2001-12-27,3.97,93.43,5.52,-0.14,596.51
2001-12-28,4.54,91.82,8.28,2.64,719.75
2001-12-29,5.65,99.57,7.97,0.18,654.33
2001-12-30,6.07,111.5,6.15,-2.15,569.2
2001-12-31,11.43,74.57,6.97,2.62,700.88
2002-01-01,13.26,87.5,8.01,2.63,758.05
2002-01-02,14.78,74.07,9.43,5.16,856.76
2002-01-03,9.45,76.97,9.23,4.32,843.66
2002-01-04,4.94,83.98,8.5,2.83,775.75
2002-01-05,30.12,79.61,7.71,3.21,779.14
2002-01-06,54.83,90.5,10.3,5.01,880.49
2002-01-07,54.63,68.85,12.27,8.53,1059.94
2002-01-08,27.22,79.46,11.84,6.5,988.51
2002-01-09,6.97,85.8,10.27,3.86,838.38
2002-01-10,6.44,83.9,7.99,2.61,762.15
2002-01-11,9.83,83.55,8.44,4.15,808.83
2002-01-12,8.16,98.78,8.6,3.19,775.97
2002-01-13,2.32,131.0,7.82,-0.91,617.09
2002-01-14,0.01,164.49,5.68,-1.86,552.05
2002-01-15,0.29,124.19,5.08,-2.36,535.56
2002-01-16,1.02,76.03,4.51,0.42,608.53
2002-01-17,4.61,92.24,4.72,0.39,629.91
2002-01-18,11.02,88.55,4.46,0.29,631.38
2002-01-19,13.45,97.09,6.25,1.68,681.43
2002-01-20,11.17,114.43,6.67,1.01,668.14
2002-01-21,10.16,119.23,6.03,-1.07,589.61
2002-01-22,18.3,118.57,4.47,-1.44,558.37
2002-01-23,41.14,127.58,4.74,-1.41,572.57
2002-01-24,42.65,110.72,7.41,2.54,702.22
2002-01-25,29.4,130.23,6.84,0.13,643.29
2002-01-26,15.4,105.26,5.5,-1.83,546.88
2002-01-27,6.71,61.69,2.1,-1.54,524.11
2002-01-28,7.02,138.63,3.13,-3.02,495.17
2002-01-29,14.95,111.25,2.64,-2.88,492.91
2002-01-30,14.94,84.7,2.79,-0.19,574.88
2002-01-31,9.9,93.45,3.26,-0.03,601.28
2002-02-01,6.68,137.12,4.94,-0.61,595.49
2002-02-02,5.31,133.74,5.05,-0.29,607.9
2002-02-03,3.55,159.33,7.85,0.63,643.67
2002-02-04,7.36,175.14,7.66,-2.15,571.26
2002-02-05,17.56,164.95,7.14,-0.34,614.41
2002-02-06,23.46,103.21,6.56,2.96,722.66
2002-02-07,17.07,134.64,6.34,1.21,688.94
2002-02-08,8.9,160.29,7.49,0.96,670.76
2002-02-09,4.59,179.97,8.0,-0.13,635.65
2002-02-10,4.41,183.77,7.67,-1.05,593.3
2002-02-11,2.22,193.92,7.14,-2.45,539.58
2002-02-12,0.3,255.83,6.59,-3.22,502.32
2002-02-13,0.0,268.02,6.63,-3.24,500.77
2002-02-14,1.29,209.21,8.74,-2.66,532.09
2002-02-15,2.5,212.4,13.02,-1.83,588.89
2002-02-16,4.13,193.0,12.51,1.15,681.75
2002-02-17,8.65,161.79,9.54,2.04,721.82
2002-02-18,9.08,132.34,7.78,3.03,760.94
2002-02-19,20.61,125.47,8.29,4.24,797.49
2002-02-20,34.05,214.66,8.97,-1.54,638.55
2002-02-21,46.98,179.78,10.04,3.62,784.95
2002-02-22,39.03,100.26,9.94,6.93,943.42
2002-02-23,15.85,125.44,9.6,4.0,826.65
2002-02-24,3.09,231.66,7.41,-1.58,597.59
2002-02-25,0.31,313.01,8.0,-3.47,508.55
2002-02-26,0.0,321.53,9.34,-3.18,509.81
2002-02-27,0.03,292.03,8.99,-3.86,492.69
2002-02-28,0.01,330.63,9.28,-3.91,487.09
2002-03-01,0.0,336.5,9.03,-4.03,481.96
2002-03-02,0.0,343.58,10.51,-4.42,481.54
2002-03-03,1.14,264.31,13.47,-3.46,525.8
2002-03-04,0.58,315.31,12.83,-1.8,587.6
2002-03-05,0.74,232.71,12.09,0.55,648.1
2002-03-06,1.61,203.16,9.35,-1.51,565.78
2002-03-07,2.31,233.42,4.95,-4.5,460.33
2002-03-08,3.98,207.58,3.85,-4.09,459.83
2002-03-09,23.6,199.89,5.52,-1.01,571.64
2002-03-10,33.27,176.26,7.79,2.26,715.81
2002-03-11,32.96,171.61,9.56,4.21,808.72
2002-03-12,22.32,206.71,9.18,1.75,726.86
2002-03-13,15.7,154.67,8.31,0.96,667.53
2002-03-14,9.19,191.98,7.08,1.15,666.45
2002-03-15,7.89,185.71,6.73,-0.03,617.23
2002-03-16,5.2,216.43,4.98,-1.82,546.16
2002-03-17,7.8,244.77,4.58,-3.1,497.39
2002-03-18,18.95,190.03,4.23,-2.66,502.14
2002-03-19,15.2,181.46,4.32,-0.44,578.67
2002-03-20,5.4,182.74,5.04,0.23,618.81
2002-03-21,0.97,204.44,5.74,0.6,640.44
2002-03-22,0.84,280.4,11.19,1.01,687.81
2002-03-23,0.66,290.14,12.43,1.94,736.4
2002-03-24,0.31,287.04,12.29,2.33,759.63
2002-03-25,0.92,291.87,13.26,2.69,769.41
2002-03-26,4.79,309.2,12.61,-0.2,667.36
2002-03-27,5.83,279.27,11.29,0.33,659.6
2002-03-28,3.47,201.02,8.78,2.96,738.47
2002-03-29,1.44,274.32,10.04,1.57,713.94
2002-03-30,0.31,372.42,9.75,1.02,688.26
2002-03-31,0.37,296.35,10.41,1.98,734.19
2002-04-01,0.23,299.55,11.16,4.14,792.61
2002-04-02,0.13,385.28,13.35,-1.76,622.34
2002-04-03,0.05,454.07,16.12,-1.07,629.42
2002-04-04,1.71,356.99,19.48,-0.56,698.47
2002-04-05,3.52,337.03,19.11,4.84,891.98
2002-04-06,2.62,253.46,18.17,4.06,830.29
2002-04-07,3.88,299.66,10.27,1.4,703.81
2002-04-08,10.44,352.1,14.9,-2.21,621.79
2002-04-09,16.74,320.59,14.75,4.23,826.99
2002-04-10,18.31,248.5,13.9,4.94,882.84
2002-04-11,24.22,197.7,10.82,6.14,939.49
2002-04-12,32.25,190.35,11.67,7.16,999.33
2002-04-13,33.77,159.05,11.42,7.28,984.44
2002-04-14,25.51,300.6,12.22,2.87,807.3
2002-04-15,19.75,299.33,11.75,2.61,755.94
2002-04-16,12.09,290.21,10.2,1.82,711.5
2002-04-17,4.4,339.43,10.72,-0.17,652.14
2002-04-18,0.91,376.59,13.25,0.71,692.8
2002-04-19,0.08,410.18,12.76,3.31,781.41
2002-04-20,0.0,387.4,11.94,3.49,792.02
2002-04-21,0.13,351.71,11.37,2.46,761.44
2002-04-22,0.14,306.87,11.27,3.39,760.56
2002-04-23,0.04,475.78,12.72,-1.27,623.19
2002-04-24,0.0,508.81,15.72,-0.84,626.45
2002-04-25,3.52,394.67,15.59,-0.29,657.66
2002-04-26,5.78,332.93,14.95,1.88,718.72
2002-04-27,2.32,289.99,11.23,2.86,745.25
2002-04-28,0.16,483.11,15.69,-0.07,685.16
2002-04-29,0.0,507.3,18.29,2.71,779.55
2002-04-30,0.59,388.49,18.07,2.78,818.46
2002-05-01,0.95,259.88,16.73,6.36,931.72
2002-05-02,1.23,237.88,12.38,5.11,870.8
2002-05-03,2.14,338.26,12.03,1.51,733.04
2002-05-04,6.23,340.7,11.86,2.13,739.17
2002-05-05,7.25,232.31,11.43,4.13,778.87
2002-05-06,4.19,323.45,8.75,-0.43,633.85
2002-05-07,1.34,369.11,11.14,-0.28,613.17
2002-05-08,0.43,461.32,11.47,-1.88,569.29
2002-05-09,0.15,450.73,12.04,-0.64,606.55
2002-05-10,0.02,519.43,15.43,-0.35,650.25
2002-05-11,0.07,413.0,17.92,2.11,767.05
2002-05-12,3.51,388.34,19.34,3.82,878.65
2002-05-13,6.03,385.87,22.7,6.48,1000.11
2002-05-14,2.51,318.88,21.51,4.88,882.33
2002-05-15,2.27,367.0,14.96,2.34,762.02
2002-05-16,1.56,400.34,17.64,-0.11,708.03
2002-05-17,0.62,377.72,17.73,4.76,869.18
2002-05-18,0.97,368.63,16.85,3.94,853.23
2002-05-19,1.27,363.71,15.84,4.09,877.93
2002-05-20,0.86,308.06,15.87,7.55,999.92
2002-05-21,0.46,335.32,15.06,3.92,872.52
2002-05-22,0.55,295.47,14.23,6.45,932.79
2002-05-23,0.36,353.36,15.27,3.8,829.92
2002-05-24,0.39,445.07,17.59,2.2,812.57
2002-05-25,1.24,359.3,19.84,9.19,1125.16
2002-05-26,5.16,299.09,19.19,9.56,1171.41
2002-05-27,15.36,314.26,17.62,8.64,1135.7
2002-05-28,16.56,231.95,17.12,9.88,1190.86
2002-05-29,7.17,168.72,14.87,10.53,1183.54
2002-05-30,1.07,445.83,16.22,4.95,915.01
2002-05-31,0.0,498.08,17.17,5.32,892.38
2002-06-01,0.0,522.56,19.6,5.01,907.5
2002-06-02,0.05,480.88,18.93,6.68,978.39
2002-06-03,1.85,382.89,18.45,6.77,1033.28
2002-06-04,3.31,287.56,17.9,10.02,1196.0
2002-06-05,2.85,210.72,16.81,10.59,1183.58
2002-06-06,0.98,353.01,15.45,3.24,853.42
2002-06-07,1.45,322.6,14.99,4.61,836.59
2002-06-08,1.31,368.5,15.19,3.34,822.11
2002-06-09,0.31,472.36,17.84,6.55,962.35
2002-06-10,0.0,412.05,17.67,9.3,1109.02
2002-06-11,0.0,500.82,23.38,9.23,1147.58
2002-06-12,0.06,417.68,26.51,8.36,1181.27
2002-06-13,0.03,509.27,31.3,11.07,1313.7
2002-06-14,0.03,442.95,30.87,9.51,1182.92
2002-06-15,0.06,475.0,24.5,6.62,993.59
2002-06-16,5.4,324.17,18.85,8.53,1061.05
2002-06-17,13.76,247.06,16.19,8.63,1088.88
2002-06-18,6.53,270.89,16.79,9.93,1131.25
2002-06-19,0.5,472.5,18.18,6.19,946.32
2002-06-20,0.0,535.48,24.21,6.6,981.27
2002-06-21,0.13,479.22,25.07,8.24,1094.06
2002-06-22,0.8,385.3,24.77,9.99,1201.36
2002-06-23,0.46,341.01,22.08,10.48,1206.01
2002-06-24,0.05,494.19,22.55,8.14,1085.91
2002-06-25,0.7,415.75,26.32,8.76,1161.41
2002-06-26,2.45,395.37,27.56,9.74,1256.95
2002-06-27,19.33,342.99,27.26,12.47,1354.26
2002-06-28,32.54,253.87,22.7,9.42,1181.01
2002-06-29,14.69,230.75,15.96,10.15,1170.72
2002-06-30,1.61,347.47,17.34,7.48,1024.02
2002-07-01,0.06,486.69,18.69,5.99,927.13
2002-07-02,0.17,410.81,19.89,5.18,928.15
2002-07-03,1.87,362.47,19.65,7.71,1042.97
2002-07-04,1.33,269.38,18.61,9.03,1084.17
2002-07-05,0.28,378.38,20.98,4.78,948.72
2002-07-06,0.18,395.04,24.51,7.86,1104.81
2002-07-07,0.58,378.35,24.58,10.26,1237.83
2002-07-08,0.29,370.81,24.02,9.54,1176.68
2002-07-09,0.02,493.85,25.77,9.78,1206.15
2002-07-10,0.0,522.2,30.29,10.83,1287.16
2002-07-11,0.0,515.83,29.03,10.62,1236.46
2002-07-12,0.0,522.87,26.89,9.14,1158.59
2002-07-13,0.0,479.2,25.97,12.41,1272.85
2002-07-14,0.0,431.35,23.8,11.34,1174.62
2002-07-15,0.01,489.29,23.21,7.05,975.69
2002-07-16,0.01,459.08,22.64,10.39,1124.47
2002-07-17,0.15,317.87,21.97,12.92,1343.2
2002-07-18,0.08,311.95,21.23,13.79,1384.45
2002-07-19,0.0,383.76,21.79,12.94,1293.6
2002-07-20,0.0,474.45,23.29,10.36,1118.48
2002-07-21,0.0,519.82,26.93,8.88,1073.2
2002-07-22,0.13,408.33,31.0,10.73,1271.8
2002-07-23,0.12,367.28,29.97,14.01,1461.04
2002-07-24,0.03,397.87,27.88,13.91,1407.98
2002-07-25,0.02,318.33,22.76,13.59,1376.54
2002-07-26,0.02,297.29,20.25,12.2,1276.92
2002-07-27,0.07,297.74,19.5,10.87,1197.25
2002-07-28,0.1,322.5,19.44,11.01,1178.07
2002-07-29,0.03,371.82,19.62,11.48,1161.29
2002-07-30,0.0,436.52,19.62,9.16,1015.13
2002-07-31,0.0,495.5,21.14,6.8,885.44
2002-08-01,0.0,512.44,21.56,6.0,866.09
2002-08-02,0.43,353.3,20.73,8.6,988.59
2002-08-03,1.01,353.63,18.91,6.5,910.8
2002-08-04,3.13,346.5,18.32,6.71,894.78
2002-08-05,2.53,352.55,18.1,6.0,874.47
2002-08-06,0.81,347.44,18.65,7.08,905.42
2002-08-07,0.11,474.18,20.06,6.09,844.11
2002-08-08,0.0,509.91,23.9,6.33,878.07
2002-08-09,0.36,391.7,24.9,8.5,1022.98
2002-08-10,0.18,463.2,24.64,9.5,1035.46
2002-08-11,0.0,493.86,25.06,9.11,1023.35
2002-08-12,0.0,500.71,28.28,9.44,1059.85
2002-08-13,0.0,502.12,31.84,10.16,1122.55
2002-08-14,0.0,494.87,31.49,10.57,1123.83
2002-08-15,0.0,483.73,29.32,9.58,1050.09
2002-08-16,0.0,479.72,24.92,9.17,1006.43
2002-08-17,0.0,485.15,24.45,7.6,940.29
2002-08-18,0.0,443.51,23.44,9.17,998.01
2002-08-19,0.13,329.66,21.19,8.86,1028.95
2002-08-20,0.06,387.1,19.74,8.69,984.26
2002-08-21,0.01,358.5,18.43,8.17,955.25
2002-08-22,0.01,455.61,21.72,6.98,899.94
2002-08-23,0.0,463.22,22.71,8.12,953.76
2002-08-24,0.0,434.44,22.73,10.1,1062.74
2002-08-25,0.0,373.66,22.04,10.86,1115.34
2002-08-26,0.0,405.67,21.95,10.65,1062.25
2002-08-27,0.0,462.53,26.01,8.28,946.17
2002-08-28,0.0,471.49,29.59,9.47,993.76
2002-08-29,0.0,433.08,28.55,10.86,1052.42
2002-08-30,0.0,388.39,23.72,10.67,1037.72
2002-08-31,0.0,434.55,22.33,7.95,935.15
2002-09-01,3.85,311.79,22.23,10.45,1067.97
2002-09-02,3.46,298.0,21.37,8.05,980.87
2002-09-03,1.15,287.96,18.96,7.58,912.68
2002-09-04,0.19,425.51,19.0,3.97,730.43
2002-09-05,0.02,393.27,19.39,4.31,739.65
2002-09-06,0.18,325.8,20.06,5.6,822.09
2002-09-07,4.71,282.66,19.33,6.9,879.63
2002-09-08,3.3,262.23,16.88,6.01,888.57
2002-09-09,0.89,245.74,18.09,10.23,1055.04
2002-09-10,0.2,403.89,22.92,7.82,956.83
2002-09-11,0.0,412.57,24.17,9.28,999.18
2002-09-12,0.0,416.7,24.7,8.88,1004.57
2002-09-13,0.06,321.37,25.64,8.67,1056.9
2002-09-14,0.4,277.75,24.9,10.18,1124.0
2002-09-15,3.13,204.11,21.51,9.96,1124.01
2002-09-16,3.06,175.82,16.71,10.63,1134.83
2002-09-17,0.83,285.37,18.46,8.12,964.83
2002-09-18,0.02,395.46,19.64,4.38,779.75
2002-09-19,1.51,274.38,19.07,7.36,876.6
2002-09-20,0.75,385.77,19.19,4.22,750.56
2002-09-21,0.0,407.03,21.08,2.7,681.49
2002-09-22,0.0,401.25,21.43,3.73,713.12
2002-09-23,0.0,398.91,23.34,4.88,776.91
2002-09-24,0.0,381.03,22.6,6.66,846.09
2002-09-25,0.0,378.44,22.14,6.31,837.72
2002-09-26,0.0,365.21,21.46,6.7,770.11
2002-09-27,0.07,357.23,20.47,5.14,632.57
2002-09-28,0.64,280.41,20.03,5.76,653.3
2002-09-29,1.52,245.74,19.29,4.89,646.34
2002-09-30,1.05,246.01,15.35,3.73,607.66
2002-10-01,2.5,265.66,15.78,1.65,538.1
2002-10-02,5.11,262.14,15.54,1.92,572.01
2002-10-03,3.21,169.49,15.2,8.09,845.02
2002-10-04,0.99,167.92,14.85,8.06,896.96
2002-10-05,0.32,181.06,14.59,7.06,858.76
2002-10-06,0.22,180.15,16.09,8.58,903.83
2002-10-07,0.17,205.5,16.16,6.88,847.6
2002-10-08,0.27,140.27,15.77,8.16,905.54
2002-10-09,0.22,194.35,14.46,6.46,814.75
2002-10-10,0.06,273.01,14.57,4.94,672.76
2002-10-11,0.0,324.22,13.85,-1.39,461.89
2002-10-12,0.0,335.71,16.08,-1.4,427.02
2002-10-13,0.0,329.25,15.85,-1.15,437.5
2002-10-14,0.0,327.58,17.32,-0.7,461.15
2002-10-15,0.0,325.0,20.55,0.93,520.86
2002-10-16,0.0,310.72,20.06,2.51,581.81
2002-10-17,1.14,236.72,20.6,2.13,648.7
2002-10-18,1.11,159.98,20.0,6.67,832.3
2002-10-19,0.94,106.45,14.69,8.58,984.79
2002-10-20,2.29,134.44,16.04,9.31,1036.16
2002-10-21,0.98,139.43,15.77,9.64,1037.25
2002-10-22,0.0,186.6,15.09,8.16,923.5
2002-10-23,0.0,272.16,15.62,1.8,658.43
2002-10-24,0.18,199.09,15.09,2.39,646.28
2002-10-25,0.6,141.23,14.01,2.08,655.9
2002-10-26,1.14,130.04,9.59,3.31,697.56
2002-10-27,1.18,133.08,9.7,2.94,696.65
2002-10-28,0.4,171.41,10.64,3.36,682.96
2002-10-29,0.01,242.63,11.22,0.07,552.76
2002-10-30,0.0,266.15,10.52,-5.18,393.63
2002-10-31,0.0,266.5,10.69,-6.53,338.38
2002-11-01,0.0,265.38,12.84,-6.81,334.06
2002-11-02,0.0,257.27,12.3,-5.48,355.69
2002-11-03,0.0,248.99,10.64,-5.49,358.68
2002-11-04,0.64,190.3,10.01,-4.92,403.97
2002-11-05,8.96,148.61,11.05,1.94,616.45
2002-11-06,15.92,96.17,10.64,4.7,787.53
2002-11-07,17.39,80.28,10.51,5.94,881.07
2002-11-08,13.67,71.57,10.45,6.3,911.81
2002-11-09,14.8,82.44,9.97,4.98,866.11
2002-11-10,14.35,68.55,9.69,5.77,893.31
2002-11-11,19.21,68.17,10.51,6.68,948.74
2002-11-12,15.41,85.46,11.85,6.95,974.57
2002-11-13,15.77,89.29,11.36,5.82,923.99
2002-11-14,9.29,125.86,12.71,4.6,858.64
2002-11-15,6.48,124.03,11.78,1.4,723.17
2002-11-16,22.59,127.18,10.17,2.24,726.06
2002-11-17,12.31,126.96,10.87,2.67,759.05
2002-11-18,55.87,96.52,10.32,4.07,824.62
2002-11-19,42.64,89.57,12.34,7.1,971.27
2002-11-20,7.73,121.25,12.9,5.49,938.6
2002-11-21,0.18,102.39,12.27,5.05,899.05
2002-11-22,0.21,75.3,10.8,6.24,923.08
2002-11-23,0.07,142.14,9.93,2.67,781.94
2002-11-24,0.0,161.87,9.37,0.85,676.43
2002-11-25,0.0,163.68,8.36,-1.8,571.28
2002-11-26,0.0,171.62,8.05,-2.02,553.64
2002-11-27,0.0,149.16,8.45,0.06,613.97
2002-11-28,0.0,166.54,8.82,-1.43,585.48
2002-11-29,0.0,155.37,8.02,-1.2,577.14
2002-11-30,0.0,154.34,7.53,-0.93,585.5
2002-12-01,0.04,118.58,7.1,-1.01,593.27
2002-12-02,2.21,87.41,7.45,2.13,693.6
2002-12-03,3.32,71.38,7.09,2.13,716.0
2002-12-04,4.35,62.82,6.75,3.3,752.72
2002-12-05,1.74,108.99,8.58,2.06,728.14
2002-12-06,0.06,148.89,8.54,0.59,663.65
2002-12-07,0.0,147.09,8.11,-1.74,572.29
2002-12-08,4.09,99.43,5.93,-0.68,581.7
2002-12-09,20.6,102.7,6.3,-0.7,601.98
2002-12-10,37.76,72.03,7.12,2.83,715.15
2002-12-11,42.6,81.9,7.45,2.1,733.01
2002-12-12,33.05,93.05,10.78,4.42,825.11
2002-12-13,30.59,66.27,10.52,3.88,823.88
2002-12-14,32.28,78.91,10.69,5.6,891.88
2002-12-15,24.95,62.96,10.47,4.82,866.2
2002-12-16,22.3,79.74,8.52,2.92,775.47
2002-12-17,17.2,76.38,7.57,0.85,673.68
2002-12-18,11.05,79.08,5.2,-0.04,626.19
2002-12-19,4.03,71.05,5.95,1.77,674.24
2002-12-20,1.26,102.96,7.22,-0.01,647.02
2002-12-21,1.53,90.05,7.19,1.44,676.63
2002-12-22,3.12,80.38,6.91,0.96,666.52
2002-12-23,6.97,81.05,5.87,0.63,644.25
2002-12-24,24.89,92.82,5.5,-1.16,590.59
2002-12-25,34.78,82.3,5.97,1.08,644.34
2002-12-26,24.43,99.49,6.36,-0.1,634.67
2002-12-27,10.91,102.05,7.98,1.21,668.77
2002-12-28,12.81,85.49,7.67,-0.13,619.92
2002-12-29,13.17,101.74,4.55,-2.63,533.43
2002-12-30,10.27,87.29,4.69,-0.26,582.99
2002-12-31,35.59,103.91,5.96,-0.93,597.23
2003-01-01,57.87,83.6,6.99,2.24,704.06
2003-01-02,44.58,93.81,10.17,4.61,835.54
2003-01-03,22.53,77.5,9.98,4.91,876.45
2003-01-04,14.08,75.8,10.74,6.61,935.28
2003-01-05,4.38,156.31,10.34,0.2,708.9
2003-01-06,0.0,166.19,8.59,-1.55,588.32
2003-01-07,0.0,167.93,8.42,-1.78,565.48
2003-01-08,0.0,172.11,8.38,-2.48,543.35
2003-01-09,0.37,132.24,9.84,-2.62,539.88
2003-01-10,9.52,129.14,8.82,-2.57,535.53
2003-01-11,19.8,124.13,6.92,-1.72,574.38
2003-01-12,13.9,81.76,8.53,4.05,774.62
2003-01-13,7.01,78.63,8.51,4.24,815.43
2003-01-14,2.76,127.81,8.09,0.58,687.88
2003-01-15,0.42,148.89,7.42,0.04,633.55
2003-01-16,0.0,150.52,6.53,-0.08,622.39
2003-01-17,0.0,182.78,9.36,-0.8,611.35
2003-01-18,0.65,132.42,8.64,-0.8,614.36
2003-01-19,1.7,113.11,8.34,1.97,701.81
2003-01-20,11.37,103.44,7.85,2.12,727.99
2003-01-21,27.3,65.62,7.18,3.52,776.97
2003-01-22,31.78,94.58,9.58,4.86,859.7
2003-01-23,21.33,95.06,10.48,5.79,922.16
2003-01-24,30.01,77.74,10.23,6.49,963.7
2003-01-25,46.37,77.13,10.97,7.41,1018.2
2003-01-26,30.12,93.57,12.14,7.75,1043.42
2003-01-27,10.71,103.08,11.59,5.54,928.09
2003-01-28,13.65,137.36,9.81,2.32,776.83
2003-01-29,34.77,107.23,8.96,2.74,763.68
2003-01-30,39.49,95.81,9.66,5.61,888.51
2003-01-31,19.6,92.29,10.6,6.64,949.75
2003-02-01,5.08,128.22,9.93,2.81,801.56
2003-02-02,1.06,116.9,8.17,2.9,754.42
2003-02-03,0.23,161.72,8.88,0.28,662.23
2003-02-04,0.04,230.67,7.94,-2.62,547.6
2003-02-05,0.0,236.98,6.99,-2.98,511.65
2003-02-06,0.0,238.37,6.52,-3.46,493.11
2003-02-07,0.0,240.49,6.14,-3.41,496.48
2003-02-08,0.04,194.65,6.67,-1.18,560.35
2003-02-09,0.02,206.06,6.29,-1.8,547.03
2003-02-10,0.0,233.23,5.53,-2.17,531.97
2003-02-11,0.0,267.11,9.1,-3.44,509.18
2003-02-12,0.0,270.23,10.36,-3.21,518.26
2003-02-13,2.95,207.39,10.21,-2.69,555.81
2003-02-14,6.02,168.25,10.26,3.21,745.74
2003-02-15,15.71,166.91,9.86,2.52,763.93
2003-02-16,16.74,116.49,9.2,3.66,777.53
2003-02-17,11.6,146.89,7.43,1.09,689.05
2003-02-18,9.64,183.14,7.27,0.05,649.87
2003-02-19,15.39,141.77,8.19,3.41,758.49
2003-02-20,17.0,167.27,9.49,3.45,796.45
2003-02-21,10.25,168.08,9.61,3.66,801.94
2003-02-22,2.9,191.53,9.38,2.02,727.94
2003-02-23,0.25,296.23,8.78,-2.62,557.21
2003-02-24,0.0,310.3,7.79,-3.98,477.38
2003-02-25,0.0,326.83,9.07,-6.77,415.4
2003-02-26,0.58,245.82,9.83,-3.58,486.31
2003-02-27,3.01,247.38,9.77,-3.58,518.67
2003-02-28,2.86,215.34,9.5,0.77,650.45
2003-03-01,3.69,228.52,10.77,0.92,682.37
2003-03-02,2.57,217.69,10.27,-0.27,638.23
2003-03-03,0.86,218.66,8.99,-0.05,639.28
2003-03-04,4.95,200.66,8.56,1.14,680.9
2003-03-05,13.24,160.82,8.16,2.3,716.54
2003-03-06,11.71,181.8,7.41,0.92,673.15
2003-03-07,18.51,194.52,7.07,0.44,644.48
2003-03-08,25.02,156.78,6.6,-0.08,625.01
2003-03-09,22.22,230.4,10.14,1.6,718.07
2003-03-10,19.03,160.03,10.55,5.83,891.98
2003-03-11,33.26,167.93,10.35,5.2,902.98
2003-03-12,56.12,159.25,10.86,6.15,945.07
2003-03-13,41.79,126.0,10.8,7.28,998.06
2003-03-14,20.21,185.89,11.74,6.34,963.44
2003-03-15,13.11,230.5,11.56,4.29,858.98
2003-03-16,8.77,250.65,11.01,1.95,740.3
2003-03-17,9.75,270.12,9.73,0.21,666.15
2003-03-18,13.48,247.53,9.33,1.34,694.22
2003-03-19,22.79,200.75,8.75,2.91,758.99
2003-03-20,40.31,199.39,9.91,4.58,840.07
2003-03-21,27.51,144.96,9.66,4.76,845.35
2003-03-22,11.46,242.48,10.45,3.19,790.19
2003-03-23,24.38,269.15,10.01,1.3,694.0
2003-03-24,16.48,306.52,9.02,-3.21,557.09
2003-03-25,9.93,287.77,11.25,2.19,709.04
2003-03-26,8.42,279.12,10.81,1.91,729.73
2003-03-27,3.87,289.99,10.46,1.63,711.27
2003-03-28,0.73,368.98,10.71,-0.02,673.82
2003-03-29,2.37,323.25,15.51,3.33,810.6
2003-03-30,7.24,322.5,18.07,4.35,889.13
2003-03-31,7.51,284.14,17.3,4.21,837.64
2003-04-01,9.59,295.21,11.23,0.53,677.17
2003-04-02,11.47,281.69,8.44,-0.55,608.96
2003-04-03,6.95,261.15,6.36,-0.13,605.45
2003-04-04,7.01,321.43,8.57,-1.69,572.33
2003-04-05,13.45,307.22,8.15,-0.87,600.94
2003-04-06,14.32,298.2,9.65,1.66,704.99
2003-04-07,18.87,250.36,9.66,3.66,797.14
2003-04-08,12.08,279.03,11.94,4.55,846.29
2003-04-09,6.46,312.9,12.02,2.6,788.36
2003-04-10,4.42,334.07,14.49,3.65,828.56
2003-04-11,12.24,305.39,13.94,4.09,848.85
2003-04-12,15.08,309.29,13.54,4.73,877.17
2003-04-13,11.11,298.49,13.05,4.3,848.69
2003-04-14,7.24,295.41,11.7,2.73,785.73
2003-04-15,4.17,274.46,10.99,4.36,827.71
2003-04-16,3.02,290.27,10.54,2.81,769.79
2003-04-17,3.04,318.81,10.09,1.49,707.57
2003-04-18,1.32,337.84,10.27,0.37,682.63
2003-04-19,0.89,327.72,12.8,3.62,801.45
2003-04-20,1.12,336.43,13.65,3.63,837.33
2003-04-21,3.54,289.49,13.5,5.32,876.09
2003-04-22,11.61,348.8,12.5,1.21,735.54
2003-04-23,11.58,314.37,12.31,2.12,729.71
2003-04-24,5.54,303.83,10.32,2.32,729.18
2003-04-25,2.21,369.46,13.95,-0.25,680.43
2003-04-26,1.49,323.43,13.78,3.76,800.17
2003-04-27,0.94,376.7,14.94,3.52,838.02
2003-04-28,0.38,376.57,19.65,4.56,922.37
2003-04-29,0.65,345.94,19.44,7.03,1010.7
2003-04-30,0.29,451.82,16.74,4.99,923.76
2003-05-01,0.56,380.11,17.69,5.41,929.44
2003-05-02,3.67,371.88,17.45,3.72,861.2
2003-05-03,6.56,299.62,16.14,4.74,860.87
2003-05-04,7.96,277.02,11.6,4.32,825.9
2003-05-05,4.04,362.43,12.65,0.97,703.76
2003-05-06,1.87,381.62,12.76,-0.28,645.9
2003-05-07,0.99,375.87,11.94,0.19,659.52
2003-05-08,0.22,418.11,13.29,1.54,711.11
2003-05-09,0.02,503.47,15.03,1.63,742.55
2003-05-10,0.0,497.08,16.04,4.12,833.64
2003-05-11,0.0,515.07,17.3,2.97,811.81
2003-05-12,0.0,508.3,16.42,3.32,812.34
2003-05-13,0.52,414.28,20.23,2.09,812.04
2003-05-14,4.26,357.31,19.29,5.39,890.5
2003-05-15,5.88,326.07,15.18,1.65,723.57
2003-05-16,3.47,340.18,9.77,0.1,646.74
2003-05-17,2.22,353.14,10.72,0.44,650.09
2003-05-18,1.04,427.04,14.11,-0.74,635.37
2003-05-19,1.3,411.3,19.01,-0.12,715.4
2003-05-20,2.61,361.76,18.21,6.42,977.79
2003-05-21,1.2,360.28,17.91,7.71,1083.61
2003-05-22,0.25,316.68,17.62,8.76,1159.22
2003-05-23,0.42,361.68,23.13,9.67,1254.94
2003-05-24,1.32,346.68,22.38,10.01,1236.37
2003-05-25,0.7,329.48,20.24,6.52,1015.8
2003-05-26,0.21,395.48,18.17,4.48,952.49
2003-05-27,0.07,488.21,23.97,9.69,1193.94
2003-05-28,0.0,505.7,22.91,7.36,1084.36
2003-05-29,0.0,521.58,21.48,5.73,1013.28
2003-05-30,0.11,388.12,20.68,8.96,1139.24
2003-05-31,0.06,433.56,18.79,7.99,1110.8
2003-06-01,0.03,336.87,17.4,9.53,1157.41
2003-06-02,0.01,472.18,18.95,6.32,1012.68
2003-06-03,0.0,526.25,22.45,5.57,1003.14
2003-06-04,0.0,528.56,27.39,8.11,1184.01
2003-06-05,0.0,523.26,31.41,10.35,1382.07
2003-06-06,0.0,517.03,31.87,11.9,1502.87
2003-06-07,0.0,501.12,31.32,12.36,1487.18
2003-06-08,0.13,349.73,28.12,10.63,1329.97
2003-06-09,0.2,241.54,20.69,10.91,1269.19
2003-06-10,0.17,227.27,16.46,8.81,1149.52
2003-06-11,0.23,203.91,14.96,9.81,1194.98
2003-06-12,3.0,169.79,15.14,11.03,1265.64
2003-06-13,1.81,235.78,16.69,10.31,1237.69
2003-06-14,1.16,245.16,16.71,10.12,1210.29
2003-06-15,0.49,445.66,21.04,9.37,1155.83
2003-06-16,0.0,525.15,25.2,7.64,1117.14
2003-06-17,0.13,408.43,26.55,10.36,1280.41
2003-06-18,0.06,442.67,26.24,11.23,1256.44
2003-06-19,0.02,403.39,21.59,8.11,1061.97
2003-06-20,0.16,298.66,16.53,8.45,1072.44
2003-06-21,0.54,274.31,16.03,8.98,1080.29
2003-06-22,0.36,328.44,16.3,6.77,961.95
2003-06-23,0.06,446.93,16.8,6.65,914.37
2003-06-24,0.0,514.21,20.61,6.52,922.83
2003-06-25,0.0,530.15,24.18,7.96,1013.64
2003-06-26,0.0,528.54,26.21,9.56,1110.69
2003-06-27,0.0,524.23,25.89,9.64,1125.27
2003-06-28,1.19,419.11,28.61,8.66,1173.64
2003-06-29,5.98,389.98,29.32,11.98,1350.69
2003-06-30,2.99,277.16,28.83,12.09,1287.0
2003-07-01,0.47,377.49,19.17,7.15,985.96
2003-07-02,0.16,489.77,19.65,6.77,896.7
2003-07-03,0.0,524.41,21.25,6.19,877.36
2003-07-04,0.0,518.31,21.49,7.47,952.51
2003-07-05,0.0,450.27,21.36,11.16,1115.58
2003-07-06,0.0,490.82,22.03,9.63,1042.32
2003-07-07,0.0,460.89,21.79,9.71,1013.58
2003-07-08,0.0,412.75,19.09,9.84,1008.65
2003-07-09,0.0,515.45,25.64,8.58,970.2
2003-07-10,0.0,513.34,25.89,11.32,1095.04
2003-07-11,2.02,371.37,24.95,11.79,1177.54
2003-07-12,3.5,304.3,22.12,12.17,1213.12
2003-07-13,2.88,246.61,20.01,12.76,1236.55
2003-07-14,0.9,338.42,21.0,10.84,1072.81
2003-07-15,0.04,453.44,20.97,9.92,940.81
2003-07-16,0.0,484.13,21.39,9.49,889.81
2003-07-17,0.25,416.72,24.71,6.6,835.83
2003-07-18,0.18,405.23,26.78,6.98,859.71
2003-07-19,0.55,400.39,27.08,8.22,954.64
2003-07-20,0.26,437.86,26.28,14.36,1182.07
2003-07-21,0.0,437.7,25.09,13.84,1127.88
2003-07-22,0.0,522.0,28.0,8.87,835.73
2003-07-23,0.0,521.64,26.77,8.63,768.62
2003-07-24,0.0,481.25,23.2,10.78,833.73
2003-07-25,0.0,490.16,22.49,9.46,789.8
2003-07-26,0.0,483.56,22.97,10.52,806.58
2003-07-27,0.0,524.82,27.36,9.01,758.86
2003-07-28,0.0,532.95,30.01,10.1,810.36
2003-07-29,0.0,527.43,32.38,12.04,879.83
2003-07-30,0.0,531.61,31.07,9.86,808.67
2003-07-31,0.0,492.66,29.23,10.65,813.79
2003-08-01,0.0,460.13,23.29,10.19,792.51
2003-08-02,0.06,381.35,22.92,8.94,773.96
2003-08-03,0.03,436.28,22.37,11.07,755.34
2003-08-04,0.13,376.42,22.99,9.35,740.03
2003-08-05,0.07,447.66,22.44,10.65,710.65
2003-08-06,0.0,450.64,21.91,10.53,719.4
2003-08-07,1.94,357.3,22.69,10.62,793.16
2003-08-08,1.53,343.75,22.3,9.36,772.94
2003-08-09,0.3,387.86,21.39,9.51,732.73
2003-08-10,0.01,456.03,21.89,9.5,709.65
2003-08-11,1.3,354.73,22.51,10.5,803.74
2003-08-12,0.65,436.13,22.31,9.28,705.64
2003-08-13,0.0,475.38,22.87,9.13,628.55
2003-08-14,0.0,504.96,25.18,7.43,558.56
2003-08-15,0.02,470.14,28.81,11.3,705.59
2003-08-16,0.16,250.16,28.54,12.94,912.72
2003-08-17,0.07,413.05,22.87,11.31,713.72
2003-08-18,0.0,463.19,25.39,11.93,654.36
2003-08-19,0.0,472.51,25.11,9.83,569.56
2003-08-20,0.0,474.44,24.19,9.76,547.37
2003-08-21,0.0,491.16,25.25,8.73,522.62
2003-08-22,0.0,477.76,25.07,9.78,525.68
2003-08-23,0.0,470.99,23.92,4.49,410.15
2003-08-24,0.21,378.97,22.11,5.6,472.4
2003-08-25,0.67,364.1,25.58,7.97,577.9
2003-08-26,0.62,349.15,27.31,12.18,714.78
2003-08-27,0.17,419.11,26.33,9.95,600.94
2003-08-28,0.0,471.91,24.83,8.61,525.56
2003-08-29,0.0,470.85,24.19,8.24,509.05
2003-08-30,0.0,475.58,25.94,8.55,514.31
2003-08-31,0.0,470.88,24.96,7.69,488.46
2003-09-01,0.0,472.05,23.19,5.78,451.68
2003-09-02,0.0,476.65,27.85,7.89,507.74
2003-09-03,0.0,471.99,29.15,9.0,552.64
2003-09-04,0.0,465.51,28.38,9.27,567.68
2003-09-05,1.61,358.58,27.22,7.39,599.77
2003-09-06,7.74,310.81,25.34,8.74,728.63
2003-09-07,6.74,156.52,21.16,12.04,1028.49
2003-09-08,3.85,255.08,17.72,7.63,847.43
2003-09-09,6.32,174.85,17.35,10.58,1016.61
2003-09-10,10.3,121.31,16.16,11.99,1195.67
2003-09-11,7.33,140.0,17.43,12.67,1198.69
2003-09-12,1.85,322.06,18.62,6.22,806.87
2003-09-13,0.06,413.81,21.37,5.54,699.29
2003-09-14,1.15,299.21,20.66,6.63,778.35
2003-09-15,3.13,277.5,18.15,5.67,774.36
2003-09-16,3.34,247.91,16.43,6.5,799.96
2003-09-17,5.3,279.2,15.57,3.52,737.08
2003-09-18,8.6,154.7,15.27,9.35,1005.09
2003-09-19,4.24,179.64,17.05,10.53,1095.26
2003-09-20,0.5,348.49,18.21,6.56,856.62
2003-09-21,0.0,386.08,19.87,5.32,769.34
2003-09-22,0.0,392.62,23.16,6.77,824.34
2003-09-23,0.0,368.31,22.38,7.04,841.48
2003-09-24,0.0,386.28,23.56,6.5,840.41
2003-09-25,0.0,381.21,23.85,7.72,895.01
2003-09-26,0.0,351.07,23.33,8.89,964.19
2003-09-27,0.0,369.74,28.02,10.39,1055.74
2003-09-28,0.0,368.56,27.27,9.14,1006.89
2003-09-29,0.0,243.4,25.02,10.66,1069.96
2003-09-30,0.0,307.24,20.46,9.9,1021.15
2003-10-01,0.0,335.42,21.21,8.47,959.73
2003-10-02,0.29,198.21,20.67,10.17,1080.92
2003-10-03,0.24,178.87,17.57,10.07,1096.96
2003-10-04,0.29,175.32,16.61,8.2,1016.7
2003-10-05,0.36,109.62,15.12,10.18,1121.97
2003-10-06,11.14,114.92,14.4,10.29,1149.07
2003-10-07,10.24,150.38,15.99,10.32,1135.85
2003-10-08,11.8,196.04,15.55,6.83,956.13
2003-10-09,12.56,197.46,14.3,5.46,864.48
2003-10-10,7.53,205.99,13.77,4.85,844.38
2003-10-11,17.58,138.04,13.44,6.63,914.62
2003-10-12,19.37,165.62,12.68,5.96,908.34
2003-10-13,6.61,181.76,13.36,5.82,895.1
2003-10-14,0.6,262.95,14.01,4.18,817.91
2003-10-15,48.38,198.83,13.51,3.8,820.68
2003-10-16,81.62,165.63,14.78,7.97,1048.48
2003-10-17,65.68,116.34,16.05,11.56,1290.04
2003-10-18,33.04,139.29,16.13,9.97,1257.15
2003-10-19,39.24,125.59,16.41,11.27,1310.97
2003-10-20,111.9,142.07,16.75,10.68,1298.12
2003-10-21,76.14,158.73,17.23,10.01,1274.51
2003-10-22,22.51,108.74,17.11,12.13,1343.69
2003-10-23,5.77,184.61,15.91,4.93,985.92
2003-10-24,0.78,262.15,13.71,2.75,807.94
2003-10-25,0.0,267.67,14.6,2.74,796.26
2003-10-26,0.0,268.56,16.67,3.52,842.0
2003-10-27,4.21,198.3,16.77,4.24,897.69
2003-10-28,6.3,154.23,16.3,7.57,1016.16
2003-10-29,2.22,164.85,14.0,2.65,809.09
2003-10-30,0.13,202.27,9.85,0.07,648.55
2003-10-31,0.03,254.88,8.17,-4.02,499.19
2003-11-01,1.83,189.79,7.15,-4.6,458.7
2003-11-02,1.38,169.66,5.68,-1.5,528.69
2003-11-03,2.57,184.85,6.62,-4.45,473.01
2003-11-04,1.17,237.3,6.76,-3.83,467.6
2003-11-05,0.0,244.52,6.79,-5.69,427.31
2003-11-06,0.03,213.21,8.81,-5.18,438.95
2003-11-07,1.9,167.9,7.8,-3.62,497.15
2003-11-08,1.21,144.19,10.18,2.39,704.38
2003-11-09,0.6,159.36,12.27,1.88,746.09
2003-11-10,11.68,134.32,11.48,2.54,773.75
2003-11-11,6.77,91.76,10.94,6.32,900.48
2003-11-12,1.21,158.31,10.1,-0.28,683.77
2003-11-13,0.56,151.6,8.78,-1.87,583.72
2003-11-14,2.1,129.79,9.03,1.07,676.57
2003-11-15,17.25,88.0,9.27,4.5,816.9
2003-11-16,25.63,88.18,8.98,4.04,831.59
2003-11-17,61.3,75.86,9.22,5.03,867.6
2003-11-18,62.17,114.54,12.06,4.86,871.81
2003-11-19,35.01,135.29,11.08,-0.08,683.19
2003-11-20,14.29,101.82,8.89,-0.8,592.25
2003-11-21,4.27,99.4,4.49,-2.19,534.61
2003-11-22,3.08,83.61,3.32,-1.75,538.34
2003-11-23,10.76,84.97,4.76,-0.08,596.36
2003-11-24,24.71,112.65,6.27,-0.99,595.15
2003-11-25,21.73,111.56,7.59,0.35,632.56
2003-11-26,11.28,118.15,7.12,-1.22,597.23
2003-11-27,14.08,100.5,6.84,0.4,645.06
2003-11-28,55.1,97.83,9.52,3.21,756.94
2003-11-29,37.78,102.62,8.93,1.51,713.41
2003-11-30,9.05,107.68,7.51,-0.04,650.45
2003-12-01,9.51,68.52,6.82,2.23,709.03
2003-12-02,10.25,96.79,9.43,3.06,759.0
2003-12-03,17.68,110.7,8.67,-0.46,644.34
2003-12-04,24.91,108.67,7.29,-0.6,619.47
2003-12-05,25.78,86.11,8.46,3.15,740.33
2003-12-06,18.57,89.63,8.2,1.62,714.73
2003-12-07,9.08,76.84,6.97,1.06,672.37
2003-12-08,4.06,83.01,5.78,0.89,660.16
2003-12-09,4.56,80.46,5.6,0.52,647.46
2003-12-10,16.68,45.66,5.08,1.88,681.55
2003-12-11,15.23,58.95,5.63,2.37,717.68
2003-12-12,12.02,81.35,7.92,3.12,759.73
2003-12-13,13.1,75.06,7.7,2.15,724.52
2003-12-14,15.43,87.21,6.11,0.29,650.12
2003-12-15,8.97,79.07,5.29,0.48,643.01
2003-12-16,7.87,71.44,6.61,2.66,714.81
2003-12-17,7.79,110.28,7.97,-0.14,651.95
2003-12-18,4.73,111.08,8.0,-0.77,611.67
2003-12-19,1.81,107.9,7.78,-0.02,638.18
2003-12-20,3.56,77.79,7.95,3.23,743.93
2003-12-21,7.85,99.47,7.57,1.07,700.01
2003-12-22,5.18,110.35,7.47,1.01,672.96
2003-12-23,9.82,98.77,6.78,0.06,645.91
2003-12-24,10.74,71.68,6.59,2.59,708.95
2003-12-25,12.71,90.86,6.32,-0.1,634.91
2003-12-26,10.54,88.03,4.99,-2.24,537.69
2003-12-27,10.77,63.3,2.7,-1.47,533.41
2003-12-28,6.49,87.77,3.08,-1.81,530.95
2003-12-29,2.21,112.94,3.43,-3.8,476.1
2003-12-30,5.43,94.77,3.09,-4.54,440.27
2003-12-31,6.13,49.68,1.02,-1.5,508.16
2004-01-01,3.7,66.21,1.74,-1.4,537.12
2004-01-02,3.23,66.49,1.64,-1.61,525.8
2004-01-03,2.71,110.37,1.2,-4.7,436.46
2004-01-04,2.83,161.27,0.19,-8.84,323.13
2004-01-05,12.52,163.91,-2.02,-9.56,291.27
2004-01-06,31.12,148.04,-1.25,-5.76,368.56
2004-01-07,26.52,130.19,1.56,-2.05,495.93
2004-01-08,19.22,118.49,3.31,0.37,603.08
2004-01-09,8.58,122.95,4.28,1.06,649.94
2004-01-10,3.27,132.01,5.42,1.24,664.89
2004-01-11,4.57,138.1,5.0,-0.07,625.7
2004-01-12,12.25,120.75,4.78,0.93,653.74
2004-01-13,15.39,96.34,5.66,3.06,740.54
2004-01-14,17.2,98.56,7.32,4.38,819.57
2004-01-15,9.64,114.23,9.28,5.03,858.68
2004-01-16,6.9,141.9,8.69,1.86,746.35
2004-01-17,6.53,122.2,7.59,2.26,732.06
2004-01-18,14.18,87.24,7.35,4.63,820.36
2004-01-19,7.69,101.6,8.38,4.95,851.39
2004-01-20,0.84,155.24,8.16,2.74,772.86
2004-01-21,5.34,109.7,7.66,2.51,726.37
2004-01-22,5.68,160.17,7.48,-0.3,648.64
2004-01-23,10.82,131.1,7.44,2.68,716.52
2004-01-24,9.41,156.22,7.03,0.27,657.2
2004-01-25,8.98,138.28,6.43,-0.14,622.81
2004-01-26,19.06,117.3,5.89,2.1,691.02
2004-01-27,31.64,150.33,7.64,1.74,719.17
2004-01-28,40.33,121.19,8.84,4.92,841.72
2004-01-29,35.76,121.09,9.94,5.63,890.83
2004-01-30,29.53,163.45,9.27,1.08,716.49
2004-01-31,18.33,154.32,7.56,-1.37,585.63
2004-02-01,14.36,139.49,4.62,-0.43,591.72
2004-02-02,12.17,135.07,4.99,0.27,626.42
2004-02-03,8.58,122.28,5.66,1.75,678.81
2004-02-04,3.43,170.41,7.82,0.62,659.55
2004-02-05,5.84,180.15,7.2,-1.18,603.05
2004-02-06,10.12,131.84,6.76,1.98,682.23
2004-02-07,6.32,176.49,8.19,0.46,661.52
2004-02-08,1.34,211.48,8.18,-0.72,608.27
2004-02-09,0.03,238.2,7.7,-3.0,527.13
2004-02-10,0.01,263.55,7.61,-3.12,513.65
2004-02-11,0.07,231.51,11.74,-2.1,561.66
2004-02-12,0.04,274.19,13.88,-2.17,578.05
2004-02-13,16.47,213.98,13.2,-2.81,570.67
2004-02-14,29.61,150.59,12.37,2.13,703.75
2004-02-15,18.84,131.44,8.64,4.11,800.6
2004-02-16,15.52,142.23,8.39,2.72,759.2
2004-02-17,19.74,163.94,7.44,1.36,708.32
2004-02-18,9.4,152.92,9.02,3.76,780.88
2004-02-19,1.31,208.56,9.85,1.51,720.6
2004-02-20,0.05,285.52,9.52,-0.67,627.99
2004-02-21,0.0,304.06,10.94,-2.02,586.68
2004-02-22,0.6,229.08,12.44,1.09,689.22
2004-02-23,1.17,214.97,12.21,2.33,754.32
2004-02-24,6.84,181.87,11.52,2.9,764.5
2004-02-25,13.37,179.26,9.43,1.66,719.46
2004-02-26,11.02,155.14,8.24,2.83,751.82
2004-02-27,5.94,170.45,9.2,3.43,786.46
2004-02-28,2.2,161.69,8.94,3.17,773.14
2004-02-29,2.83,197.86,8.45,1.84,727.1
2004-03-01,3.45,232.01,10.73,0.98,681.03
2004-03-02,7.11,254.93,10.88,-2.5,577.17
2004-03-03,10.33,228.67,10.34,-0.23,619.47
2004-03-04,14.36,213.92,8.7,1.05,673.54
2004-03-05,21.42,217.41,9.09,1.39,687.64
2004-03-06,22.39,226.34,8.6,-0.26,649.72
2004-03-07,10.02,200.27,10.2,3.62,787.97
2004-03-08,1.8,256.17,16.4,4.14,871.86
2004-03-09,0.22,291.05,16.24,4.59,883.31
2004-03-10,0.15,271.3,15.14,0.77,722.73
2004-03-11,0.55,280.98,14.4,-0.4,670.92
2004-03-12,0.38,260.01,13.84,2.7,758.71
2004-03-13,0.66,270.8,13.12,1.51,747.17
2004-03-14,0.92,246.32,13.13,4.28,828.99
2004-03-15,0.6,248.44,12.16,2.14,758.94
2004-03-16,3.14,240.54,10.38,2.55,763.79
2004-03-17,8.3,215.39,11.26,4.73,852.13
2004-03-18,8.02,205.92,10.95,4.58,837.18
2004-03-19,4.55,256.05,10.1,-0.27,657.26
2004-03-20,1.33,302.64,13.4,-0.93,639.78
2004-03-21,0.32,301.78,17.15,2.88,807.12
2004-03-22,4.81,269.74,17.11,6.51,955.43
2004-03-23,6.86,287.34,15.25,1.64,780.25
2004-03-24,12.73,190.95,11.9,4.51,822.8
2004-03-25,28.11,163.23,9.22,4.04,812.34
2004-03-26,21.74,151.55,7.97,3.29,773.84
2004-03-27,8.92,235.01,9.63,2.78,756.22
2004-03-28,3.57,317.19,14.65,0.53,710.9
2004-03-29,3.61,328.7,20.92,1.95,787.74
2004-03-30,2.59,319.2,20.1,3.46,810.34
2004-03-31,0.62,388.6,15.43,-1.89,599.67
2004-04-01,0.01,444.52,12.59,-2.47,558.96
2004-04-02,0.0,459.16,17.97,-1.52,627.01
2004-04-03,0.13,353.02,20.99,1.42,755.43
2004-04-04,0.07,432.31,19.98,2.66,786.04
2004-04-05,0.22,331.78,16.04,1.36,721.73
2004-04-06,0.42,336.15,14.25,-0.13,686.29
2004-04-07,0.25,323.61,13.79,4.18,825.3
2004-04-08,0.04,417.38,16.0,4.02,846.85
2004-04-09,0.01,432.21,20.31,1.81,791.79
2004-04-10,0.01,469.13,22.75,2.59,843.16
2004-04-11,0.01,436.81,25.89,5.34,979.82
2004-04-12,3.22,350.47,24.74,5.19,953.45
2004-04-13,5.62,309.3,19.2,3.79,854.87
2004-04-14,7.4,235.45,13.73,4.52,845.53
2004-04-15,5.65,253.19,11.36,3.72,822.35
2004-04-16,4.3,256.82,12.01,4.47,840.69
2004-04-17,3.57,292.07,12.26,2.89,776.35
2004-04-18,4.26,320.38,12.11,0.83,705.98
2004-04-19,10.69,242.21,11.74,3.71,785.25
2004-04-20,10.09,243.47,10.38,3.49,800.78
2004-04-21,5.22,298.56,13.63,4.18,832.46
2004-04-22,2.13,358.45,17.11,1.93,781.45
2004-04-23,1.44,345.43,16.97,3.89,822.33
2004-04-24,0.49,461.86,15.89,1.14,732.27
2004-04-25,0.0,492.79,19.69,2.79,806.69
2004-04-26,0.0,503.04,25.22,4.34,936.11
2004-04-27,0.03,417.65,25.72,7.8,1077.51
2004-04-28,0.04,423.81,24.92,2.43,822.69
2004-04-29,0.01,502.06,21.78,1.83,777.54
2004-04-30,0.0,509.88,25.55,3.9,886.81
2004-05-01,0.16,389.34,25.25,6.09,1015.73
2004-05-02,0.36,320.2,23.65,8.76,1105.8
2004-05-03,0.76,334.02,19.03,5.33,959.93
2004-05-04,1.13,283.62,16.8,7.26,973.32
2004-05-05,0.59,343.68,15.18,2.06,767.5
2004-05-06,2.82,382.07,17.96,1.48,749.0
2004-05-07,2.68,327.32,17.2,5.2,860.67
2004-05-08,0.7,398.01,15.76,3.17,803.78
2004-05-09,0.44,347.21,15.76,4.71,860.24
2004-05-10,2.22,314.95,15.31,5.14,880.49
2004-05-11,1.26,345.91,16.2,4.61,870.53
2004-05-12,0.13,438.13,16.0,5.37,861.71
2004-05-13,0.0,519.07,18.79,1.49,745.82
2004-05-14,0.0,514.02,18.92,3.96,824.06
2004-05-15,1.17,340.96,18.1,6.01,908.7
2004-05-16,0.59,429.24,16.03,5.38,882.25
2004-05-17,0.0,499.87,20.71,5.87,926.32
2004-05-18,0.0,462.49,19.99,8.05,1025.18
2004-05-19,0.0,320.26,18.68,9.12,1044.13
2004-05-20,2.02,372.04,17.52,2.99,856.86
2004-05-21,4.8,226.83,17.01,9.39,1067.97
2004-05-22,4.45,292.74,15.34,6.27,950.55
2004-05-23,4.65,364.57,17.77,4.44,858.53
2004-05-24,4.33,393.94,21.06,3.9,847.16
2004-05-25,5.71,396.76,21.39,4.51,911.0
2004-05-26,10.76,280.94,20.66,9.91,1116.21
2004-05-27,12.43,260.49,16.5,7.08,983.29
2004-05-28,10.66,319.21,14.37,4.9,877.68
2004-05-29,5.5,264.55,13.86,6.41,925.3
2004-05-30,2.68,282.4,14.12,6.69,958.02
2004-05-31,1.0,296.26,14.99,7.32,974.49
2004-06-01,0.96,358.75,16.88,5.43,897.09
2004-06-02,0.42,509.48,20.62,5.25,878.88
2004-06-03,0.0,536.81,23.87,6.29,942.4
2004-06-04,3.13,418.7,23.84,7.25,1037.71
2004-06-05,13.26,321.67,23.27,10.35,1153.74
2004-06-06,14.64,276.11,18.42,8.37,1048.08
2004-06-07,5.28,324.78,16.11,6.77,970.14
2004-06-08,0.65,365.56,19.86,7.95,1054.07
2004-06-09,0.86,282.44,19.68,10.78,1179.77
2004-06-10,0.9,261.59,17.36,8.1,1043.15
2004-06-11,0.38,310.27,14.44,7.23,947.31
2004-06-12,13.56,345.95,14.35,4.74,868.17
2004-06-13,8.35,294.68,14.91,8.02,998.25
2004-06-14,1.16,343.01,15.81,7.22,964.8
2004-06-15,0.18,509.7,20.29,5.45,885.41
2004-06-16,1.37,429.91,25.64,4.98,935.9
2004-06-17,0.68,519.94,29.26,8.59,1118.77
2004-06-18,1.08,415.47,28.97,10.96,1294.77
2004-06-19,0.7,400.7,28.13,10.85,1291.58
2004-06-20,0.08,494.64,27.2,10.8,1219.13
2004-06-21,0.0,511.14,25.08,9.7,1146.02
2004-06-22,0.0,459.85,23.6,10.69,1182.7
2004-06-23,0.0,355.41,20.56,11.86,1245.25
2004-06-24,0.0,337.27,18.11,11.27,1191.51
2004-06-25,0.0,442.78,20.36,10.3,1083.87
2004-06-26,0.0,521.1,22.29,7.19,946.24
2004-06-27,0.0,514.09,22.74,9.42,1013.63
2004-06-28,0.0,525.86,23.7,8.33,988.02
2004-06-29,0.0,511.08,23.43,9.32,1029.66
2004-06-30,0.0,476.03,22.36,10.33,1094.08
2004-07-01,0.41,359.25,21.19,10.36,1149.92
2004-07-02,0.32,365.83,20.5,10.99,1147.05
2004-07-03,0.11,381.13,19.66,8.31,1006.08
2004-07-04,0.02,491.13,20.72,7.74,950.0
2004-07-05,0.06,464.85,23.72,9.11,1050.9
2004-07-06,0.33,362.68,23.45,10.57,1131.64
2004-07-07,0.15,437.0,20.89,8.34,994.4
2004-07-08,0.16,360.9,18.54,8.11,994.43
2004-07-09,0.08,428.34,18.8,8.97,998.7
2004-07-10,0.95,375.39,19.04,7.35,958.84
2004-07-11,0.47,474.94,20.56,8.08,957.94
2004-07-12,0.0,522.59,26.05,8.45,1022.4
2004-07-13,0.0,515.72,27.85,11.71,1189.96
2004-07-14,0.02,449.29,26.88,11.92,1222.01
2004-07-15,0.01,433.67,23.44,12.2,1208.84
2004-07-16,0.0,488.58,25.18,11.38,1155.28
2004-07-17,0.0,512.5,27.18,11.08,1182.92
2004-07-18,0.51,382.48,27.96,14.42,1432.03
2004-07-19,0.42,343.02,27.11,14.28,1402.58
2004-07-20,0.08,443.6,24.77,12.15,1173.16
2004-07-21,0.0,501.55,25.26,10.67,1058.23
2004-07-22,0.0,519.64,27.65,10.15,1059.89
2004-07-23,0.0,520.96,34.33,12.45,1217.41
2004-07-24,0.0,517.98,34.95,13.25,1276.08
2004-07-25,0.0,488.4,33.53,12.63,1201.71
2004-07-26,0.0,479.27,26.21,11.7,1137.59
2004-07-27,0.0,491.06,26.89,12.1,1152.75
2004-07-28,0.0,483.72,26.12,11.91,1145.98
2004-07-29,0.0,466.47,24.95,11.97,1140.43
2004-07-30,0.0,411.4,23.45,10.99,1085.28
2004-07-31,0.0,462.88,21.89,9.33,1001.46
2004-08-01,0.25,377.34,24.21,9.96,1093.21
2004-08-02,0.97,284.4,23.4,11.45,1203.2
2004-08-03,1.07,241.9,19.35,12.49,1266.15
2004-08-04,3.86,300.26,20.82,10.87,1167.4
2004-08-05,11.48,305.1,20.54,10.67,1157.2
2004-08-06,13.32,212.3,19.76,11.81,1242.64
2004-08-07,4.84,287.52,20.55,11.08,1191.05
2004-08-08,0.31,437.27,21.56,9.29,1062.34
2004-08-09,0.0,487.74,28.55,11.42,1177.28
2004-08-10,0.0,494.5,31.98,12.26,1270.33
2004-08-11,0.0,460.42,31.66,12.85,1279.31
2004-08-12,0.0,459.61,26.04,12.08,1225.07
2004-08-13,0.0,472.89,26.09,10.97,1159.68
2004-08-14,0.0,472.7,25.93,10.92,1167.1
2004-08-15,0.0,419.25,25.56,13.48,1307.96
2004-08-16,0.0,418.33,24.54,12.86,1284.26
2004-08-17,0.0,435.3,24.13,11.74,1227.47
2004-08-18,0.0,413.44,24.23,13.32,1305.09
2004-08-19,0.0,424.63,24.31,12.37,1263.22
2004-08-20,9.09,345.07,25.37,11.74,1275.77
2004-08-21,8.74,298.76,25.11,12.44,1316.53
2004-08-22,5.55,264.56,22.41,11.99,1293.87
2004-08-23,15.5,240.88,20.02,11.83,1298.42
2004-08-24,25.07,223.61,19.91,13.44,1407.88
2004-08-25,17.11,212.89,19.55,12.74,1382.6
2004-08-26,10.2,241.32,19.25,11.98,1306.64
2004-08-27,3.29,314.17,20.1,9.91,1173.34
2004-08-28,0.1,372.91,20.37,10.84,1188.27
2004-08-29,0.02,342.04,21.65,11.94,1259.13
2004-08-30,0.03,381.35,23.61,10.25,1196.3
2004-08-31,2.95,327.54,23.78,10.95,1248.29
2004-09-01,2.15,296.46,23.09,11.34,1257.27
2004-09-02,0.87,306.08,20.97,8.35,1078.91
2004-09-03,0.27,412.59,20.11,7.75,1008.93
2004-09-04,0.0,372.59,19.93,10.53,1109.15
2004-09-05,0.0,420.86,20.56,7.27,954.11
2004-09-06,0.0,425.53,20.13,6.19,889.79
2004-09-07,2.31,332.04,21.51,6.74,951.09
2004-09-08,1.42,311.31,21.08,7.84,1020.6
2004-09-09,14.08,284.86,20.35,9.27,1081.66
2004-09-10,14.44,309.44,20.93,7.05,1022.37
2004-09-11,13.65,267.04,20.3,9.58,1132.23
2004-09-12,9.03,228.64,18.75,11.4,1242.91
2004-09-13,14.74,265.32,18.24,8.31,1104.18
2004-09-14,10.58,246.35,17.97,9.78,1149.69
2004-09-15,12.12,224.74,17.52,9.44,1142.24
2004-09-16,11.67,233.66,16.39,8.39,1078.13
2004-09-17,10.7,250.86,16.18,7.34,1017.44
2004-09-18,7.45,216.75,15.65,7.26,987.66
2004-09-19,3.12,248.88,14.09,5.34,900.45
2004-09-20,0.96,311.23,16.15,4.5,852.45
2004-09-21,0.51,334.79,16.58,4.2,845.73
2004-09-22,3.81,273.92,16.93,6.1,946.59
2004-09-23,1.9,229.83,16.85,8.47,1061.16
2004-09-24,0.04,361.14,18.98,5.78,962.03
2004-09-25,0.15,284.62,20.29,6.2,982.04
2004-09-26,0.08,339.98,19.7,7.49,1019.39
2004-09-27,0.0,335.33,18.23,6.78,987.32
2004-09-28,0.0,354.69,20.13,6.34,992.88
2004-09-29,0.0,331.42,20.27,9.05,1102.25
2004-09-30,0.0,335.19,19.57,6.01,966.84
2004-10-01,0.0,360.07,20.69,4.16,877.07
2004-10-02,0.16,276.8,21.86,3.87,889.64
2004-10-03,0.08,318.85,21.16,7.53,1020.7
2004-10-04,7.32,220.89,18.78,7.1,1018.46
2004-10-05,6.24,214.21,15.78,5.92,967.23
2004-10-06,4.64,214.11,17.02,7.48,1028.93
2004-10-07,8.34,229.45,17.0,5.68,967.05
2004-10-08,14.61,215.28,16.67,6.58,989.33
2004-10-09,12.77,178.55,16.0,7.04,1010.47
2004-10-10,3.89,208.45,17.06,7.22,1031.75
2004-10-11,0.16,289.72,17.38,6.14,989.8
2004-10-12,0.0,294.26,19.47,7.38,1044.83
2004-10-13,0.0,296.51,19.58,6.76,1038.19
2004-10-14,2.34,211.37,19.14,7.67,1095.29
2004-10-15,11.2,176.23,18.61,9.95,1213.76
2004-10-16,15.41,105.57,17.81,9.28,1151.31
2004-10-17,22.66,149.28,13.07,5.68,963.25
2004-10-18,17.37,128.75,11.98,5.23,899.72
2004-10-19,8.62,139.1,12.09,6.01,927.15
2004-10-20,5.62,194.41,14.66,3.83,863.66
2004-10-21,5.35,173.56,14.23,4.6,863.78
2004-10-22,6.13,170.67,12.65,3.33,805.66
2004-10-23,3.24,196.31,11.93,0.48,693.23
2004-10-24,8.56,193.13,11.53,0.15,661.84
2004-10-25,11.1,154.13,10.98,1.63,701.39
2004-10-26,5.66,158.74,10.84,2.85,753.83
2004-10-27,1.23,191.93,12.64,0.01,681.65
2004-10-28,8.33,168.93,12.18,1.62,712.32
2004-10-29,10.09,156.25,11.41,2.85,770.75
2004-10-30,8.2,141.88,11.46,4.34,822.15
2004-10-31,27.48,176.64,10.99,-0.42,675.12
2004-11-01,25.36,166.29,11.11,1.62,712.7
2004-11-02,11.26,150.89,11.66,3.55,783.5
2004-11-03,2.42,199.39,11.08,-1.64,612.92
2004-11-04,0.01,227.76,8.76,-2.55,538.57
2004-11-05,0.01,211.52,8.57,-2.19,545.79
2004-11-06,0.12,193.06,9.64,-1.1,610.91
2004-11-07,0.33,119.08,11.72,5.45,862.12
2004-11-08,0.14,125.16,11.31,6.25,947.8
2004-11-09,0.14,86.39,10.79,6.26,941.74
2004-11-10,0.07,174.29,11.14,3.54,827.76
2004-11-11,1.19,147.7,10.93,1.36,724.42
2004-11-12,2.83,144.36,10.11,0.76,692.34
2004-11-13,3.85,120.15,10.14,3.39,785.88
2004-11-14,4.38,106.61,10.98,5.16,882.93
2004-11-15,8.81,107.3,12.06,5.94,927.76
2004-11-16,10.04,119.82,11.32,3.23,806.02
2004-11-17,9.49,143.94,9.55,-1.42,629.47
2004-11-18,6.4,131.22,10.15,1.12,667.61
2004-11-19,1.7,141.29,9.48,-1.61,593.29
2004-11-20,0.63,135.84,8.45,-2.88,527.05
2004-11-21,0.71,128.7,6.81,-2.32,539.71
2004-11-22,7.12,118.06,8.51,0.64,657.64
2004-11-23,19.09,72.67,9.26,5.09,849.43
2004-11-24,21.1,83.05,11.87,6.79,964.81
2004-11-25,10.86,109.72,11.74,4.24,858.39
2004-11-26,2.74,127.15,10.65,-1.55,620.81
2004-11-27,0.78,125.01,7.54,-2.33,539.15
2004-11-28,2.99,130.61,6.6,-3.85,485.5
2004-11-29,4.18,111.59,5.58,-3.79,475.38
2004-11-30,2.57,98.26,5.42,-0.7,569.89
2004-12-01,0.71,100.56,6.18,-0.21,608.64
2004-12-02,2.73,108.14,6.39,-0.86,597.85
2004-12-03,7.6,94.8,6.26,0.35,629.86
2004-12-04,12.16,80.97,6.03,0.69,639.45
2004-12-05,14.18,99.1,5.19,-1.74,569.84
2004-12-06,26.71,74.46,4.58,0.37,616.18
2004-12-07,34.84,72.45,6.45,2.2,702.3
2004-12-08,30.86,96.6,9.32,2.64,744.96
2004-12-09,41.3,105.17,8.97,0.2,681.98
2004-12-10,37.03,99.58,11.78,4.34,810.27
2004-12-11,26.65,106.13,11.39,1.59,749.95
2004-12-12,11.64,94.02,10.04,2.67,751.89
2004-12-13,8.95,96.86,9.34,2.31,752.35
2004-12-14,9.34,90.72,9.93,3.61,792.13
2004-12-15,2.97,92.13,9.62,1.82,731.32
2004-12-16,0.12,100.09,7.91,0.25,661.85
2004-12-17,0.4,72.21,7.26,2.66,728.82
2004-12-18,0.6,93.52,10.48,3.77,802.85
2004-12-19,0.76,111.07,11.58,1.83,746.25
2004-12-20,0.54,107.03,10.95,-0.96,623.51
2004-12-21,0.25,108.44,7.36,-1.1,593.3
2004-12-22,0.06,131.76,7.81,0.72,641.28
2004-12-23,1.6,93.6,7.32,-1.59,581.57
2004-12-24,11.93,71.07,5.55,1.2,646.9
2004-12-25,12.0,74.81,6.45,1.72,686.75
2004-12-26,3.23,127.93,7.14,-0.32,628.25
2004-12-27,1.32,119.21,8.55,-2.49,554.76
2004-12-28,2.99,114.64,8.15,-1.86,554.51
2004-12-29,3.39,104.29,7.08,-1.53,562.85
2004-12-30,4.35,94.42,5.67,-0.51,589.26
2004-12-31,3.15,108.6,6.2,-1.69,567.19
2005-01-01,1.93,87.36,5.95,-0.42,582.61
2005-01-02,0.66,118.38,4.73,-3.94,486.65
2005-01-03,0.04,165.11,4.22,-6.19,405.67
2005-01-04,0.0,162.29,4.05,-5.19,410.46
2005-01-05,4.5,170.4,3.85,-7.06,376.98
2005-01-06,12.18,157.65,3.36,-5.58,403.25
2005-01-07,13.27,118.63,3.26,-1.07,530.05
2005-01-08,7.17,121.62,3.61,-1.32,554.17
2005-01-09,2.33,109.89,3.42,-1.51,541.82
2005-01-10,3.73,116.2,3.03,-3.04,489.95
2005-01-11,2.9,136.21,2.2,-5.4,428.7
2005-01-12,1.53,142.23,6.37,-2.32,507.07
2005-01-13,0.46,160.94,5.68,-2.83,503.59
2005-01-14,9.25,120.92,3.6,-3.72,471.06
2005-01-15,29.24,84.73,2.36,-2.72,488.6
2005-01-16,79.56,96.51,3.71,-1.41,562.35
2005-01-17,57.44,104.74,9.85,3.49,807.34
2005-01-18,25.02,92.65,13.01,8.18,1048.39
2005-01-19,11.27,113.61,14.28,7.8,1080.4
2005-01-20,14.39,124.59,14.04,6.53,1014.92
2005-01-21,10.64,121.31,13.7,6.12,984.04
2005-01-22,6.93,82.75,12.67,7.87,1041.7
2005-01-23,3.06,91.27,11.63,6.75,988.34
2005-01-24,0.41,169.48,12.6,3.1,830.06
2005-01-25,0.79,142.88,11.77,1.79,749.72
2005-01-26,2.97,117.76,9.98,4.23,814.81
2005-01-27,2.03,145.59,10.56,2.46,773.31
2005-01-28,2.68,140.2,9.89,2.37,756.82
2005-01-29,4.24,106.46,9.1,4.17,814.38
2005-01-30,2.45,107.95,8.95,4.31,829.52
2005-01-31,0.69,157.33,11.52,2.32,768.18
2005-02-01,0.12,219.0,10.97,1.17,709.68
2005-02-02,1.87,175.57,12.81,0.13,681.88
2005-02-03,3.19,175.8,14.23,1.96,751.03
2005-02-04,7.14,122.08,13.36,4.36,807.86
2005-02-05,9.02,171.72,8.67,-1.48,622.8
2005-02-06,5.72,162.37,7.75,-0.35,600.59
2005-02-07,3.57,168.6,6.97,-2.69,526.18
2005-02-08,1.11,246.05,7.22,-3.63,491.17
2005-02-09,0.02,216.05,7.52,-2.69,512.93
2005-02-10,2.51,197.2,8.53,-3.75,495.09
2005-02-11,3.91,203.44,10.88,-4.02,500.41
2005-02-12,3.73,201.08,12.02,-1.16,584.49
2005-02-13,1.76,200.39,11.4,-2.75,540.58
2005-02-14,0.63,198.01,8.05,-3.15,501.48
2005-02-15,0.18,275.59,6.8,-5.72,431.7
2005-02-16,0.0,282.58,8.47,-4.33,455.27
2005-02-17,0.0,291.7,10.34,-4.95,456.03
2005-02-18,0.0,297.73,11.45,-4.92,457.47
2005-02-19,0.0,301.14,11.18,-5.54,442.56
2005-02-20,0.0,302.52,10.48,-5.23,440.92
2005-02-21,0.0,308.97,11.36,-5.82,432.85
2005-02-22,0.0,314.39,12.38,-5.42,447.72
2005-02-23,0.0,316.68,14.49,-4.37,487.57
2005-02-24,0.08,243.95,15.24,-3.93,528.42
2005-02-25,0.04,297.17,14.6,0.3,651.68
2005-02-26,1.41,209.57,13.09,0.34,662.02
2005-02-27,9.4,234.7,13.55,-0.99,638.34
2005-02-28,10.88,221.74,13.37,1.46,727.7
2005-03-01,12.01,187.41,13.44,4.87,872.5
2005-03-02,5.88,177.56,13.07,5.06,878.54
2005-03-03,1.14,251.86,13.31,-0.74,676.06
2005-03-04,0.2,313.23,14.82,0.19,671.44
2005-03-05,0.05,302.68,14.28,0.59,704.14
2005-03-06,0.37,255.75,16.24,3.57,844.62
2005-03-07,0.46,201.51,16.14,6.92,997.32
2005-03-08,0.37,228.98,16.56,4.99,951.55
2005-03-09,0.35,202.77,16.63,6.91,1005.02
2005-03-10,0.12,297.12,16.87,5.2,929.48
2005-03-11,0.0,340.38,17.13,3.36,834.23
2005-03-12,0.0,357.35,17.29,2.03,757.29
2005-03-13,0.0,379.08,18.41,-1.67,628.15
2005-03-14,0.0,387.48,18.24,-2.26,601.07
2005-03-15,3.48,271.8,17.34,1.94,735.07
2005-03-16,4.23,222.15,14.65,4.09,810.55
2005-03-17,3.39,232.77,12.47,0.32,670.37
2005-03-18,15.43,269.04,10.87,-1.85,577.39
2005-03-19,23.89,249.76,10.26,-1.01,604.86
2005-03-20,23.94,174.54,9.59,3.67,753.92
2005-03-21,13.26,222.67,9.15,0.35,662.45
2005-03-22,3.79,276.14,10.83,-1.43,595.43
2005-03-23,0.75,326.74,13.05,-0.29,637.7
2005-03-24,12.24,261.86,12.53,2.15,709.94
2005-03-25,30.76,284.36,11.1,-1.12,629.44
2005-03-26,29.69,230.96,10.38,2.66,739.91
2005-03-27,28.31,152.24,9.97,4.81,830.32
2005-03-28,17.48,236.82,10.81,2.65,766.79
2005-03-29,12.5,255.58,10.37,1.36,702.9
2005-03-30,13.22,285.68,11.28,0.87,697.36
2005-03-31,9.89,235.5,11.24,4.04,809.55
2005-04-01,11.54,219.24,11.03,4.35,834.66
2005-04-02,12.32,264.69,11.83,3.1,797.05
2005-04-03,9.68,204.3,11.39,3.94,791.14
2005-04-04,4.59,289.12,10.28,0.37,682.48
2005-04-05,8.91,285.19,10.83,2.07,732.83
2005-04-06,8.29,255.22,12.13,4.21,837.78
2005-04-07,8.2,283.39,14.66,5.54,891.08
2005-04-08,4.11,328.62,13.9,0.4,697.23
2005-04-09,2.3,377.85,13.01,-0.63,629.97
2005-04-10,7.84,345.38,12.5,-0.46,633.55
2005-04-11,12.5,310.65,11.57,0.97,667.63
2005-04-12,12.19,307.92,9.88,0.25,648.93
2005-04-13,12.77,284.66,9.13,0.83,650.33
2005-04-14,6.9,334.99,10.1,-1.05,608.99
2005-04-15,24.69,330.76,10.64,0.71,676.75
2005-04-16,26.73,270.72,10.99,4.28,807.95
2005-04-17,12.38,322.73,12.8,2.94,781.22
2005-04-18,2.68,339.38,12.74,2.15,737.74
2005-04-19,0.12,472.56,15.43,0.76,701.36
2005-04-20,0.01,459.73,16.38,2.93,788.31
2005-04-21,0.16,357.58,16.66,4.97,891.98
2005-04-22,0.08,463.28,18.82,5.43,940.84
2005-04-23,3.26,380.24,23.36,6.57,1035.12
2005-04-24,5.48,322.92,23.1,7.73,1078.38
2005-04-25,3.46,306.17,17.84,9.14,1141.29
2005-04-26,0.76,396.29,17.61,7.79,1066.35
2005-04-27,0.0,451.73,18.68,7.57,1063.85
2005-04-28,1.21,346.44,19.29,8.74,1136.05
2005-04-29,3.13,286.24,18.89,8.88,1126.82
2005-04-30,8.42,233.53,16.08,7.73,1040.9
2005-05-01,5.13,324.03,15.82,5.78,957.48
2005-05-02,4.42,347.3,17.23,6.25,965.28
2005-05-03,3.42,367.11,18.13,4.99,944.39
2005-05-04,1.95,344.9,18.97,8.22,1083.04
2005-05-05,0.57,454.28,19.38,7.66,1072.84
2005-05-06,0.0,453.31,19.19,8.34,1085.66
2005-05-07,0.55,330.15,18.13,7.4,1044.73
2005-05-08,11.67,325.43,16.92,7.5,1051.84
2005-05-09,10.91,299.44,16.39,8.21,1093.68
2005-05-10,6.82,223.74,15.63,9.52,1150.9
2005-05-11,2.19,262.56,15.23,8.63,1115.21
2005-05-12,0.89,320.32,17.29,8.22,1080.26
2005-05-13,3.45,367.6,18.13,5.82,1003.55
2005-05-14,6.11,319.16,17.97,9.55,1177.26
2005-05-15,3.28,249.77,17.38,10.86,1242.9
2005-05-16,11.75,302.23,16.19,8.13,1080.28
2005-05-17,17.36,327.46,15.52,5.3,944.18
2005-05-18,13.03,316.75,16.06,8.02,1049.21
2005-05-19,9.09,319.76,15.59,7.2,1011.82
2005-05-20,9.47,343.32,14.76,5.4,915.93
2005-05-21,8.43,356.12,14.4,4.54,877.54
2005-05-22,5.67,342.1,14.67,5.88,909.51
2005-05-23,1.71,388.29,15.99,2.88,812.27
2005-05-24,0.07,514.25,18.33,3.76,835.34
2005-05-25,0.0,536.65,20.67,4.04,912.52
2005-05-26,0.0,530.12,29.02,8.63,1193.64
2005-05-27,0.0,526.28,31.25,9.27,1311.98
2005-05-28,0.0,496.38,30.06,12.53,1441.38
2005-05-29,0.0,395.42,24.73,11.04,1328.13
2005-05-30,3.69,239.4,17.87,12.15,1362.18
2005-05-31,4.02,277.19,17.33,10.05,1235.12
2005-06-01,2.03,291.46,16.81,8.95,1147.14
2005-06-02,0.7,329.91,17.24,8.66,1110.87
2005-06-03,0.13,411.06,16.81,6.96,1016.69
2005-06-04,5.61,357.68,16.24,6.66,992.42
2005-06-05,5.12,356.62,16.61,6.58,995.59
2005-06-06,2.19,354.34,16.85,7.11,1010.0
2005-06-07,0.68,375.24,17.27,5.6,963.52
2005-06-08,0.08,416.61,17.09,7.91,1046.23
2005-06-09,2.35,378.04,19.33,7.94,1089.85
2005-06-10,2.4,371.44,19.35,7.36,1073.48
2005-06-11,3.07,327.99,18.76,8.74,1106.19
2005-06-12,2.8,362.38,17.5,6.42,1024.64
2005-06-13,2.55,319.0,17.27,8.79,1090.65
2005-06-14,0.88,477.69,17.63,5.69,951.12
2005-06-15,2.61,407.43,18.1,4.83,955.32
2005-06-16,4.31,328.62,19.06,10.49,1222.84
2005-06-17,2.52,335.13,18.99,9.38,1188.53
2005-06-18,0.64,366.32,19.79,7.87,1115.03
2005-06-19,0.32,384.42,22.86,8.59,1170.01
2005-06-20,0.66,394.35,26.93,9.07,1282.67
2005-06-21,1.4,362.17,26.94,13.74,1535.05
2005-06-22,1.16,292.4,25.78,11.22,1321.29
2005-06-23,0.37,365.8,20.59,7.5,1119.09
2005-06-24,0.04,472.48,22.25,9.95,1213.43
2005-06-25,2.79,355.37,22.02,10.95,1279.87
2005-06-26,3.03,335.7,20.17,9.99,1232.84
2005-06-27,2.31,273.78,19.08,11.17,1289.1
2005-06-28,0.75,313.31,18.02,12.26,1345.3
2005-06-29,0.02,309.2,18.64,11.9,1312.24
2005-06-30,0.01,470.72,21.14,9.25,1173.08
2005-07-01,0.03,405.77,20.96,10.99,1236.68
2005-07-02,0.03,361.88,19.05,10.39,1202.22
2005-07-03,0.01,469.62,20.33,9.2,1134.52
2005-07-04,7.51,400.16,23.14,9.43,1217.19
2005-07-05,8.12,292.16,22.94,13.21,1407.0
2005-07-06,7.06,306.36,19.97,11.1,1278.6
2005-07-07,7.36,351.2,19.16,8.6,1132.25
2005-07-08,7.94,310.61,18.82,10.11,1174.13
2005-07-09,4.84,342.24,18.63,8.81,1137.9
2005-07-10,4.66,298.44,18.23,10.61,1233.99
2005-07-11,3.47,286.98,18.93,11.88,1329.65
2005-07-12,0.88,326.67,20.15,12.12,1333.65
2005-07-13,0.02,456.12,21.42,10.83,1240.66
2005-07-14,0.17,397.8,24.22,10.35,1244.4
2005-07-15,0.12,436.47,23.92,10.4,1203.11
2005-07-16,0.02,479.83,22.95,9.91,1132.73
2005-07-17,0.0,516.23,25.01,9.76,1170.37
2005-07-18,0.0,509.29,28.68,12.97,1343.48
2005-07-19,0.0,511.98,27.48,9.87,1169.43
2005-07-20,1.13,398.79,23.22,9.39,1140.6
2005-07-21,0.69,428.39,25.38,9.05,1174.38
2005-07-22,0.78,367.71,25.62,13.12,1365.74
2005-07-23,0.36,483.52,24.34,9.14,1102.75
2005-07-24,0.0,520.12,22.61,7.15,988.92
2005-07-25,0.0,516.06,24.52,9.27,1083.54
2005-07-26,0.0,518.07,26.24,9.3,1120.19
2005-07-27,0.0,519.85,29.2,9.63,1175.97
2005-07-28,0.0,492.96,28.08,11.66,1234.29
2005-07-29,0.0,510.95,25.56,8.49,1090.06
2005-07-30,0.01,492.06,26.52,9.22,1125.68
2005-07-31,0.15,388.63,26.4,10.6,1233.71
2005-08-01,0.07,463.52,25.75,10.87,1185.41
2005-08-02,0.14,396.78,24.34,6.33,989.43
2005-08-03,0.07,498.32,26.31,7.45,999.97
2005-08-04,0.0,513.49,28.88,8.65,1093.4
2005-08-05,0.0,501.16,28.7,10.64,1201.02
2005-08-06,0.0,469.36,27.58,10.88,1197.45
2005-08-07,0.0,464.56,24.03,10.31,1155.13
2005-08-08,0.0,431.89,23.46,10.82,1164.32
2005-08-09,0.0,409.24,22.08,10.68,1159.11
2005-08-10,0.0,340.47,20.85,11.02,1177.67
2005-08-11,0.0,336.66,18.53,10.33,1138.42
2005-08-12,0.0,440.46,23.31,9.92,1113.43
2005-08-13,0.0,456.95,25.05,10.94,1160.56
2005-08-14,0.0,484.62,28.91,10.24,1168.3
2005-08-15,2.05,363.62,28.62,11.58,1260.12
2005-08-16,1.3,261.54,26.34,11.93,1277.06
2005-08-17,0.62,225.82,19.98,12.3,1271.45
2005-08-18,0.24,419.34,24.16,10.83,1112.2
2005-08-19,0.0,468.89,26.26,10.34,1041.34
2005-08-20,0.0,466.98,25.98,9.64,984.8
2005-08-21,0.0,462.3,24.84,9.14,956.75
2005-08-22,0.0,407.14,23.69,10.69,1012.37
2005-08-23,0.0,436.9,21.25,7.88,888.76
2005-08-24,0.0,470.84,23.88,7.34,847.42
2005-08-25,0.0,484.43,28.32,6.84,877.93
2005-08-26,0.56,364.69,28.71,10.43,1112.28
2005-08-27,1.33,295.62,27.79,12.33,1226.1
2005-08-28,6.04,309.6,23.09,10.59,1144.36
2005-08-29,5.0,287.99,22.36,10.16,1101.85
2005-08-30,1.14,319.68,19.97,9.69,1042.96
2005-08-31,0.01,407.46,21.91,9.5,990.47
2005-09-01,0.0,444.74,24.43,8.5,953.21
2005-09-02,0.63,331.17,23.56,8.78,997.56
2005-09-03,1.03,319.11,21.64,7.8,947.29
2005-09-04,0.45,328.84,20.53,7.42,901.4
2005-09-05,0.61,323.56,20.61,6.65,867.64
2005-09-06,0.33,354.06,23.13,5.09,808.98
2005-09-07,0.03,437.55,23.75,6.27,817.66
2005-09-08,0.0,433.78,24.26,7.98,899.02
2005-09-09,0.09,324.16,23.46,9.75,1004.03
2005-09-10,0.67,267.41,19.4,8.0,944.14
2005-09-11,0.31,371.52,18.43,6.76,832.24
2005-09-12,0.0,398.14,19.79,6.77,813.78
2005-09-13,0.08,320.92,21.69,5.85,838.57
2005-09-14,3.53,287.6,21.02,7.91,919.02
2005-09-15,2.3,263.49,19.49,7.93,934.75
2005-09-16,0.76,288.57,18.08,7.17,884.51
2005-09-17,0.48,280.55,18.19,6.1,840.01
2005-09-18,0.19,323.61,19.73,5.5,797.43
2005-09-19,0.04,355.79,19.12,5.81,779.08
2005-09-20,0.02,338.63,20.71,4.28,735.58
2005-09-21,0.01,397.49,19.98,2.79,648.39
2005-09-22,0.0,402.93,18.96,1.01,577.31
2005-09-23,0.0,402.06,18.32,0.99,568.94
2005-09-24,0.0,396.21,19.05,1.63,591.3
2005-09-25,0.0,392.03,20.41,3.04,644.95
2005-09-26,0.0,375.57,20.08,4.62,718.22
2005-09-27,7.75,266.85,19.69,6.78,848.88
2005-09-28,24.41,261.89,18.91,5.09,848.83
2005-09-29,30.16,186.05,17.91,9.07,1043.21
2005-09-30,18.98,160.04,16.08,8.2,1051.32
2005-10-01,6.27,154.25,14.12,7.36,987.46
2005-10-02,6.33,222.56,14.89,4.52,849.43
2005-10-03,7.28,228.97,14.39,2.46,746.44
2005-10-04,2.73,228.67,14.03,3.2,769.96
2005-10-05,0.65,210.15,14.57,5.25,868.95
2005-10-06,5.56,193.06,15.71,7.31,973.6
2005-10-07,6.48,191.31,15.26,6.56,947.37
2005-10-08,8.57,218.34,15.57,5.03,881.52
2005-10-09,5.31,189.18,15.2,5.65,892.05
2005-10-10,4.59,188.08,14.34,5.89,907.61
2005-10-11,2.27,190.75,14.66,5.72,905.43
2005-10-12,5.7,193.71,14.66,5.47,906.97
2005-10-13,4.7,150.92,14.25,7.64,1010.76
2005-10-14,4.48,180.31,17.18,8.61,1099.07
2005-10-15,6.05,129.67,16.81,9.59,1147.02
2005-10-16,18.85,128.61,14.58,8.08,1087.51
2005-10-17,10.43,107.95,14.4,9.99,1185.2
2005-10-18,3.28,112.59,15.62,10.88,1260.05
2005-10-19,3.44,121.02,15.45,10.33,1209.86
2005-10-20,1.34,200.79,15.16,3.9,909.47
2005-10-21,0.09,263.3,16.42,5.38,894.22
2005-10-22,2.37,212.9,18.81,4.87,922.97
2005-10-23,2.0,185.13,18.6,7.7,1024.64
2005-10-24,0.84,213.35,16.99,3.53,857.9
2005-10-25,3.83,192.22,15.09,4.42,854.04
2005-10-26,3.84,180.88,14.64,4.63,852.01
2005-10-27,6.99,195.98,13.32,0.79,715.61
2005-10-28,11.92,180.46,12.45,1.91,725.6
2005-10-29,17.18,147.38,11.76,5.01,843.46
2005-10-30,40.18,169.3,12.48,3.43,829.92
2005-10-31,46.93,102.36,12.23,6.75,941.62
2005-11-01,27.98,107.17,10.9,5.7,923.19
2005-11-02,14.12,110.23,10.13,5.11,886.6
2005-11-03,23.39,98.54,9.83,5.42,879.81
2005-11-04,31.25,116.97,9.33,2.79,773.96
2005-11-05,34.54,111.12,7.68,2.05,716.37
2005-11-06,22.36,132.13,7.66,1.37,691.67
2005-11-07,7.89,150.11,9.14,1.21,685.06
2005-11-08,2.59,160.24,9.25,-0.23,645.52
2005-11-09,1.12,148.7,9.38,1.12,683.95
2005-11-10,4.56,137.56,10.04,2.73,745.63
2005-11-11,10.02,140.79,9.3,1.21,698.36
2005-11-12,19.2,131.9,8.19,0.13,654.11
2005-11-13,14.09,112.11,8.58,3.03,741.29
2005-11-14,3.25,153.78,9.05,1.47,701.95
2005-11-15,0.01,201.93,8.51,-2.12,581.41
2005-11-16,0.0,177.18,8.07,0.13,624.36
2005-11-17,0.0,172.35,8.58,0.75,668.88
2005-11-18,0.0,141.77,8.75,2.86,746.33
2005-11-19,0.02,126.07,9.24,3.05,773.34
2005-11-20,0.01,170.52,11.2,2.67,776.01
2005-11-21,0.0,118.47,10.63,4.28,815.95
2005-11-22,0.0,133.36,8.49,2.56,752.53
2005-11-23,0.0,159.18,7.72,0.27,649.57
2005-11-24,8.24,134.69,7.06,-3.08,544.41
2005-11-25,12.75,100.86,7.41,1.74,660.42
2005-11-26,7.4,129.39,7.65,-1.46,595.33
2005-11-27,1.93,127.59,7.38,-1.64,559.87
2005-11-28,4.95,117.62,6.5,-3.28,501.69
2005-11-29,13.13,110.39,4.45,-2.24,517.22
2005-11-30,6.04,108.1,4.77,-1.98,534.04
2005-12-01,4.93,95.01,4.21,-1.66,540.54
2005-12-02,5.75,80.84,3.51,-1.89,526.91
2005-12-03,2.4,109.7,4.19,-3.02,502.54
2005-12-04,0.9,86.22,3.82,-1.61,535.92
2005-12-05,0.48,91.59,4.93,-0.71,580.49
2005-12-06,0.1,109.35,5.01,0.09,609.45
2005-12-07,0.0,118.81,4.78,-1.06,573.79
2005-12-08,0.0,158.92,5.56,-4.07,483.74
2005-12-09,0.0,161.15,6.23,-4.16,465.2
2005-12-10,0.02,126.18,6.08,-3.21,488.35
2005-12-11,0.05,125.14,5.26,-3.07,499.76
2005-12-12,0.02,124.6,5.24,-1.0,552.68
2005-12-13,0.28,112.3,4.86,-4.26,475.44
2005-12-14,0.14,148.66,4.24,-4.23,449.72
2005-12-15,0.0,146.68,3.76,-4.62,437.06
2005-12-16,0.0,139.61,2.99,-4.83,425.67
2005-12-17,0.53,143.86,5.84,-5.43,423.35
2005-12-18,6.19,123.42,6.45,-4.12,468.75
2005-12-19,18.6,97.93,6.51,0.17,611.95
2005-12-20,25.38,74.42,9.02,4.17,797.6
2005-12-21,34.36,68.31,10.29,5.84,915.81
2005-12-22,33.58,61.83,11.23,7.29,1003.15
2005-12-23,57.09,72.76,11.63,6.86,1014.81
2005-12-24,61.91,65.87,12.98,8.78,1101.09
2005-12-25,45.43,68.3,12.84,7.19,1040.02
2005-12-26,27.72,61.95,11.36,5.99,949.51
2005-12-27,22.9,79.25,9.8,4.71,878.28
2005-12-28,22.01,96.72,10.33,3.7,825.97
2005-12-29,23.76,80.19,10.03,2.44,756.86
2005-12-30,33.42,69.67,7.26,3.08,764.9
2005-12-31,23.41,61.33,8.32,4.86,837.11
2006-01-01,12.82,86.65,8.58,3.32,801.59
2006-01-02,6.58,86.47,8.36,2.78,756.95
2006-01-03,6.15,94.78,7.63,0.54,674.79
2006-01-04,12.05,68.05,6.37,2.17,706.21
2006-01-05,36.44,100.98,9.82,3.37,795.71
2006-01-06,40.55,46.28,9.74,7.21,953.85
2006-01-07,22.58,83.06,9.86,5.19,898.99
2006-01-08,26.59,97.63,9.25,1.68,739.61
2006-01-09,57.78,96.51,7.71,2.24,740.88
2006-01-10,60.2,92.99,10.67,5.61,880.34
2006-01-11,34.75,92.87,10.1,3.78,824.85
2006-01-12,42.48,94.08,8.1,2.2,745.55
2006-01-13,36.56,75.22,7.33,3.7,774.66
2006-01-14,15.18,115.78,7.52,1.18,693.59
2006-01-15,18.15,131.66,6.77,-1.78,583.41
2006-01-16,34.41,115.94,6.09,0.01,617.87
2006-01-17,28.9,137.7,10.05,0.76,676.99
2006-01-18,10.2,123.73,9.48,2.45,735.17
2006-01-19,15.66,111.19,8.4,1.64,708.3
2006-01-20,19.75,127.69,7.78,1.13,683.74
2006-01-21,7.69,136.71,7.66,0.04,649.07
2006-01-22,3.1,120.0,7.17,1.34,684.18
2006-01-23,2.41,129.93,9.43,2.64,746.0
2006-01-24,0.74,156.22,9.5,1.63,718.37
2006-01-25,6.12,154.97,10.03,-0.43,651.29
2006-01-26,18.72,118.98,9.28,1.62,683.18
2006-01-27,30.26,108.18,6.47,0.62,656.03
2006-01-28,28.73,131.03,6.97,0.96,667.68
2006-01-29,64.7,126.57,7.04,1.46,692.4
2006-01-30,53.71,153.05,10.19,1.91,727.53
2006-01-31,33.34,142.24,9.54,1.96,727.13
2006-02-01,29.19,141.21,8.61,1.84,724.05
2006-02-02,33.97,113.6,7.97,3.31,766.76
2006-02-03,27.26,152.03,9.04,1.92,734.45
2006-02-04,18.74,156.84,8.94,1.44,704.44
2006-02-05,8.1,163.18,8.23,-0.03,643.89
2006-02-06,1.55,194.58,9.62,-1.47,593.89
2006-02-07,0.18,229.62,11.33,-2.04,582.49
2006-02-08,0.18,187.06,11.46,-0.05,639.39
2006-02-09,0.16,191.85,10.89,-1.66,606.86
2006-02-10,0.04,250.65,12.38,0.68,667.37
2006-02-11,0.18,224.59,11.94,-2.34,596.95
2006-02-12,1.18,187.79,11.55,0.65,665.91
2006-02-13,0.85,186.8,11.29,1.43,702.88
2006-02-14,0.18,219.12,10.63,-1.69,585.1
2006-02-15,0.03,264.59,7.77,-6.42,431.71
2006-02-16,0.01,280.39,7.22,-4.98,436.7
2006-02-17,0.0,251.63,6.37,-3.37,473.36
2006-02-18,0.0,268.55,4.61,-6.14,403.24
2006-02-19,0.06,281.68,6.85,-8.5,352.38
2006-02-20,0.86,227.73,6.96,-5.4,425.35
2006-02-21,2.18,164.79,6.66,-0.45,579.23
2006-02-22,7.83,154.03,7.13,1.16,669.25
2006-02-23,8.21,137.5,7.45,2.08,687.26
2006-02-24,3.35,251.2,7.29,-6.17,464.85
2006-02-25,1.42,227.16,6.91,-1.88,533.48
2006-02-26,5.0,168.78,6.74,0.62,649.4
2006-02-27,9.82,161.23,9.27,3.31,765.36
2006-02-28,7.41,186.91,9.68,2.13,741.08
2006-03-01,2.51,223.12,10.8,0.77,697.24
2006-03-02,1.58,204.68,10.49,1.88,708.6
2006-03-03,2.13,245.35,10.6,-2.18,603.05
2006-03-04,3.17,219.99,10.82,1.86,709.59
2006-03-05,11.66,200.6,10.4,2.06,741.51
2006-03-06,12.12,188.08,10.09,3.32,780.46
2006-03-07,19.49,204.37,9.86,1.65,718.15
2006-03-08,27.27,185.58,8.79,0.01,631.38
2006-03-09,14.93,206.17,6.02,-1.82,555.0
2006-03-10,4.09,197.1,4.89,-2.2,527.85
2006-03-11,1.79,248.53,7.06,-2.51,524.87
2006-03-12,2.14,274.8,8.72,-3.46,508.77
2006-03-13,2.2,280.66,10.23,-2.8,539.49
2006-03-14,6.22,256.57,9.73,-0.07,628.59
2006-03-15,8.71,196.22,8.74,1.52,692.25
2006-03-16,6.53,207.15,9.01,2.66,740.87
2006-03-17,3.2,232.85,8.68,1.16,690.44
2006-03-18,0.9,277.09,9.66,-0.94,610.91
2006-03-19,0.35,300.39,10.52,-3.04,544.62
2006-03-20,3.67,306.2,13.71,-2.05,587.76
2006-03-21,9.43,282.38,13.11,1.34,708.11
2006-03-22,12.12,159.81,11.12,4.8,839.4
2006-03-23,7.53,197.61,10.64,5.06,879.97
2006-03-24,6.17,227.61,10.78,4.25,828.2
2006-03-25,6.33,308.42,11.53,-2.01,618.3
2006-03-26,4.59,297.03,10.96,-0.12,640.4
2006-03-27,1.85,306.84,12.83,2.06,745.32
2006-03-28,0.83,292.66,14.1,4.05,829.46
2006-03-29,3.79,323.21,15.26,0.4,729.68
2006-03-30,9.45,274.38,14.65,3.53,805.68
2006-03-31,9.67,269.4,12.63,4.55,862.98
2006-04-01,9.45,262.95,12.16,4.06,837.93
2006-04-02,6.73,282.05,11.5,2.69,800.46
2006-04-03,2.7,252.88,12.8,5.95,895.12
2006-04-04,1.13,328.68,13.41,-0.38,688.5
2006-04-05,0.99,343.85,15.09,-0.23,663.98
2006-04-06,0.7,343.02,15.09,0.1,692.61
2006-04-07,2.9,309.59,14.67,3.65,824.86
2006-04-08,5.85,317.43,16.14,4.96,906.17
2006-04-09,3.22,257.1,15.52,4.87,877.96
2006-04-10,3.68,302.1,12.55,2.94,797.46
2006-04-11,1.75,333.81,14.43,2.21,774.74
2006-04-12,11.55,331.47,15.09,3.56,824.75
2006-04-13,13.66,297.76,14.47,3.8,826.78
2006-04-14,18.07,181.34,11.87,4.23,802.39
2006-04-15,13.29,273.7,8.68,0.75,678.91
2006-04-16,11.44,280.74,8.38,0.21,634.05
2006-04-17,5.23,327.0,9.65,-0.72,611.8
2006-04-18,0.64,383.74,12.44,-0.35,638.68
2006-04-19,0.05,465.21,14.25,1.49,724.03
2006-04-20,0.02,417.01,15.19,4.55,867.32
2006-04-21,0.02,386.23,15.32,6.47,931.0
2006-04-22,0.01,478.85,14.95,-0.3,693.88
2006-04-23,0.0,495.65,17.53,1.88,764.09
2006-04-24,0.0,494.39,22.13,5.4,953.47
2006-04-25,0.0,482.44,22.04,6.83,1035.2
2006-04-26,0.16,385.12,21.4,5.36,952.98
2006-04-27,0.08,415.74,16.75,6.29,963.35
2006-04-28,1.07,373.12,19.02,4.92,925.59
2006-04-29,1.92,360.58,18.77,4.28,853.98
2006-04-30,0.75,392.35,16.79,-0.63,663.96
2006-05-01,0.06,433.9,13.75,2.05,696.0
2006-05-02,0.01,506.75,14.75,-1.24,613.86
2006-05-03,0.0,518.44,17.63,0.78,683.6
2006-05-04,5.21,404.23,21.68,3.06,814.86
2006-05-05,3.91,385.78,22.82,4.94,914.71
2006-05-06,1.61,356.32,22.37,5.89,933.12
2006-05-07,3.3,305.84,17.76,4.97,854.77
2006-05-08,1.65,342.95,13.48,2.16,723.11
2006-05-09,0.12,494.44,14.44,-0.47,623.59
2006-05-10,0.0,521.6,17.86,0.83,704.19
2006-05-11,0.0,484.86,19.47,6.83,928.78
2006-05-12,0.0,446.2,18.53,4.76,833.55
2006-05-13,0.0,503.43,15.75,0.73,681.17
2006-05-14,0.0,521.34,18.07,1.65,775.11
2006-05-15,0.0,488.08,24.68,10.59,1215.14
2006-05-16,0.0,495.47,27.39,10.96,1281.82
2006-05-17,0.0,505.88,26.2,7.85,1085.9
2006-05-18,0.01,496.8,23.54,5.9,987.26
2006-05-19,0.0,482.22,22.75,8.49,1078.71
2006-05-20,6.66,339.12,21.61,7.88,1037.92
2006-05-21,6.08,342.11,17.07,4.78,927.68
2006-05-22,10.22,290.66,17.51,9.11,1109.61
2006-05-23,8.28,256.08,16.99,9.09,1118.59
2006-05-24,7.13,272.96,15.68,7.42,1028.63
2006-05-25,5.96,267.71,15.07,7.38,1005.58
2006-05-26,3.91,251.15,14.28,6.84,978.19
2006-05-27,2.24,267.68,14.46,7.08,993.84
2006-05-28,1.18,263.9,14.76,7.73,1017.42
2006-05-29,0.52,297.39,15.09,6.64,969.01
2006-05-30,1.65,359.16,18.65,6.09,967.0
2006-05-31,7.48,377.81,21.66,7.58,1083.08
2006-06-01,8.14,295.76,21.0,11.33,1276.23
2006-06-02,8.48,259.06,18.68,10.89,1243.85
2006-06-03,4.98,339.85,18.77,7.83,1102.35
2006-06-04,4.29,329.08,19.41,10.1,1209.45
2006-06-05,2.45,303.66,19.17,11.57,1260.51
2006-06-06,0.4,472.14,19.26,7.02,1004.73
2006-06-07,1.95,396.9,19.27,6.29,957.49
2006-06-08,1.67,355.37,18.6,7.56,1015.41
2006-06-09,1.56,314.67,17.73,8.75,1061.73
2006-06-10,2.84,341.43,17.25,7.04,996.02
2006-06-11,1.37,371.1,20.39,7.69,1048.29
2006-06-12,0.77,380.47,22.71,9.44,1165.23
2006-06-13,1.44,330.97,22.47,10.98,1239.25
2006-06-14,2.99,304.86,19.49,10.56,1206.91
2006-06-15,4.97,283.5,18.03,9.54,1166.47
2006-06-16,2.99,273.45,18.4,11.96,1268.1
2006-06-17,1.18,334.89,18.19,8.22,1083.01
2006-06-18,0.58,370.59,17.88,9.18,1071.46
2006-06-19,0.13,473.72,17.71,7.44,957.49
2006-06-20,0.0,517.1,17.63,5.65,873.14
2006-06-21,0.0,518.36,18.87,6.97,925.16
2006-06-22,0.0,502.63,19.08,8.2,966.64
2006-06-23,0.0,541.21,22.6,5.12,881.47
2006-06-24,0.0,541.87,25.03,7.5,979.23
2006-06-25,0.0,542.11,29.61,7.95,1063.68
2006-06-26,0.0,537.18,32.38,9.77,1214.14
2006-06-27,0.0,520.42,32.01,13.39,1365.6
2006-06-28,0.0,518.34,30.54,8.28,1046.28
2006-06-29,0.0,540.84,24.45,5.75,906.67
2006-06-30,0.0,533.63,24.68,8.3,986.76
2006-07-01,0.0,531.22,24.72,7.85,986.43
2006-07-02,0.0,513.1,24.07,9.24,1039.15
2006-07-03,0.0,509.91,23.71,9.23,1040.37
2006-07-04,0.0,479.59,23.32,8.72,1013.6
2006-07-05,0.0,411.13,20.03,9.38,1051.6
2006-07-06,0.0,384.75,18.42,10.08,1057.07
2006-07-07,0.0,494.63,20.29,5.83,884.92
2006-07-08,0.0,523.57,24.92,8.39,1015.56
2006-07-09,0.0,494.74,26.82,12.95,1244.18
2006-07-10,1.48,401.9,25.82,8.84,1086.47
2006-07-11,4.59,342.3,23.42,7.64,1008.95
2006-07-12,4.2,258.2,17.55,10.62,1150.84
2006-07-13,1.5,236.6,17.01,10.69,1173.48
2006-07-14,0.56,315.64,19.88,11.19,1138.33
2006-07-15,0.19,457.17,21.83,9.74,989.81
2006-07-16,0.0,513.37,22.84,7.41,859.97
2006-07-17,0.0,517.32,23.29,8.01,861.06
2006-07-18,0.0,494.94,22.34,7.34,835.87
2006-07-19,0.0,506.1,21.96,7.22,844.78
2006-07-20,0.0,514.36,25.61,9.21,951.91
2006-07-21,0.0,523.24,31.01,10.78,1094.02
2006-07-22,0.0,516.56,35.3,13.89,1300.03
2006-07-23,0.0,510.24,33.99,14.36,1355.44
2006-07-24,0.0,485.69,32.49,15.56,1372.66
2006-07-25,0.0,506.34,29.71,11.0,1123.56
2006-07-26,0.0,448.96,27.18,11.71,1113.04
2006-07-27,0.0,461.96,24.23,11.59,1121.29
2006-07-28,0.69,321.52,23.42,11.63,1144.58
2006-07-29,1.63,341.74,20.14,6.97,942.37
2006-07-30,0.97,312.56,19.53,10.07,1025.34
2006-07-31,0.16,467.5,20.95,7.21,887.53
2006-08-01,0.0,447.16,20.65,9.98,968.16
2006-08-02,0.0,488.99,21.96,7.67,881.15
2006-08-03,0.0,492.64,21.89,7.99,868.38
2006-08-04,0.0,488.68,21.98,8.1,873.26
2006-08-05,0.0,501.91,24.18,8.07,881.14
2006-08-06,0.0,501.03,24.98,8.94,927.53
2006-08-07,0.16,382.31,24.85,9.33,995.66
2006-08-08,0.24,390.59,23.93,7.59,938.4
2006-08-09,0.26,324.81,22.5,10.52,1067.91
2006-08-10,0.14,332.71,20.81,9.91,1044.07
2006-08-11,0.03,402.45,20.34,9.39,950.95
2006-08-12,0.0,478.52,21.01,5.79,802.13
2006-08-13,0.0,489.95,24.33,8.16,873.21
2006-08-14,0.0,486.2,24.63,8.34,911.09
2006-08-15,0.0,446.49,24.12,9.92,980.79
2006-08-16,0.0,418.26,22.03,9.25,964.75
2006-08-17,0.0,422.53,20.31,9.09,940.31
2006-08-18,0.0,478.89,24.7,7.16,866.13
2006-08-19,0.0,489.14,25.91,8.04,871.92
2006-08-20,0.0,484.18,25.73,8.09,871.12
2006-08-21,0.0,468.02,25.14,8.84,895.45
2006-08-22,0.0,342.74,23.44,11.56,1035.03
2006-08-23,0.0,351.16,19.09,9.74,941.71
2006-08-24,0.0,382.26,18.53,9.05,846.89
2006-08-25,0.0,459.33,21.88,6.62,726.94
2006-08-26,0.0,481.97,26.2,7.77,751.06
2006-08-27,0.0,479.86,27.83,8.5,782.2
2006-08-28,0.0,480.09,27.08,7.52,784.18
2006-08-29,0.68,342.23,25.99,10.94,950.37
2006-08-30,0.47,303.56,22.5,6.82,770.74
2006-08-31,0.06,448.62,21.13,4.96,587.0
2006-09-01,0.0,471.76,25.83,6.69,578.24
2006-09-02,0.0,478.41,30.74,7.07,590.69
2006-09-03,0.0,472.93,30.41,8.41,601.69
2006-09-04,0.0,446.52,29.15,8.28,594.53
2006-09-05,0.0,446.51,24.6,8.67,600.28
2006-09-06,0.0,444.55,24.09,8.06,581.27
2006-09-07,1.09,320.61,23.21,8.48,663.38
2006-09-08,1.07,314.05,20.81,7.67,653.64
2006-09-09,0.59,281.71,19.77,8.68,661.68
2006-09-10,0.16,412.58,20.38,5.67,488.77
2006-09-11,0.0,442.98,23.17,4.72,437.73
2006-09-12,0.0,432.44,23.83,7.48,510.32
2006-09-13,0.03,314.38,23.14,9.95,622.69
2006-09-14,0.22,263.85,19.36,5.66,511.03
2006-09-15,1.46,281.43,16.77,4.97,439.74
2006-09-16,6.28,281.98,16.28,4.08,440.71
2006-09-17,7.03,263.27,17.3,6.75,609.1
2006-09-18,6.3,194.11,17.17,9.69,824.88
2006-09-19,11.79,246.58,18.1,7.88,784.7
2006-09-20,8.45,247.88,17.55,6.82,800.35
2006-09-21,4.01,162.97,16.44,8.3,897.15
2006-09-22,1.12,286.41,17.15,5.21,738.61
2006-09-23,0.01,385.46,19.59,3.42,622.11
2006-09-24,0.0,394.91,23.25,4.57,653.44
2006-09-25,0.0,393.9,25.58,5.93,718.46
2006-09-26,0.0,384.91,25.71,6.85,764.53
2006-09-27,0.0,383.39,26.23,6.9,780.86
2006-09-28,0.0,375.77,25.55,7.56,810.72
2006-09-29,0.05,291.56,24.62,7.13,828.41
2006-09-30,0.05,301.63,22.05,4.04,713.55
2006-10-01,0.01,307.64,19.16,5.08,694.22
2006-10-02,0.0,334.37,16.4,3.35,639.91
2006-10-03,0.0,324.34,16.09,4.11,651.86
2006-10-04,1.52,265.06,17.64,2.11,643.93
2006-10-05,2.58,257.23,19.44,4.12,730.01
2006-10-06,2.73,218.74,18.97,7.33,873.84
2006-10-07,1.49,189.39,17.4,6.57,876.12
2006-10-08,0.83,186.13,14.78,6.29,841.37
2006-10-09,0.27,294.83,15.32,2.99,670.05
2006-10-10,0.02,298.94,19.38,-0.61,544.9
2006-10-11,0.01,333.95,19.81,0.72,546.67
2006-10-12,0.0,332.24,21.37,1.96,607.0
2006-10-13,5.78,242.24,21.15,4.29,734.68
2006-10-14,12.47,151.34,20.3,5.06,808.05
2006-10-15,9.71,111.82,12.16,6.56,889.49
2006-10-16,6.89,163.67,13.46,5.19,849.39
2006-10-17,11.2,185.82,14.93,5.01,840.66
2006-10-18,5.39,157.26,14.54,5.58,881.05
2006-10-19,4.7,116.01,13.28,7.8,971.53
2006-10-20,2.18,204.78,14.73,3.2,799.46
2006-10-21,0.07,216.79,14.67,1.47,694.2
2006-10-22,1.29,210.73,16.31,0.9,676.9
2006-10-23,1.03,196.63,15.7,1.97,707.23
2006-10-24,1.26,169.47,14.33,2.54,722.32
2006-10-25,2.16,171.83,11.88,1.85,711.4
2006-10-26,1.59,135.13,11.7,4.38,810.57
2006-10-27,1.37,133.47,14.28,7.21,953.38
2006-10-28,0.52,197.45,14.5,5.19,883.81
2006-10-29,0.19,148.23,13.97,4.15,791.38
2006-10-30,0.1,226.48,11.58,-4.57,494.92
2006-10-31,0.01,261.29,9.49,-7.0,373.76
2006-11-01,6.55,194.83,9.72,-4.83,430.23
2006-11-02,26.28,164.66,9.57,-0.44,593.73
2006-11-03,43.34,117.13,12.06,5.98,888.19
2006-11-04,49.59,63.78,12.85,9.65,1120.94
2006-11-05,71.34,91.41,12.65,7.74,1077.51
2006-11-06,95.85,99.54,13.78,8.33,1100.0
2006-11-07,64.18,86.66,14.07,9.36,1128.85
2006-11-08,25.97,149.88,13.02,1.36,791.71
2006-11-09,21.78,128.86,10.53,1.77,721.69
2006-11-10,33.16,106.0,9.08,3.42,769.44
2006-11-11,33.78,123.11,8.65,0.92,699.81
2006-11-12,34.09,112.75,8.89,2.79,741.24
2006-11-13,23.39,126.13,8.78,1.55,702.02
2006-11-14,12.43,144.75,7.83,-2.37,575.15
2006-11-15,22.49,130.0,8.82,0.9,653.58
2006-11-16,19.61,146.88,11.47,0.29,667.46
2006-11-17,5.05,160.4,10.49,-0.58,645.75
2006-11-18,4.68,106.65,9.7,3.29,769.64
2006-11-19,14.76,97.73,10.6,4.76,851.47
2006-11-20,27.73,117.33,10.25,2.69,790.86
2006-11-21,32.64,84.01,9.65,3.96,799.9
2006-11-22,26.72,94.24,8.06,1.7,715.06
2006-11-23,19.5,106.35,6.53,-0.35,622.78
2006-11-24,12.63,109.11,5.56,-1.01,578.09
2006-11-25,15.62,123.29,5.03,-3.29,508.36
2006-11-26,14.64,111.62,4.9,-2.09,521.62
2006-11-27,8.82,102.12,4.22,-3.24,480.86
2006-11-28,3.63,132.5,2.16,-6.36,384.03
2006-11-29,5.06,163.69,-0.18,-8.96,322.77
2006-11-30,7.34,166.12,4.08,-4.31,426.83
2006-12-01,6.21,162.99,5.43,-3.05,490.0
2006-12-02,1.82,175.1,4.74,-2.98,493.19
2006-12-03,0.17,154.19,4.16,-2.99,499.59
2006-12-04,2.57,132.04,5.77,-1.2,565.1
2006-12-05,2.18,100.01,6.25,1.18,649.47
2006-12-06,1.21,117.82,7.15,-0.61,622.41
2006-12-07,0.39,103.2,6.9,0.7,646.68
2006-12-08,0.93,76.72,6.29,1.97,695.47
2006-12-09,5.15,93.27,7.15,1.34,691.93
2006-12-10,24.56,101.44,8.03,1.26,702.18
2006-12-11,34.06,63.02,8.99,5.46,853.37
2006-12-12,43.04,95.52,10.22,3.98,846.92
2006-12-13,35.93,104.07,10.69,3.39,810.26
2006-12-14,51.02,109.21,10.36,1.98,749.79
2006-12-15,36.07,110.95,9.93,1.08,695.19
2006-12-16,7.93,110.55,9.38,-1.7,575.94
2006-12-17,0.13,130.5,5.04,-3.66,488.65
2006-12-18,2.04,108.64,4.07,-3.63,479.8
2006-12-19,5.7,98.16,5.42,-0.85,566.07
2006-12-20,13.32,78.88,5.25,0.29,626.95
2006-12-21,20.0,79.31,7.41,2.47,706.07
2006-12-22,22.48,103.43,7.12,-1.48,602.15
2006-12-23,19.17,94.2,6.23,-0.63,592.13
2006-12-24,38.15,97.15,6.15,-0.41,613.03
2006-12-25,28.48,84.45,7.0,1.74,686.49
2006-12-26,23.88,80.41,6.91,1.73,697.54
2006-12-27,19.54,94.29,6.46,-0.11,629.36
2006-12-28,5.34,147.99,5.7,-3.17,520.11
2006-12-29,1.38,102.4,4.83,-2.95,495.89
2006-12-30,0.88,106.57,4.09,-3.24,493.61
2006-12-31,21.32,83.55,4.18,-1.07,551.89
2007-01-01,32.66,99.83,5.23,-1.12,588.67
2007-01-02,34.56,104.22,10.83,3.66,776.31
2007-01-03,25.29,87.62,10.62,4.66,845.18
2007-01-04,31.2,112.85,9.59,-0.04,677.18
2007-01-05,35.3,104.86,7.61,-1.73,570.97
2007-01-06,33.59,115.3,7.43,-0.64,606.56
2007-01-07,27.95,96.6,8.57,2.74,730.3
2007-01-08,14.09,108.18,8.51,1.53,720.23
2007-01-09,8.85,93.02,8.22,2.68,730.82
2007-01-10,6.37,118.77,7.23,-1.91,576.73
2007-01-11,1.86,100.48,5.28,-4.17,449.99
2007-01-12,0.14,175.7,0.87,-9.04,329.48
2007-01-13,0.03,194.47,0.16,-7.7,328.77
2007-01-14,1.99,161.27,0.13,-7.05,346.85
2007-01-15,1.8,175.43,1.4,-7.37,351.93
2007-01-16,5.29,163.14,1.46,-5.35,404.44
2007-01-17,7.13,108.56,1.8,-1.73,509.99
2007-01-18,9.58,88.88,2.79,-0.63,574.65
2007-01-19,6.93,97.11,4.7,0.84,631.6
2007-01-20,4.7,143.08,6.16,-1.12,593.32
2007-01-21,5.12,128.17,5.59,-0.7,598.41
2007-01-22,4.08,120.15,7.1,1.96,702.54
2007-01-23,3.49,97.74,8.72,4.31,801.21
2007-01-24,2.53,153.23,10.33,-0.36,672.18
2007-01-25,1.63,146.91,9.51,0.33,655.95
2007-01-26,0.61,148.19,8.16,1.11,665.6
2007-01-27,0.06,216.2,8.77,-2.7,552.12
2007-01-28,0.0,224.11,8.24,-4.5,475.91
2007-01-29,0.0,221.07,7.2,-4.33,463.97
2007-01-30,0.0,217.0,6.6,-3.67,478.46
2007-01-31,0.02,195.2,8.46,-4.47,466.73
2007-02-01,0.01,234.29,7.85,-5.19,444.34
2007-02-02,6.49,179.03,7.46,-4.77,452.75
2007-02-03,5.05,163.36,6.58,-3.21,502.7
2007-02-04,2.25,154.21,8.87,1.01,666.5
2007-02-05,3.58,133.57,10.52,4.43,827.81
2007-02-06,5.17,104.84,10.02,4.41,849.59
2007-02-07,5.96,98.52,9.35,5.33,882.22
2007-02-08,4.2,121.65,9.59,4.45,854.26
2007-02-09,5.57,163.69,10.96,2.86,795.26
2007-02-10,11.0,156.89,10.95,3.16,799.79
2007-02-11,7.96,127.7,10.86,5.18,875.72
2007-02-12,4.64,123.69,10.05,4.88,870.87
2007-02-13,16.98,148.64,9.48,3.11,794.29
2007-02-14,20.27,177.83,10.12,1.98,751.72
2007-02-15,16.78,115.22,9.91,4.67,832.29
2007-02-16,10.41,155.61,10.08,3.87,831.5
2007-02-17,11.52,174.42,11.5,3.97,832.1
2007-02-18,30.59,193.68,11.85,2.34,774.83
2007-02-19,24.66,147.36,11.02,2.95,762.63
2007-02-20,16.47,158.67,8.03,1.95,717.94
2007-02-21,8.69,191.63,7.56,-0.69,621.81
2007-02-22,6.1,200.48,7.46,-0.81,598.67
2007-02-23,7.62,193.97,7.12,-0.72,598.8
2007-02-24,13.27,184.84,6.51,-0.37,612.63
2007-02-25,9.89,160.61,6.49,1.02,656.51
2007-02-26,7.48,184.03,6.85,0.38,641.23
2007-02-27,5.12,185.73,6.47,-0.76,589.11
2007-02-28,3.34,173.06,5.01,-2.16,532.1
2007-03-01,8.19,175.4,3.84,-1.46,547.5
2007-03-02,5.42,188.08,4.83,-0.91,588.71
2007-03-03,4.01,191.86,8.35,2.5,732.34
2007-03-04,1.65,240.84,11.84,4.6,856.76
2007-03-05,4.97,220.46,12.39,5.28,892.27
2007-03-06,5.95,262.58,15.37,1.14,775.34
2007-03-07,8.29,250.81,15.72,5.13,891.3
2007-03-08,12.29,234.76,14.86,2.85,809.16
2007-03-09,48.44,134.05,10.33,4.92,851.56
2007-03-10,31.89,144.64,9.33,5.53,908.5
2007-03-11,23.33,217.39,13.86,7.05,1003.4
2007-03-12,18.31,244.89,13.87,5.36,929.37
2007-03-13,4.76,232.78,12.93,2.14,755.52
2007-03-14,2.38,268.04,8.78,-0.85,617.38
2007-03-15,1.36,278.3,8.41,-1.76,584.8
2007-03-16,10.95,276.38,11.89,1.93,734.51
2007-03-17,8.29,274.66,15.65,5.48,918.2
2007-03-18,12.37,216.76,15.18,6.04,952.59
2007-03-19,7.39,212.5,12.27,6.21,945.48
2007-03-20,6.57,213.63,11.63,3.59,805.2
2007-03-21,7.43,292.33,8.89,-1.81,601.59
2007-03-22,35.56,287.67,8.54,-0.82,624.15
2007-03-23,33.17,144.45,9.0,5.92,873.48
2007-03-24,22.79,134.99,9.78,6.69,949.86
2007-03-25,15.43,232.59,10.66,4.4,851.68
2007-03-26,4.79,309.13,11.56,0.04,691.22
2007-03-27,2.95,279.71,11.12,2.1,718.85
2007-03-28,1.3,405.49,10.55,-0.59,639.14
2007-03-29,1.21,336.65,14.23,-0.23,655.23
2007-03-30,0.95,329.75,15.81,0.62,713.48
2007-03-31,1.81,275.51,15.18,4.33,808.37
2007-04-01,1.22,316.25,11.46,-0.99,627.75
2007-04-02,0.73,318.85,9.35,-2.11,560.75
2007-04-03,0.28,372.43,10.76,-0.59,620.42
2007-04-04,0.01,432.14,13.69,1.67,727.42
2007-04-05,2.82,345.39,16.9,3.17,829.82
2007-04-06,5.52,340.56,22.04,4.66,946.18
2007-04-07,15.03,331.67,21.49,6.93,1035.79
2007-04-08,10.82,304.03,19.75,4.68,913.52
2007-04-09,8.78,225.89,13.46,5.93,902.79
2007-04-10,4.89,285.31,11.05,1.84,752.49
2007-04-11,2.06,292.95,11.02,2.67,761.18
2007-04-12,5.17,274.9,11.31,3.74,804.47
2007-04-13,3.65,265.28,10.77,3.53,814.16
2007-04-14,2.64,196.97,10.7,5.93,877.3
2007-04-15,4.79,335.88,12.38,-0.09,692.25
2007-04-16,4.79,323.82,11.84,2.33,734.95
2007-04-17,3.76,290.39,11.2,2.55,741.88
2007-04-18,1.28,340.62,11.12,1.36,693.82
2007-04-19,0.45,369.01,11.45,-0.89,619.55
2007-04-20,6.85,368.0,13.2,-0.65,628.79
2007-04-21,4.26,356.59,13.17,0.67,692.86
2007-04-22,4.97,285.34,12.72,4.69,840.47
2007-04-23,3.44,339.3,15.49,3.75,857.76
2007-04-24,4.82,314.68,15.53,6.07,936.3
2007-04-25,6.19,298.3,15.02,3.95,860.78
2007-04-26,3.71,232.71,12.11,6.28,949.72
2007-04-27,1.42,188.25,12.26,7.95,1022.26
2007-04-28,1.47,304.03,13.51,4.4,897.01
2007-04-29,1.12,308.48,14.19,6.06,923.29
2007-04-30,4.9,354.27,14.03,2.42,793.95
2007-05-01,6.92,357.32,14.31,3.36,817.26
2007-05-02,6.4,292.66,14.16,5.67,898.95
2007-05-03,4.9,314.25,12.69,3.99,840.07
2007-05-04,1.81,331.43,12.49,3.35,790.12
2007-05-05,0.38,425.34,12.6,0.95,728.43
2007-05-06,0.15,324.32,12.64,6.16,940.08
2007-05-07,0.03,435.31,18.43,8.98,1143.61
2007-05-08,0.0,479.57,21.37,9.45,1176.03
2007-05-09,0.0,507.19,20.34,5.14,934.34
2007-05-10,0.0,517.98,17.58,2.12,770.73
2007-05-11,0.0,528.9,17.84,1.94,758.13
2007-05-12,0.0,524.42,17.78,2.76,814.42
2007-05-13,0.24,379.33,17.1,6.7,943.54
2007-05-14,0.12,477.0,16.31,2.74,846.71
2007-05-15,0.02,456.32,23.06,7.84,1088.54
2007-05-16,0.01,500.81,23.3,8.0,1097.35
2007-05-17,0.49,392.91,21.56,4.92,926.38
2007-05-18,3.27,378.9,16.9,4.12,893.84
2007-05-19,10.54,306.05,16.57,7.94,1034.35
2007-05-20,8.52,273.33,15.15,6.25,953.94
2007-05-21,5.46,283.52,12.59,5.35,896.32
2007-05-22,1.8,366.98,16.79,4.33,879.37
2007-05-23,0.04,472.54,17.19,6.12,941.83
2007-05-24,0.05,427.48,19.74,5.75,963.97
2007-05-25,0.02,509.44,21.64,6.32,1019.34
2007-05-26,0.07,326.07,20.89,9.86,1180.4
2007-05-27,0.05,334.59,17.22,9.16,1105.2
2007-05-28,0.01,481.77,16.34,4.05,864.84
2007-05-29,0.0,531.85,21.24,3.84,882.98
2007-05-30,0.0,532.35,27.03,7.82,1099.26
2007-05-31,0.0,523.29,26.16,8.43,1157.35
2007-06-01,0.0,494.83,24.2,9.85,1193.25
2007-06-02,0.05,468.36,23.44,6.7,1077.08
2007-06-03,1.05,385.67,23.04,9.36,1207.14
2007-06-04,0.81,340.09,22.24,10.75,1291.56
2007-06-05,0.92,250.89,20.76,10.99,1231.19
2007-06-06,0.45,373.18,16.65,3.83,901.46
2007-06-07,1.46,313.14,15.99,7.18,976.5
2007-06-08,7.99,342.29,16.96,5.67,955.14
2007-06-09,6.9,331.0,18.31,8.7,1085.29
2007-06-10,5.57,225.09,18.1,8.63,1062.38
2007-06-11,2.56,318.03,15.29,5.82,910.4
2007-06-12,0.6,385.11,17.15,3.01,834.56
2007-06-13,0.5,351.07,18.9,8.7,1052.64
2007-06-14,0.34,391.57,18.67,7.04,1005.58
2007-06-15,0.54,329.77,17.63,8.97,1082.83
2007-06-16,1.11,348.68,17.86,7.4,1045.14
2007-06-17,0.5,271.14,17.69,10.02,1135.03
2007-06-18,0.05,324.08,15.86,7.7,1006.61
2007-06-19,2.39,375.84,18.54,5.45,912.9
2007-06-20,2.38,398.06,21.98,5.92,974.01
2007-06-21,2.43,364.31,22.09,10.46,1170.94
2007-06-22,4.01,326.7,21.68,9.83,1118.16
2007-06-23,4.57,341.4,18.53,6.89,975.12
2007-06-24,3.94,290.9,16.63,9.47,1052.45
2007-06-25,2.3,342.52,16.83,6.59,922.69
2007-06-26,0.8,394.37,21.13,5.08,877.79
2007-06-27,4.54,403.05,25.44,7.51,1018.01
2007-06-28,8.99,345.33,25.14,10.63,1143.53
2007-06-29,6.12,306.42,20.07,8.11,1016.72
2007-06-30,1.75,356.03,17.61,6.73,934.04
2007-07-01,0.2,498.14,20.49,7.15,929.44
2007-07-02,0.0,523.19,22.6,8.48,1008.66
2007-07-03,0.0,511.36,23.12,10.12,1098.16
2007-07-04,0.0,522.79,25.22,9.84,1124.9
2007-07-05,0.0,510.66,25.39,11.66,1201.77
2007-07-06,0.0,513.76,25.06,10.3,1129.8
2007-07-07,0.0,496.71,24.0,10.18,1087.69
2007-07-08,0.0,470.81,21.83,10.2,1088.63
2007-07-09,0.0,474.68,22.77,11.54,1143.88
2007-07-10,0.0,519.38,27.28,10.35,1165.2
2007-07-11,0.02,463.01,33.72,14.67,1451.58
2007-07-12,0.04,448.86,32.47,13.19,1373.18
2007-07-13,0.07,351.59,28.84,13.56,1337.16
2007-07-14,0.89,359.88,23.83,10.9,1225.0
2007-07-15,1.06,364.53,26.49,13.19,1327.15
2007-07-16,1.58,341.91,25.58,12.13,1273.64
2007-07-17,4.96,321.3,22.5,12.44,1277.49
2007-07-18,5.75,297.75,21.41,11.93,1260.37
2007-07-19,8.34,245.41,19.9,12.05,1273.82
2007-07-20,20.57,277.1,19.87,12.04,1283.21
2007-07-21,20.48,197.05,19.42,12.83,1380.82
2007-07-22,16.87,175.07,18.43,14.11,1499.6
2007-07-23,7.0,159.39,18.64,14.74,1496.52
2007-07-24,0.78,370.89,20.04,8.91,1102.37
2007-07-25,0.01,470.61,20.9,8.98,1039.91
2007-07-26,0.0,473.06,22.1,10.63,1105.57
2007-07-27,0.0,492.57,21.61,8.7,1036.57
2007-07-28,0.32,377.86,21.68,9.77,1128.48
2007-07-29,0.16,416.79,21.57,11.7,1170.72
2007-07-30,0.0,486.27,20.99,7.41,952.56
2007-07-31,0.0,511.99,22.74,7.04,911.51
2007-08-01,0.0,520.99,25.36,7.59,966.46
2007-08-02,0.01,475.95,25.14,10.51,1126.88
2007-08-03,0.0,443.56,24.28,12.14,1200.58
2007-08-04,0.0,406.99,21.9,10.17,1113.08
2007-08-05,0.35,321.56,19.69,10.69,1184.16
2007-08-06,0.38,273.31,19.52,12.27,1293.04
2007-08-07,0.3,241.21,19.12,12.26,1314.65
2007-08-08,0.15,253.89,18.93,12.76,1292.76
2007-08-09,0.02,451.16,19.53,7.53,982.2
2007-08-10,1.85,373.38,19.94,7.92,977.91
2007-08-11,1.35,362.9,20.06,7.42,984.46
2007-08-12,1.05,328.49,20.03,9.61,1072.03
2007-08-13,0.74,401.04,20.15,8.37,1011.48
2007-08-14,0.5,378.31,24.19,7.69,1023.38
2007-08-15,0.87,374.4,26.72,8.61,1105.76
2007-08-16,2.39,352.77,26.54,11.25,1212.78
2007-08-17,3.96,344.1,24.23,8.58,1074.3
2007-08-18,4.6,313.46,20.08,8.64,1052.64
2007-08-19,9.92,290.28,18.71,10.35,1152.0
2007-08-20,5.8,261.67,18.62,11.04,1234.84
2007-08-21,2.03,219.89,18.79,12.95,1342.15
2007-08-22,0.61,402.26,21.09,10.23,1161.13
2007-08-23,0.0,440.79,22.74,10.53,1158.87
2007-08-24,0.78,336.12,22.97,11.34,1254.54
2007-08-25,0.51,307.89,22.58,11.56,1259.83
2007-08-26,0.06,388.71,21.29,9.59,1093.92
2007-08-27,0.0,449.97,20.29,6.65,932.09
2007-08-28,0.0,464.38,22.35,6.86,930.05
2007-08-29,0.0,472.11,26.03,6.87,987.52
2007-08-30,0.25,357.53,28.37,9.95,1184.94
2007-08-31,0.15,375.76,27.3,9.1,1126.28
2007-09-01,0.03,356.6,24.26,7.98,1033.61
2007-09-02,1.58,334.44,22.11,7.64,1060.44
2007-09-03,1.23,276.67,21.71,11.94,1299.77
2007-09-04,1.51,208.97,20.77,13.24,1411.67
2007-09-05,1.03,253.11,19.63,12.12,1331.6
2007-09-06,0.19,312.96,19.43,11.48,1219.37
2007-09-07,0.0,413.49,20.1,6.74,958.73
2007-09-08,0.0,426.85,20.38,5.97,880.24
2007-09-09,0.0,441.73,23.59,5.32,874.98
2007-09-10,0.0,441.41,27.32,6.78,961.19
2007-09-11,0.16,336.51,28.22,6.82,1030.82
2007-09-12,0.08,385.33,27.19,9.56,1092.31
2007-09-13,0.0,375.74,22.06,8.47,1058.65
2007-09-14,0.09,240.2,19.5,11.04,1201.71
2007-09-15,3.03,164.42,17.23,11.14,1252.74
2007-09-16,3.62,122.92,15.93,10.93,1245.02
2007-09-17,2.09,158.13,15.77,10.56,1185.59
2007-09-18,0.81,262.44,16.0,5.15,912.29
2007-09-19,1.16,286.12,17.26,4.56,838.25
2007-09-20,0.72,289.64,17.74,4.38,836.58
2007-09-21,0.25,252.27,17.16,5.83,890.27
2007-09-22,0.08,310.85,16.78,7.27,930.21
2007-09-23,0.85,277.46,16.38,3.93,819.19
2007-09-24,0.64,273.77,16.24,3.74,798.63
2007-09-25,0.32,261.73,16.92,5.53,881.77
2007-09-26,2.25,223.7,16.79,7.51,971.96
2007-09-27,2.41,251.95,17.24,6.04,931.71
2007-09-28,11.53,223.09,17.03,7.54,952.44
2007-09-29,13.57,264.9,15.45,1.39,746.6
2007-09-30,18.75,172.25,13.62,5.75,864.29
2007-10-01,23.84,188.52,13.45,6.46,944.34
2007-10-02,13.42,193.35,14.99,7.74,1006.53
2007-10-03,5.81,215.16,14.43,4.99,890.33
2007-10-04,3.44,199.63,12.95,4.41,820.16
2007-10-05,9.44,250.21,13.21,0.73,697.21
2007-10-06,16.57,231.76,12.85,2.15,739.98
2007-10-07,12.85,151.57,12.08,6.6,918.3
2007-10-08,7.52,190.92,12.94,5.32,908.91
2007-10-09,7.26,170.51,12.6,6.0,947.94
2007-10-10,3.3,133.5,14.17,9.56,1108.18
2007-10-11,0.68,215.28,14.61,4.91,929.27
2007-10-12,0.16,288.48,14.94,4.98,869.49
2007-10-13,0.02,275.89,16.09,2.58,787.71
2007-10-14,1.81,238.78,16.27,2.11,779.5
2007-10-15,5.2,207.52,15.93,6.02,926.39
2007-10-16,11.16,168.04,15.03,5.8,922.23
2007-10-17,17.28,168.26,12.14,4.44,859.56
2007-10-18,25.17,164.29,11.73,4.93,874.15
2007-10-19,25.89,150.95,12.27,6.19,928.38
2007-10-20,25.7,159.68,11.87,4.81,883.09
2007-10-21,13.25,140.2,11.16,5.37,898.33
2007-10-22,4.6,146.18,13.28,7.13,984.06
2007-10-23,1.42,203.38,18.21,4.63,931.52
2007-10-24,0.18,222.52,19.27,5.85,945.08
2007-10-25,0.05,236.54,18.33,-0.24,692.0
2007-10-26,0.03,240.65,12.03,-2.78,548.39
2007-10-27,0.01,272.23,12.11,-2.65,536.73
2007-10-28,0.0,269.46,12.57,-1.89,570.97
2007-10-29,0.0,255.96,12.96,0.57,654.26
2007-10-30,0.35,182.39,12.41,0.29,651.9
2007-10-31,0.18,225.07,10.32,-1.6,589.25
2007-11-01,0.42,168.46,9.83,-0.1,612.34
2007-11-02,1.25,183.64,10.4,-2.66,556.86
2007-11-03,0.91,162.85,9.96,-0.08,638.85
2007-11-04,0.31,113.98,11.61,5.94,866.07
2007-11-05,0.34,156.52,11.39,1.53,746.85
2007-11-06,0.15,208.58,11.47,0.04,667.07
2007-11-07,2.45,149.87,11.64,2.47,757.7
2007-11-08,4.63,98.82,11.91,6.69,946.72
2007-11-09,7.54,96.0,12.24,7.03,989.2
2007-11-10,27.25,133.65,11.89,3.63,848.85
2007-11-11,22.96,133.49,11.32,2.89,792.18
2007-11-12,16.01,91.93,10.58,4.68,828.31
2007-11-13,16.22,145.2,10.08,0.15,682.39
2007-11-14,22.04,145.32,9.36,-0.87,632.1
2007-11-15,16.87,95.16,9.98,4.71,824.62
2007-11-16,18.72,76.79,10.63,6.34,936.05
2007-11-17,10.88,91.49,10.66,5.27,895.64
2007-11-18,3.86,117.78,9.81,1.66,738.94
2007-11-19,1.36,103.78,8.38,0.49,652.15
2007-11-20,0.48,129.53,6.31,-1.28,578.85
2007-11-21,0.15,174.91,6.66,-2.94,515.68
2007-11-22,0.0,180.56,6.88,-3.67,483.47
2007-11-23,0.0,186.94,7.37,-4.74,456.55
2007-11-24,0.45,137.91,6.51,-3.06,489.87
2007-11-25,4.01,123.19,6.32,-2.68,511.74
2007-11-26,3.93,124.8,6.09,-3.21,507.61
2007-11-27,9.44,106.3,6.48,-0.53,580.0
2007-11-28,7.05,117.43,6.66,-1.89,560.71
2007-11-29,4.99,78.2,6.0,-0.74,566.1
2007-11-30,1.8,133.19,4.65,-3.5,493.57
2007-12-01,9.17,108.84,3.96,-3.72,474.38
2007-12-02,84.77,90.85,4.59,-1.24,555.57
2007-12-03,96.38,126.25,12.07,0.57,693.68
2007-12-04,46.26,73.77,12.98,8.39,1008.97
2007-12-05,13.59,100.22,12.53,3.65,872.78
2007-12-06,3.98,74.37,10.25,2.47,750.49
2007-12-07,1.78,68.68,6.78,1.61,684.46
2007-12-08,0.59,114.62,5.39,-3.78,513.34
2007-12-09,1.35,111.94,4.81,-4.2,459.88
2007-12-10,0.88,85.95,3.6,-2.15,506.72
2007-12-11,0.8,85.43,3.49,-1.95,525.56
2007-12-12,0.81,107.38,5.25,-2.98,509.07
2007-12-13,2.99,89.7,4.98,-1.74,540.89
2007-12-14,9.43,76.92,5.34,0.56,624.04
2007-12-15,13.84,71.97,5.79,1.32,674.43
2007-12-16,17.71,64.6,6.7,2.75,727.52
2007-12-17,20.1,62.01,6.5,1.44,688.28
2007-12-18,27.6,98.69,6.7,-0.26,635.01
2007-12-19,21.84,73.87,6.67,1.92,681.48
2007-12-20,11.48,109.39,7.16,-1.5,592.78
2007-12-21,11.4,109.89,6.76,-3.23,513.21
2007-12-22,16.09,91.91,5.13,-0.88,562.76
2007-12-23,28.62,110.44,6.48,-1.69,566.25
2007-12-24,16.07,104.36,6.69,-0.57,590.9
2007-12-25,8.37,103.2,6.26,-2.36,539.06
2007-12-26,9.95,79.47,4.28,-1.75,530.15
2007-12-27,11.0,100.33,3.85,-2.59,516.76
2007-12-28,17.15,71.28,4.02,-1.04,548.94
2007-12-29,15.94,100.87,4.05,-2.41,527.96
2007-12-30,10.59,85.91,3.93,-1.3,544.96
2007-12-31,7.47,108.35,4.24,-2.94,512.35
2008-01-01,6.39,102.37,4.66,-1.71,545.19
2008-01-02,12.46,84.65,5.92,1.28,653.47
2008-01-03,19.24,74.58,6.37,2.42,724.5
2008-01-04,15.87,64.09,7.52,4.14,794.62
2008-01-05,12.57,101.55,8.01,1.72,721.81
2008-01-06,13.35,98.45,7.56,-1.4,583.66
2008-01-07,11.68,94.31,3.88,-2.5,517.54
2008-01-08,18.6,91.97,3.31,-1.57,538.49
2008-01-09,23.66,92.95,3.75,-1.14,563.33
2008-01-10,23.57,110.64,5.89,-0.63,604.18
2008-01-11,17.54,91.73,7.51,2.77,726.97
2008-01-12,9.01,105.28,8.42,2.59,748.75
2008-01-13,10.55,120.93,8.81,1.29,704.16
2008-01-14,7.72,122.1,8.18,0.47,654.4
2008-01-15,4.82,134.26,7.11,-2.37,549.88
2008-01-16,1.73,145.89,6.0,-4.32,466.79
2008-01-17,0.53,136.91,4.65,-4.02,462.11
2008-01-18,0.6,141.7,4.23,-3.02,494.84
2008-01-19,0.89,101.08,4.29,-0.68,570.04
2008-01-20,0.53,120.57,5.42,-0.45,588.86
2008-01-21,0.09,183.08,4.68,-3.6,491.94
2008-01-22,0.0,198.48,4.33,-5.43,419.3
2008-01-23,0.0,210.29,4.54,-8.04,356.33
2008-01-24,0.0,209.98,5.2,-6.77,369.45
2008-01-25,2.39,203.61,5.13,-7.9,353.08
2008-01-26,2.49,201.55,4.1,-7.41,361.17
2008-01-27,8.96,144.34,3.11,-3.63,437.44
2008-01-28,13.21,176.78,2.81,-4.02,455.57
2008-01-29,22.32,159.6,2.83,-2.98,486.22
2008-01-30,14.86,143.46,3.5,-1.7,534.26
2008-01-31,18.14,112.8,3.93,-0.37,583.39
2008-02-01,16.08,116.76,4.03,-0.74,581.53
2008-02-02,5.55,125.27,3.92,-1.36,558.04
2008-02-03,5.04,125.88,3.59,-1.75,534.37
2008-02-04,11.47,164.5,3.93,-4.09,479.21
2008-02-05,28.29,144.14,5.16,-0.88,560.44
2008-02-06,24.25,145.13,5.16,-1.01,579.3
2008-02-07,26.67,148.79,5.51,-0.73,598.59
2008-02-08,21.94,136.27,7.61,2.16,707.29
2008-02-09,11.66,118.33,8.5,3.6,785.55
2008-02-10,6.54,113.41,8.49,3.89,803.01
2008-02-11,4.5,136.62,7.97,2.79,764.72
2008-02-12,2.47,148.84,7.95,2.19,721.79
2008-02-13,0.87,200.59,8.73,-1.83,590.91
2008-02-14,0.65,198.37,8.26,-2.3,543.51
2008-02-15,0.6,190.51,6.69,-1.76,561.16
2008-02-16,0.57,169.78,7.74,1.35,652.26
2008-02-17,0.2,284.83,8.94,-3.29,539.51
2008-02-18,0.34,227.27,10.83,-3.27,524.72
2008-02-19,0.49,222.01,11.51,-1.14,597.94
2008-02-20,0.54,217.93,11.07,0.01,637.88
2008-02-21,0.81,228.48,10.39,-2.68,561.29
2008-02-22,1.71,234.21,11.44,-2.14,568.39
2008-02-23,1.15,227.58,10.97,-0.34,634.32
2008-02-24,0.97,221.73,11.55,1.65,716.16
2008-02-25,1.01,230.0,12.62,1.68,728.5
2008-02-26,1.9,233.08,12.02,0.22,678.7
2008-02-27,1.57,243.77,11.93,1.09,709.73
2008-02-28,0.78,220.97,12.58,3.56,808.58
2008-02-29,5.27,219.09,12.18,3.86,773.3
2008-03-01,9.75,215.36,11.46,2.16,738.02
2008-03-02,6.54,253.52,10.11,-2.93,574.55
2008-03-03,4.27,210.72,9.58,1.46,670.57
2008-03-04,2.35,225.38,9.13,0.45,651.87
2008-03-05,1.16,259.66,9.51,-2.77,548.85
2008-03-06,1.92,268.09,11.09,-2.61,551.57
2008-03-07,1.48,252.07,11.27,0.17,658.19
2008-03-08,2.57,175.09,10.85,4.44,806.05
2008-03-09,4.84,246.76,11.53,1.08,733.89
2008-03-10,6.61,217.95,11.91,4.18,824.42
2008-03-11,7.87,201.04,11.38,4.14,819.92
2008-03-12,9.35,246.23,10.29,-0.32,664.87
2008-03-13,9.91,228.27,9.44,1.61,697.56
2008-03-14,7.24,147.88,9.1,2.48,729.06
2008-03-15,8.88,149.98,7.4,3.05,754.86
2008-03-16,7.92,202.35,8.56,2.11,731.55
2008-03-17,4.54,197.56,8.27,2.11,716.16
2008-03-18,5.6,243.61,8.74,0.68,665.73
2008-03-19,8.2,279.1,9.48,-0.86,613.71
2008-03-20,11.7,246.63,9.03,0.25,625.07
2008-03-21,14.27,257.38,7.25,-1.3,574.38
2008-03-22,11.19,298.97,8.95,-2.8,543.2
2008-03-23,12.65,292.78,11.45,1.02,651.82
2008-03-24,14.05,294.77,10.78,-2.26,556.42
2008-03-25,10.71,308.97,8.08,-3.13,512.04
2008-03-26,14.52,239.47,7.62,-1.31,544.16
2008-03-27,9.82,268.74,5.46,-2.38,527.52
2008-03-28,5.74,263.57,5.96,-1.21,555.26
2008-03-29,7.38,253.78,5.56,-1.77,539.39
2008-03-30,3.74,295.4,6.42,-2.45,520.61
2008-03-31,0.66,337.73,8.09,-2.81,507.67
2008-04-01,0.08,436.28,8.07,-4.21,475.35
2008-04-02,1.11,342.6,9.45,-2.1,542.26
2008-04-03,2.43,332.26,10.99,-0.85,605.62
2008-04-04,5.82,335.85,12.59,0.41,651.32
2008-04-05,8.13,302.76,11.86,-0.69,615.44
2008-04-06,5.95,245.61,7.65,1.67,687.39
2008-04-07,6.57,234.5,8.46,2.77,743.03
2008-04-08,3.35,254.26,9.14,2.81,729.6
2008-04-09,1.17,335.08,9.51,-1.71,604.85
2008-04-10,0.68,302.32,10.45,2.37,703.52
2008-04-11,0.26,381.0,13.42,-0.65,653.5
2008-04-12,0.07,414.96,19.47,2.12,775.93
2008-04-13,1.37,363.15,22.56,4.74,886.83
2008-04-14,2.43,341.39,21.07,0.77,710.04
2008-04-15,1.08,289.88,11.2,1.43,689.47
2008-04-16,0.15,320.02,10.61,1.91,717.06
2008-04-17,1.64,300.17,11.4,3.17,760.67
2008-04-18,6.49,322.66,11.6,1.78,699.66
2008-04-19,5.21,322.9,11.29,-2.19,559.21
2008-04-20,6.7,275.07,7.16,0.03,596.41
2008-04-21,8.08,317.15,7.6,-1.29,577.53
2008-04-22,6.43,319.49,8.99,0.19,636.38
2008-04-23,3.9,273.75,9.84,3.02,747.36
2008-04-24,3.3,249.2,9.71,3.72,769.72
2008-04-25,1.39,353.37,11.38,-0.91,621.13
2008-04-26,4.99,383.54,14.16,-2.01,593.85
2008-04-27,6.09,381.32,17.89,1.92,759.35
2008-04-28,6.39,290.12,17.7,6.74,936.9
2008-04-29,4.18,326.87,13.83,3.42,806.31
2008-04-30,1.17,351.31,12.91,0.07,655.08
2008-05-01,0.49,360.26,11.39,0.19,650.24
2008-05-02,0.32,378.05,13.67,2.43,758.02
2008-05-03,0.2,321.43,15.06,6.32,909.6
2008-05-04,0.14,359.64,14.95,1.79,766.9
2008-05-05,0.04,468.34,16.13,4.61,842.82
2008-05-06,0.0,455.18,15.83,5.9,905.06
2008-05-07,0.07,236.85,14.95,6.06,899.08
2008-05-08,0.32,302.36,11.94,3.61,769.59
2008-05-09,0.7,380.36,12.67,-1.27,625.01
2008-05-10,1.03,356.45,13.97,3.73,769.14
2008-05-11,0.83,318.09,13.32,3.81,769.2
2008-05-12,7.41,372.48,12.73,0.59,691.84
2008-05-13,6.6,311.67,12.74,5.35,867.76
2008-05-14,2.35,262.39,13.72,7.8,1003.71
2008-05-15,0.43,445.85,18.14,7.62,1021.34
2008-05-16,0.0,513.47,24.81,8.39,1118.46
2008-05-17,0.0,520.76,29.25,9.9,1250.42
2008-05-18,1.89,401.35,28.38,10.7,1297.12
2008-05-19,1.69,368.46,26.11,8.64,1146.07
2008-05-20,1.9,362.13,20.57,8.88,1112.56
2008-05-21,1.4,243.45,19.58,7.24,989.41
2008-05-22,0.72,287.13,12.25,5.52,879.26
2008-05-23,0.88,284.19,11.63,4.34,827.12
2008-05-24,0.36,440.3,18.73,4.92,905.69
2008-05-25,0.58,384.85,22.29,9.61,1135.21
2008-05-26,0.55,355.08,21.23,7.76,1044.16
2008-05-27,0.18,348.71,16.35,8.32,1055.47
2008-05-28,0.02,387.05,16.51,9.08,1067.29
2008-05-29,0.0,352.46,15.84,7.01,959.99
2008-05-30,0.0,371.05,13.33,6.33,890.71
2008-05-31,0.0,492.73,15.68,3.89,822.28
2008-06-01,5.44,377.6,17.47,7.38,979.94
2008-06-02,5.39,269.0,16.83,7.63,1009.14
2008-06-03,2.91,264.29,14.15,8.05,1009.39
2008-06-04,9.56,303.56,13.67,5.59,886.06
2008-06-05,9.96,339.51,12.89,4.2,838.71
2008-06-06,6.95,211.9,12.74,7.5,974.11
2008-06-07,5.16,255.18,13.27,7.25,979.04
2008-06-08,7.43,277.27,13.14,6.33,934.9
2008-06-09,5.35,251.11,12.53,7.02,951.96
2008-06-10,4.67,247.31,12.12,5.94,911.57
2008-06-11,1.79,279.35,12.41,6.68,911.56
2008-06-12,0.03,442.37,14.36,4.07,843.1
2008-06-13,0.0,430.77,16.87,9.34,1019.55
2008-06-14,0.0,499.46,16.62,4.17,815.26
2008-06-15,0.0,523.85,15.93,4.17,782.55
2008-06-16,0.16,466.07,16.82,4.24,814.53
2008-06-17,0.21,384.59,16.38,6.3,912.61
2008-06-18,0.12,342.42,15.99,7.4,944.87
2008-06-19,0.03,467.39,15.15,5.65,869.38
2008-06-20,0.0,519.95,20.07,7.7,963.82
2008-06-21,0.01,517.84,22.42,9.02,1042.45
2008-06-22,0.0,513.27,22.03,8.76,981.02
2008-06-23,0.0,541.04,19.92,3.61,766.6
2008-06-24,0.0,539.22,18.19,5.1,792.83
2008-06-25,0.0,530.46,19.17,6.74,858.1
2008-06-26,0.0,519.45,19.05,7.13,871.45
2008-06-27,0.0,533.11,20.64,5.94,863.14
2008-06-28,0.0,537.14,27.2,9.9,1067.36
2008-06-29,0.0,535.23,31.06,11.64,1201.29
2008-06-30,0.0,520.42,30.68,11.72,1186.81
2008-07-01,0.15,396.26,25.44,10.85,1170.74
2008-07-02,0.23,377.94,22.78,9.99,1131.88
2008-07-03,1.71,367.33,22.48,10.9,1174.53
2008-07-04,2.76,325.54,22.03,11.41,1222.72
2008-07-05,2.3,269.27,19.81,13.0,1284.38
2008-07-06,0.85,345.04,19.19,9.35,1045.76
2008-07-07,0.09,478.77,19.58,7.67,898.26
2008-07-08,0.0,529.18,24.16,7.6,929.99
2008-07-09,0.0,509.72,25.95,12.24,1116.05
2008-07-10,0.0,527.24,24.81,7.96,919.18
2008-07-11,0.0,538.13,23.22,4.9,780.2
2008-07-12,0.0,542.64,26.53,6.16,857.87
2008-07-13,0.0,528.21,27.92,10.48,1036.19
2008-07-14,0.0,521.48,26.77,8.83,974.81
2008-07-15,0.0,519.07,25.0,8.82,957.56
2008-07-16,0.0,524.59,25.3,8.39,958.93
2008-07-17,0.0,414.91,24.35,10.32,1019.54
2008-07-18,0.0,442.37,18.41,6.87,869.61
2008-07-19,0.0,417.47,17.86,8.56,897.19
2008-07-20,0.0,498.2,21.14,6.44,800.11
2008-07-21,0.0,523.75,22.79,6.21,772.45
2008-07-22,0.0,511.68,21.82,6.87,828.43
2008-07-23,0.0,313.24,20.76,11.03,1024.0
2008-07-24,0.34,366.14,20.1,5.36,841.71
2008-07-25,0.48,358.72,22.42,9.85,985.3
2008-07-26,0.63,345.01,21.55,8.58,973.16
2008-07-27,0.55,267.65,19.52,11.57,1088.73
2008-07-28,3.3,352.3,21.27,7.71,903.53
2008-07-29,3.14,362.67,21.81,9.0,937.7
2008-07-30,6.73,263.23,20.98,9.48,969.2
2008-07-31,4.58,346.28,18.46,6.0,865.87
2008-08-01,3.38,247.24,18.18,11.24,1095.14
2008-08-02,1.29,347.77,16.98,9.21,951.5
2008-08-03,0.0,445.19,18.58,7.52,843.5
2008-08-04,0.0,479.79,22.58,8.96,887.95
2008-08-05,0.0,511.33,27.31,8.53,913.47
2008-08-06,0.0,507.74,29.47,11.02,1054.09
2008-08-07,0.34,325.9,28.95,12.78,1218.25
2008-08-08,3.14,309.49,22.24,11.06,1148.52
2008-08-09,3.89,245.11,20.99,11.05,1143.44
2008-08-10,3.24,260.41,17.77,10.2,1124.63
2008-08-11,1.29,233.75,19.65,13.34,1267.95
2008-08-12,0.15,353.31,20.98,10.96,1099.62
2008-08-13,0.01,419.5,22.17,11.96,1074.69
2008-08-14,0.0,482.38,27.14,11.28,1053.02
2008-08-15,0.0,491.87,29.58,11.88,1104.58
2008-08-16,0.52,376.85,29.33,12.41,1225.5
2008-08-17,0.39,346.79,28.54,13.56,1306.47
2008-08-18,14.49,225.5,27.28,13.52,1348.39
2008-08-19,18.01,225.01,19.78,12.74,1317.0
2008-08-20,15.11,201.1,18.95,12.77,1326.95
2008-08-21,7.83,228.81,18.22,11.74,1242.06
2008-08-22,1.53,350.25,20.54,8.8,1073.89
2008-08-23,9.52,333.11,22.36,10.75,1166.99
2008-08-24,9.48,326.55,23.0,10.82,1216.71
2008-08-25,13.25,240.31,22.02,11.9,1248.42
2008-08-26,7.97,308.85,17.93,7.16,1027.75
2008-08-27,5.15,287.11,18.2,9.64,1126.92
2008-08-28,3.4,234.3,18.01,11.57,1279.56
2008-08-29,0.87,187.04,17.93,13.03,1361.31
2008-08-30,0.27,291.27,18.14,8.32,1074.8
2008-08-31,0.22,326.29,17.74,4.87,875.03
2008-09-01,0.07,369.63,16.63,6.58,899.76
2008-09-02,0.02,365.0,19.48,6.74,931.86
2008-09-03,0.01,426.54,19.47,6.83,922.49
2008-09-04,0.0,420.94,19.72,8.32,971.89
2008-09-05,0.0,434.06,20.4,7.11,953.99
2008-09-06,0.0,396.51,20.75,10.6,1090.65
2008-09-07,0.0,421.18,21.25,8.12,990.75
2008-09-08,0.0,440.98,25.12,7.21,969.12
2008-09-09,0.0,422.67,24.66,10.4,1068.53
2008-09-10,0.0,435.45,23.51,4.72,845.56
2008-09-11,0.0,433.04,22.95,5.93,865.04
2008-09-12,0.0,419.03,23.41,7.87,955.87
2008-09-13,0.0,388.61,22.66,8.04,957.85
2008-09-14,0.0,419.98,22.56,5.7,874.76
2008-09-15,0.0,422.53,25.22,5.71,878.11
2008-09-16,0.0,418.51,25.76,6.56,933.34
2008-09-17,0.0,400.07,25.58,9.13,1056.68
2008-09-18,0.0,253.73,24.43,9.89,1120.35
2008-09-19,0.0,211.18,16.7,10.72,1173.08
2008-09-20,0.14,182.13,16.34,10.1,1165.14
2008-09-21,0.12,200.21,16.28,9.61,1111.62
2008-09-22,0.14,265.44,16.78,6.46,930.46
2008-09-23,5.44,288.09,16.93,2.15,754.53
2008-09-24,7.7,256.07,16.34,4.76,837.09
2008-09-25,5.19,153.03,14.92,8.5,1034.36
2008-09-26,1.96,164.09,15.46,9.49,1106.72
2008-09-27,0.31,324.68,18.4,6.75,958.11
2008-09-28,0.0,355.51,18.53,4.53,841.89
2008-09-29,0.0,369.89,22.71,4.57,873.23
2008-09-30,0.64,271.63,24.91,8.23,1078.69
2008-10-01,4.54,227.17,24.12,8.69,1113.69
2008-10-02,20.53,221.69,19.58,9.37,1163.39
2008-10-03,20.87,150.41,19.16,10.92,1253.06
2008-10-04,21.23,80.14,16.41,10.83,1222.76
2008-10-05,15.13,177.38,13.32,5.3,960.1
2008-10-06,7.85,130.38,12.91,7.83,1010.83
2008-10-07,5.49,180.93,13.97,6.33,948.88
2008-10-08,1.86,250.73,13.97,2.0,764.15
2008-10-09,0.52,212.61,13.37,2.09,712.18
2008-10-10,0.83,232.76,11.24,-0.94,611.97
2008-10-11,2.49,240.71,12.16,-1.44,590.74
2008-10-12,3.34,224.19,12.22,0.95,691.37
2008-10-13,2.6,164.39,12.91,6.2,890.66
2008-10-14,4.34,214.35,13.23,2.28,765.37
2008-10-15,4.87,224.09,12.56,-0.66,645.47
2008-10-16,4.66,192.22,11.19,2.68,760.06
2008-10-17,2.38,157.25,13.86,7.45,973.55
2008-10-18,1.77,205.2,15.22,4.2,875.52
2008-10-19,2.87,207.98,14.57,1.05,732.89
2008-10-20,2.43,173.86,12.49,4.49,816.91
2008-10-21,2.07,208.5,13.14,0.53,704.37
2008-10-22,0.73,241.32,13.67,0.01,657.23
2008-10-23,0.18,211.16,15.1,0.53,682.3
2008-10-24,0.12,207.01,14.53,1.75,721.6
2008-10-25,0.07,172.14,11.8,3.79,798.22
2008-10-26,0.03,236.77,13.47,3.15,794.78
2008-10-27,0.0,262.06,16.73,1.9,764.63
2008-10-28,0.0,251.88,16.69,3.37,824.31
2008-10-29,2.79,151.81,16.23,6.02,928.98
2008-10-30,4.97,159.38,13.81,4.81,907.86
2008-10-31,8.77,115.16,13.42,7.11,1000.72
2008-11-01,8.67,84.92,13.35,9.41,1129.35
2008-11-02,13.87,107.87,13.19,7.58,1060.41
2008-11-03,10.94,101.57,12.71,6.6,977.49
2008-11-04,16.53,93.37,11.1,4.78,861.17
2008-11-05,50.98,149.06,9.01,0.19,690.97
2008-11-06,47.36,125.64,10.09,3.28,793.94
2008-11-07,42.72,78.04,12.99,9.13,1098.99
2008-11-08,27.06,66.73,13.56,10.23,1206.85
2008-11-09,17.69,105.41,13.14,7.36,1073.68
2008-11-10,43.15,88.87,12.51,7.04,1010.44
2008-11-11,39.54,103.7,11.52,6.07,973.19
2008-11-12,31.75,98.87,13.19,7.99,1046.58
2008-11-13,12.43,119.0,12.51,4.84,908.78
2008-11-14,0.89,175.51,10.74,1.85,756.09
2008-11-15,0.0,181.14,11.64,2.71,767.53
2008-11-16,0.24,138.14,12.28,2.72,782.32
2008-11-17,0.28,133.67,11.64,2.71,787.9
2008-11-18,0.87,118.9,11.9,4.5,844.75
2008-11-19,3.56,130.62,11.06,1.7,748.58
2008-11-20,7.78,107.95,9.68,1.52,702.42
2008-11-21,5.54,113.04,8.03,1.28,686.95
2008-11-22,3.21,120.91,7.87,0.37,654.4
2008-11-23,1.24,128.94,8.53,-0.29,625.12
2008-11-24,0.17,159.31,8.92,-2.01,570.52
2008-11-25,1.13,121.58,8.07,-1.34,573.43
2008-11-26,1.61,126.52,8.45,-0.58,603.68
2008-11-27,8.26,127.31,8.0,-1.38,596.96
2008-11-28,7.52,95.45,7.93,2.27,726.49
2008-11-29,4.55,59.49,10.04,6.84,947.5
2008-11-30,7.19,69.77,12.34,8.37,1061.38
2008-12-01,4.82,100.91,11.72,4.6,919.53
2008-12-02,4.38,76.06,10.99,6.49,940.58
2008-12-03,1.82,117.66,10.41,3.06,809.15
2008-12-04,0.05,157.55,9.78,-0.82,640.18
2008-12-05,4.34,116.01,8.47,-0.48,613.31
2008-12-06,5.62,121.22,9.21,-1.68,590.89
2008-12-07,4.87,109.58,9.78,1.37,677.82
2008-12-08,4.21,104.79,9.29,1.03,689.12
2008-12-09,2.5,82.81,8.41,1.73,706.97
2008-12-10,1.73,50.62,7.41,4.35,795.39
2008-12-11,9.79,86.57,8.15,2.25,753.81
2008-12-12,10.51,71.84,7.95,2.91,749.08
2008-12-13,9.63,71.38,7.2,1.64,695.08
2008-12-14,4.69,90.55,5.75,-2.23,548.5
2008-12-15,2.44,64.57,3.39,-4.53,429.78
2008-12-16,4.43,164.62,0.18,-9.9,312.39
2008-12-17,5.27,161.36,2.34,-6.72,356.3
2008-12-18,4.41,142.72,2.82,-3.85,430.54
2008-12-19,7.79,138.13,2.13,-7.15,361.54
2008-12-20,8.72,131.43,-1.91,-8.11,319.06
2008-12-21,9.37,137.73,-1.27,-6.28,357.45
2008-12-22,11.05,127.64,-0.05,-4.22,422.84
2008-12-23,10.58,101.37,0.28,-2.21,485.52
2008-12-24,7.72,108.22,0.84,-2.03,506.54
2008-12-25,21.04,111.91,1.03,-2.09,508.28
2008-12-26,22.87,117.95,1.55,-1.88,520.08
2008-12-27,20.42,126.89,3.54,-0.78,567.02
2008-12-28,12.39,138.03,5.81,0.17,615.24
2008-12-29,11.55,136.07,5.72,-0.42,602.38
2008-12-30,21.21,136.85,4.76,-1.42,566.42
2008-12-31,15.72,130.89,5.29,-0.33,594.05
